1.101137302886939784e-01,1.629781224863790789e-01,2.019007062306913403e-01,1.985239063631498990e-01,1.696801222168934919e-01,1.568034124141922114e-01
4.985378570015528560e-02,3.799324458139272803e-02,1.677277843159446225e-01,3.812822834776100067e-01,9.026637411323794324e-02,2.728765278116593307e-01
7.828909747043034939e-02,6.866741896974228043e-02,2.610070965490544626e-01,7.803532669035172231e-02,2.244889316947248636e-01,2.895121286256963633e-01
1.529999999999999971e-01,2.189999999999999933e-02,3.332999999999999852e-01,0.000000000000000000e+00,1.529999999999999971e-01,3.387999999999999901e-01
1.892066309733283005e-02,9.316656529449953913e-03,1.233065720285356215e-01,5.225664132044921528e-01,8.923658906474474239e-02,2.366531060754446247e-01
8.293491663257493429e-02,9.541949350390396822e-02,3.856532089799344365e-02,4.214879653322978759e-01,1.141915310981949649e-01,2.474007725350348963e-01
1.423441786020092081e-01,6.953784626325984486e-02,2.735110984512079124e-01,1.576722396536335558e-01,2.256188837440845085e-01,1.313157532858049981e-01
4.572018394099712675e-03,1.063650265043274666e-02,6.037425545623979067e-02,6.648819261297745919e-01,2.390584816484552302e-02,2.356294492046077105e-01
1.039022945014813626e-01,1.420481349909800128e-01,2.331085413680613339e-01,6.470017968139225861e-02,2.618269888102700005e-01,1.944138606478150455e-01
9.100076633746413679e-02,5.205239457663313196e-02,1.455542016525746829e-01,2.898183600605010457e-01,1.397835888398032966e-01,2.817906885330238587e-01
4.097873463089939106e-02,1.746753124128505238e-02,1.659518504810148232e-01,5.327259224629969925e-01,4.303206416638861997e-02,1.998438970174151452e-01
3.937935983196857309e-03,4.497596803264299233e-03,4.630130420513910161e-02,3.094711716759107056e-01,1.169118505483462550e-01,5.188801407841426849e-01
1.222737076923542804e-01,1.400176525692635177e-01,1.250087634187090069e-01,3.317429028221199894e-02,2.894104198136085992e-01,2.901151662238526940e-01
9.454368638387783408e-02,5.160932746125758419e-02,1.809957904454752853e-01,1.731505674770905112e-01,2.960936408194920766e-01,2.036069874128066670e-01
1.157051626451331972e-01,7.109819369478173612e-02,2.402973333422657176e-01,2.413398465027056239e-01,2.416093986248463998e-01,8.995006519026718661e-02
3.693888187009877755e-02,3.031367536928102069e-02,2.683803804006070631e-02,5.882391310602232970e-01,1.950271265631247919e-01,1.226431470972114413e-01
2.337176245374933750e-02,1.082872612465892240e-02,9.114415920227429690e-03,4.821783168330975866e-01,1.237017671681023695e-01,3.508050115001642433e-01
2.474020539895877349e-02,6.544302506263571968e-03,1.597841390744884627e-01,4.562616418634412030e-01,2.138197332753561941e-01,1.388499778814917818e-01
1.529999999999999971e-01,2.189999999999999933e-02,3.332999999999999852e-01,0.000000000000000000e+00,1.529999999999999971e-01,3.387999999999999901e-01
8.110930654675241325e-02,9.880578705979300991e-02,2.523614909070772683e-01,1.670314399158832341e-01,2.764510142852641961e-01,1.242409612852300727e-01
2.059616179037806472e-01,1.974245447888794136e-01,2.249802832303022804e-01,5.066813367087004416e-02,2.684727515567777445e-01,5.249266884938966898e-02
4.064381533301033439e-02,8.901396822901264105e-02,2.159121270084099486e-01,2.906339412982653636e-01,6.844198702216447439e-02,2.953541611091373142e-01
8.810498911708695979e-02,2.085466435362523518e-02,5.051636105633310753e-02,4.263737305321926296e-01,1.679358420610835845e-01,2.462144128796786569e-01
1.102781265912138875e-01,7.187292703883833844e-02,2.332523884877245879e-01,1.407557767157113504e-01,3.226585549430018851e-01,1.211822262235099784e-01
7.095761288976379366e-02,4.699414244266242324e-02,2.335467676713971208e-01,1.581081241023956641e-01,2.324502385103095203e-01,2.579431143834714502e-01
1.008528559295304022e-01,5.058984243644644441e-02,2.276918171576993444e-01,1.331690619820184440e-01,2.874756939194932914e-01,2.002207285748121568e-01
1.263790298454660621e-01,6.981173184403947907e-02,2.394115174747007968e-01,1.529848634327233003e-01,2.465551598128392086e-01,1.648576975902312225e-01
5.119757540270634261e-02,4.814940460009353024e-02,1.569705079809748105e-02,4.900330123012660022e-01,5.369545226941211530e-02,3.412275046284246605e-01
9.517667671976227928e-02,4.763467466754448681e-02,1.988815218144723840e-01,6.913717273428957033e-02,5.522777995273933094e-01,3.689215453653817145e-02
7.331918739415933806e-02,3.776699855275874457e-02,2.533355356159928684e-01,1.674279592078220871e-02,4.787446811534061819e-01,1.400908013629005855e-01
5.515665111957020195e-02,5.443252739590146577e-02,2.789464641066942072e-02,4.314322071797918046e-01,1.239161612923701111e-01,3.071678066016970132e-01
1.560732918709373807e-01,1.150398394106323663e-01,2.553803426898016427e-01,7.537676511826135739e-02,3.431424019885609966e-01,5.498735892180622170e-02
5.686775667420152641e-02,1.952315535054106183e-02,1.324517242893401003e-01,2.999103991934047864e-01,3.190861019426189382e-01,1.721608625498935174e-01
8.445231669152883369e-02,7.938087517427587503e-02,3.074911749434976194e-02,4.139691915954160084e-01,1.019480317232306366e-01,2.895004673211988289e-01
1.492501333738103508e-01,6.689608407232797149e-02,2.419221273448778631e-01,2.440043128396472347e-02,4.391274544715867978e-01,7.840376945343240089e-02
5.158497565143586178e-02,7.675247900525386524e-03,2.083281572999747672e-02,3.942279504224896480e-01,1.019923576093076378e-01,4.236866526862440030e-01
9.078369582393547299e-02,7.184515374194370974e-02,3.763187966341256102e-02,4.075671592863970849e-01,2.209686752169853774e-01,1.712034362673257315e-01
7.875812002146133362e-02,5.963939611939492874e-02,8.685149589107007961e-02,4.023716853943746785e-01,2.050757014702471182e-01,1.673036011034519654e-01
1.045016439220226023e-01,5.102200959838171235e-02,2.739887718315193732e-01,1.360962539490804535e-01,3.217342347830097204e-01,1.126570859159861521e-01
4.529594112784010584e-02,9.551696144914438580e-02,2.799865868459822105e-01,1.216177269005605244e-01,1.314821596728036612e-01,3.261006240036691262e-01
6.002168812137714804e-02,9.808726714696498761e-02,1.251616108319217324e-01,4.011565606495390290e-01,1.773205685734495218e-01,1.382523046767476227e-01
7.541942076681072693e-02,1.921045767509424115e-02,2.604799675133375181e-01,1.467486486705042170e-01,2.954345387195899675e-01,2.027069666546632287e-01
8.040008544765472887e-02,4.449155120140693698e-02,2.247246021139152616e-01,2.348336676026832603e-01,1.719061682592470108e-01,2.436439253750928846e-01
8.667251176280152403e-02,8.453952432915314008e-02,1.083553403655244385e-01,3.035972624051285207e-01,2.374028919447388752e-01,1.794324691926536264e-01
4.639982456128141641e-02,6.764557544911518894e-02,4.245899648566880263e-02,5.140857655780409763e-01,1.013941284133416804e-01,2.280157095125518729e-01
8.336974889639833797e-02,3.363644894146801401e-02,3.002219346094462393e-01,2.739550233083263842e-01,1.487332190147444277e-01,1.600836252296165552e-01
2.482019024438342214e-02,8.268339659650958406e-03,2.160518533400963836e-02,4.330931134877160638e-01,1.356130507373647653e-01,3.766001205368750271e-01
1.891402830335723109e-02,1.811728353170634701e-02,4.589684321151261265e-02,5.461374476559193170e-01,2.006784846921724208e-01,1.702559126053320993e-01
4.959247078472987097e-02,5.839608547166431213e-02,4.560683218951242651e-02,4.247911817720873562e-01,9.271736493976694138e-02,3.288960648422390998e-01
1.805922631483349375e-02,7.852616295648297273e-02,1.977921447484511444e-02,2.533638842955544535e-01,1.456684343803120452e-01,4.846030775779721078e-01
1.529999999999999971e-01,2.189999999999999933e-02,3.332999999999999852e-01,0.000000000000000000e+00,1.529999999999999971e-01,3.387999999999999901e-01
1.529999999999999971e-01,2.189999999999999933e-02,3.332999999999999852e-01,0.000000000000000000e+00,1.529999999999999971e-01,3.387999999999999901e-01
1.271339030435265638e-01,3.895307149748634956e-02,3.256759317812104593e-01,2.562237214161940391e-01,1.357924589237997359e-01,1.162209133377828246e-01
1.884974212221427478e-03,5.532873946664335248e-03,8.783437390329632000e-02,5.815855986830970048e-01,1.004189499388465495e-01,2.227432293158742027e-01
6.137625107909400191e-02,6.043663205334973837e-02,1.359447343446080203e-01,3.413208643264419861e-01,1.410089777172055803e-01,2.599125404793005689e-01
8.431202565133429083e-02,7.149178907314188147e-02,2.241165100526397447e-01,2.689596508978055467e-01,2.746656601191337921e-01,7.645436420594475813e-02
9.564915776207733034e-02,4.265309452273169377e-02,3.246363938072826527e-01,1.392172198218365187e-01,2.371424028200022627e-01,1.607017312660695973e-01
9.548855295969421730e-02,1.073471035242296590e-01,2.217143560641167410e-01,2.810578047337083940e-01,1.257474376180901243e-01,1.686447451001608921e-01
8.431660071369188880e-02,6.782188330075342164e-02,1.544312131033474256e-01,2.325222134693017695e-01,2.428094468278785834e-01,2.180986425850270083e-01
2.125362418746322979e-01,1.138315989053158145e-01,8.614294144610244730e-02,1.724499859193508733e-01,2.196659298165748175e-01,1.953733020380238328e-01
1.557985444502468231e-01,6.998325167952473835e-02,8.694019049233786545e-02,3.994302350567659476e-01,6.990905187916397756e-02,2.179387264419605785e-01
4.345142920797526176e-02,2.807090042806101998e-02,2.626594136586126935e-02,4.831188959215240719e-01,1.338058608333378974e-01,2.852869722432403998e-01
3.691681956372154516e-02,5.453174683943678297e-02,2.593342059810228584e-01,1.216856638758568171e-01,2.596262128929844315e-01,2.679053508469776967e-01
8.296927038270218713e-02,8.562070146736358578e-02,1.742158677987163118e-01,3.138603286952106330e-01,1.529632104675169579e-01,1.903706211884903243e-01
2.392030105385783631e-02,6.960018741369902728e-02,1.373421162655200367e-01,3.259865802986860461e-01,1.602586467947884064e-01,2.828921681734487548e-01
8.459315016556662181e-02,1.093040035469947796e-01,1.235736055584727155e-01,1.478489506248389374e-01,1.474502608347518229e-01,3.872300292693750534e-01
8.878854773940653144e-02,1.081649494941459705e-01,9.203915292322717434e-02,2.853421983562161590e-01,2.118738806485419568e-01,2.137912708384621108e-01
1.241808584308471131e-01,7.154236062470581414e-02,1.999508819917191760e-01,2.025945084784070149e-01,2.590038050581136564e-01,1.427275854162070867e-01
1.118387060195612098e-01,5.490200802589071533e-02,2.533774523454671024e-01,2.096916853804225711e-01,2.316834204647665874e-01,1.385067277638917238e-01
1.942000531694317023e-02,0.000000000000000000e+00,9.651611329634186831e-02,3.987527596031345545e-01,1.164688817559603184e-01,3.688422400276200053e-01
1.529999999999999971e-01,2.189999999999999933e-02,3.332999999999999852e-01,0.000000000000000000e+00,1.529999999999999971e-01,3.387999999999999901e-01
1.078183100953864076e-01,6.753330337926881366e-02,1.853516964771774467e-01,2.209611215444039212e-01,1.785588139503803407e-01,2.397767545533830147e-01
9.420662867165190135e-02,1.639810879968408436e-02,2.775565819915505328e-01,1.737751399225061777e-01,2.903735883170270315e-01,1.476899522975803347e-01
7.517299315056845399e-02,6.955043358233209405e-02,3.609159488776845365e-02,4.384452083027719493e-01,1.041035927167898306e-01,2.766361773597691420e-01
8.484918658888418452e-02,8.563910080742576092e-02,2.355770299719967820e-01,2.437186533714916226e-01,2.061705082564672387e-01,1.440455210037342448e-01
2.121852455233201942e-02,6.265999183792371474e-02,9.304473249676285806e-02,4.599948964445137456e-01,9.584474005631407612e-02,2.672371146121536589e-01
1.501650866268973705e-01,5.189962921308893806e-02,2.817732242022449873e-01,2.282909605058957431e-02,2.798070563065010452e-01,2.135259076006780776e-01
1.209215424920694754e-01,5.399415523316906246e-02,3.252907397286235458e-01,9.013763615458331158e-02,2.495351486748087211e-01,1.601207777167456825e-01
1.529999999999999971e-01,2.189999999999999933e-02,3.332999999999999852e-01,0.000000000000000000e+00,1.529999999999999971e-01,3.387999999999999901e-01
2.337176245374933750e-02,1.082872612465892240e-02,9.114415920227431425e-03,4.821783168330975866e-01,1.237017671681023973e-01,3.508050115001642988e-01
3.700176973114997769e-02,1.960495225550243012e-02,1.457565415280627219e-01,3.114668512961837887e-01,1.763492374914622518e-01,3.098206476976387846e-01
6.240703521843594254e-02,2.248498863784027801e-02,2.384644447460879946e-01,3.803608955987289875e-01,9.675865920753579097e-02,1.995239765913709717e-01
1.252678535258391901e-01,8.674474312955642030e-02,2.562836761095942384e-01,1.272109297056721045e-01,2.160613012560336499e-01,1.884314962733043552e-01
9.830519517425660714e-02,1.187693421178414796e-02,4.544115828588907169e-01,1.277926509658109111e-01,2.047357470371058141e-01,1.028778897521516050e-01
1.529999999999999971e-01,2.189999999999999933e-02,3.332999999999999852e-01,0.000000000000000000e+00,1.529999999999999971e-01,3.387999999999999901e-01
1.269374739547158848e-01,6.028288535228610440e-02,2.284051965583934196e-01,1.538862507757320641e-01,3.090483090940791544e-01,1.214398842647933380e-01
4.420505336386149758e-02,1.136309057065284372e-02,9.564184411710441661e-03,4.125791275534401170e-01,1.461976618127455996e-01,3.760908822875894675e-01
1.062827741977803997e-01,6.578002151712809831e-02,3.862187248382270566e-02,4.240068522115285066e-01,1.183428867963509656e-01,2.469655927933894213e-01
9.821230217411293373e-02,4.036619514388459229e-02,2.498640806273914050e-01,1.741302213487937178e-01,1.996440818321672528e-01,2.377831188736502233e-01
1.361614708954530795e-01,1.087420488824499820e-01,1.908962895981257679e-01,3.985553275133432022e-02,4.534480393108734630e-01,7.089661856176338040e-02
1.728516570355888571e-01,6.295433891565915818e-02,1.529238793829702792e-01,2.288274326650068247e-01,9.555716922062472418e-02,2.868855227801502816e-01
1.326960332257907382e-01,7.756591482188762710e-02,1.942547831382632484e-01,2.158967560797154517e-01,1.268675218838774266e-01,2.527189908504654525e-01
4.128020902753250926e-02,2.910246532458291707e-02,8.465238907776981292e-02,4.960319428956063148e-01,2.160488680157620911e-01,1.328841256587463826e-01
1.529999999999999971e-01,2.189999999999999933e-02,3.332999999999999852e-01,0.000000000000000000e+00,1.529999999999999971e-01,3.387999999999999901e-01
1.903835275269023242e-01,1.768122135233123893e-01,1.233795963435000004e-01,7.704733826874883562e-02,2.667128583830238875e-01,1.656644659545125076e-01
4.043138839992665295e-02,0.000000000000000000e+00,1.938491757578945929e-01,3.063066985501344264e-01,2.511735002089336422e-01,2.082392370831107620e-01
1.563047581411079190e-01,2.986985877673960926e-02,2.829674286842234210e-01,1.980611932914183304e-01,1.300631594173887184e-01,2.027336016891219950e-01
1.052263583208757625e-01,5.137584503700851762e-02,2.391773513753386315e-01,1.931462516790136696e-01,2.868631917497097561e-01,1.242110018380536418e-01
3.124501978052635770e-02,1.047355066347474412e-01,1.641888433951232129e-01,6.722112497645685303e-02,3.729133382326645929e-01,2.596961669804816464e-01
2.940055705637264344e-02,2.729740916630158526e-02,1.403597388428801940e-01,4.383751959996107228e-01,9.773110678137093832e-02,2.668359921534639301e-01
1.699654867751385079e-01,7.243844332211900328e-02,1.435964259661913767e-01,1.170014214158531934e-01,3.412590815608221306e-01,1.557391409598758436e-01
1.081156325024150155e-01,2.972494822693279304e-02,1.442706100833215654e-01,2.659709339571465492e-01,1.072478147022024736e-01,3.446700605279816032e-01
9.336246278431052648e-02,7.742706268919097301e-02,2.969635293675482179e-01,6.829090274294863372e-02,2.384659279621840211e-01,2.254901144538177526e-01
2.161532529558662583e-02,0.000000000000000000e+00,4.554653534853637248e-02,5.767608439364232398e-01,1.377818733119292038e-01,2.182954221075247003e-01
6.078479079280842134e-02,1.087261157255476896e-01,5.544512485506204735e-02,3.458194503709290379e-01,6.739808310950685943e-02,3.618264351461459860e-01
1.529999999999999971e-01,2.189999999999999933e-02,3.332999999999999852e-01,0.000000000000000000e+00,1.529999999999999971e-01,3.387999999999999901e-01
1.169844178074076896e-01,4.748168290153092358e-02,3.616174322047121525e-01,0.000000000000000000e+00,4.435645547551325674e-01,3.035191233121654550e-02
5.503478363445935689e-02,2.640480772822266856e-02,8.107697088799897811e-02,3.518256259974752997e-01,2.454560909330556484e-01,2.402017208187879893e-01
2.077054728163850172e-01,7.029050453383818564e-02,1.460967149616678451e-01,1.859962204896052906e-01,1.962941427992508370e-01,1.936169443992527828e-01
8.152207915598734533e-02,4.283401331150042679e-02,2.356506848331039738e-01,2.705085733441052187e-01,2.630621793452367352e-01,1.064224700100662446e-01
3.297216974642359910e-02,7.419860841084306713e-02,8.594611608217567200e-02,1.397927990720198577e-01,1.922635553660295982e-01,4.748267513225082892e-01
1.114027506358069297e-01,7.926953730527901143e-02,1.080052335056171375e-01,1.447777194664662259e-01,2.276178835522825183e-01,3.289268755345481909e-01
1.017295639314311773e-01,7.534753389253601163e-02,2.362285851678571635e-01,1.533054210417808538e-01,3.051615626596341779e-01,1.282273333067606991e-01
7.195069315689940626e-02,3.834834750992880542e-02,6.362738879495691280e-02,2.978336272819331887e-01,2.092778249169436888e-01,3.189621183393379633e-01
1.265532721488881740e-01,7.578856546558113139e-02,2.030917944283391896e-01,2.164481585759479854e-01,2.597417279086567388e-01,1.183764814725868780e-01
5.924883878990074015e-02,3.092191433129994407e-02,2.793874306474788960e-01,3.482779828964840951e-01,1.974719818562423734e-01,8.469185147859395468e-02
6.949033954894774656e-02,4.254268012898752144e-02,2.222025516056586603e-01,2.650326362435801442e-01,1.532677967184580547e-01,2.474639957543678381e-01
3.793561946597016898e-02,8.782907731520028793e-02,1.825993712515086576e-01,3.918511195606901309e-01,5.731243233009469806e-02,2.424723800765360149e-01
2.469637100527417584e-01,1.440958240576945826e-01,2.518457307716737703e-01,6.799120076915202149e-02,2.165452080660903722e-01,7.255832628264768935e-02
1.529999999999999971e-01,2.189999999999999933e-02,3.332999999999999852e-01,0.000000000000000000e+00,1.529999999999999971e-01,3.387999999999999901e-01
1.699410797326084410e-01,7.408586144123775752e-02,1.991082217738326388e-01,1.342307237124161223e-01,1.963803695861855436e-01,2.262537437537195661e-01
1.529999999999999971e-01,2.189999999999999933e-02,3.332999999999999852e-01,0.000000000000000000e+00,1.529999999999999971e-01,3.387999999999999901e-01
5.524018554117285373e-02,1.041402814872696182e-02,3.068445210039782434e-01,7.165645093628064677e-02,3.442436359203731033e-01,2.116011784494683523e-01
9.512369019639121959e-02,1.049816974815628579e-01,1.845541866005998566e-01,1.342713238642342377e-01,3.505875697574032390e-01,1.304815320998086170e-01
4.578235630649529764e-02,1.704059015360869303e-02,2.819439560569386716e-01,1.267252610225605147e-01,4.677848392422515600e-01,6.072299721814528040e-02
6.440991671604841262e-02,2.325428682700542843e-02,2.311488015809873009e-01,3.763743579496833802e-01,1.013657106815593206e-01,2.034469262447161364e-01
1.529999999999999971e-01,2.189999999999999933e-02,3.332999999999999852e-01,0.000000000000000000e+00,1.529999999999999971e-01,3.387999999999999901e-01
2.271592660666320665e-02,9.471647442735846301e-02,1.188000910881814309e-01,1.713894275219144392e-01,1.930148713378946335e-01,3.993632090179878857e-01
1.529999999999999971e-01,2.189999999999999933e-02,3.332999999999999852e-01,0.000000000000000000e+00,1.529999999999999971e-01,3.387999999999999901e-01
7.187206272098585653e-03,6.438466540044847364e-02,1.259023804833262761e-01,3.363362670110021102e-01,4.536901420423838927e-02,4.208204666288862250e-01
7.278754952617995377e-02,4.163659214394015845e-02,1.983648464733341332e-01,3.153485190636524660e-01,2.282440677133393825e-01,1.436184250795539685e-01
4.456131826431752180e-02,5.528267054007510173e-02,2.358965361356520629e-01,2.218734403944937761e-01,2.898938657338457903e-01,1.524921689316156015e-01
1.730366841046387660e-01,4.331856654051603750e-02,2.783780960188874110e-01,1.973656237480355402e-01,1.501462982353753972e-01,1.577547313525470007e-01
5.887514517688067356e-02,2.828463384677450121e-02,1.325592643044575802e-01,4.162548139232584710e-01,1.212309855472544773e-01,2.427951572013743176e-01
2.781205990812713261e-02,1.272847269217217483e-02,2.680766463992448334e-01,2.227131884095178566e-02,5.322417588435751634e-01,1.368697433159289101e-01
1.973935320971167140e-01,3.273255206720229044e-02,4.517554608566139163e-02,1.744753046118122097e-01,1.396217789890157601e-01,4.106012861491915578e-01
1.018732050232500908e-01,5.536127121240450033e-02,2.664950378111480278e-01,1.500652115700992772e-01,3.140782891093649165e-01,1.121269852737331596e-01
8.673706484230485347e-02,1.595388454172391376e-02,1.561125508630298309e-01,1.432916455459956051e-01,3.610407417040229494e-01,2.368641125029229688e-01
0.000000000000000000e+00,3.958581017789401107e-02,2.214208776997691336e-02,5.544374197950512340e-01,5.011205991495424478e-02,3.337226223421237425e-01
1.438912893928743220e-01,1.339549553294780704e-01,1.718034795714330765e-01,1.578749045708776888e-01,2.389518553917013843e-01,1.535235157436355691e-01
1.829055046473803403e-01,1.109663242026409646e-01,2.891320566373076217e-01,9.303095894130872234e-02,2.503244654949238757e-01,7.364069007643836429e-02
1.801910800222981945e-02,9.403976324871568537e-02,1.107706233052059702e-01,7.149582171135650255e-02,2.389917942079929636e-01,4.666828895244991560e-01
1.183917988318599623e-01,5.273280660227670086e-02,2.670544737576516225e-01,1.344272361574577190e-01,3.233989727883973542e-01,1.039947118623566202e-01
1.529999999999999971e-01,2.189999999999999933e-02,3.332999999999999852e-01,0.000000000000000000e+00,1.529999999999999971e-01,3.387999999999999901e-01
1.008528559295304161e-01,5.058984243644645135e-02,2.276918171576992889e-01,1.331690619820184440e-01,2.874756939194932914e-01,2.002207285748121846e-01
6.068583957633642140e-02,6.297113156328881800e-02,7.075840342798181415e-02,3.349820002417562281e-01,2.015653429881775482e-01,2.690372822024590937e-01
1.099605400238440472e-01,8.898284450476140472e-02,1.150460139070644955e-01,1.042844930106208851e-01,2.474804107310654699e-01,3.342456978226436837e-01
4.457062272178111129e-02,6.859587566159826288e-02,1.544264438059850808e-01,2.900074122565434731e-01,2.703409219224562343e-01,1.720587236316357405e-01
1.060248489174048375e-01,5.176570105602697203e-02,2.287644769623494168e-01,1.824196229142979464e-01,2.890399995833893843e-01,1.419853505665313875e-01
1.124163271426971422e-01,7.747178216974798248e-02,1.521633413422235070e-01,3.569001272764838473e-01,9.856118959439984228e-02,2.024872324744476371e-01
1.546201625784237865e-01,3.171379354268243078e-02,2.967687555227762064e-01,2.048276012840177518e-01,1.371035577043148157e-01,1.749661293677849394e-01
9.502685815125486157e-02,6.512287418144499518e-02,3.109321912203226179e-01,1.981177119797618291e-01,1.684886369534946415e-01,1.623117275137210547e-01
9.263583183652124298e-02,3.519599532341684267e-02,1.795407903232050517e-01,1.767832666214075310e-01,3.942232410744641036e-01,1.216208748209853391e-01
1.185938456158484727e-01,1.006767516373118093e-01,1.680393104091845724e-01,1.686748044906351274e-01,2.296412528099059935e-01,2.143740350371139414e-01
1.529999999999999971e-01,2.189999999999999933e-02,3.332999999999999852e-01,0.000000000000000000e+00,1.529999999999999971e-01,3.387999999999999901e-01
7.278754952617995377e-02,4.163659214394015845e-02,1.983648464733341332e-01,3.153485190636524660e-01,2.282440677133393547e-01,1.436184250795539408e-01
1.547991639278022136e-01,3.086789514832180559e-02,2.729105829415586770e-01,2.048286690029134938e-01,1.398962176451253314e-01,1.966974713342785619e-01
1.929498384944098449e-02,9.574358126489986714e-03,1.197849881859594651e-01,4.579892705025667143e-01,8.414144150830489555e-02,3.092149578272379573e-01
2.377699692743756241e-02,2.065171874293891124e-02,1.199667128863953908e-01,5.078380332749264925e-01,6.706401748634782667e-02,2.607025206819537644e-01
5.508783135621361099e-03,0.000000000000000000e+00,1.101756627124272220e-02,7.324201589283855229e-01,1.028172151663052647e-01,1.482362764984450909e-01
5.099062286906799746e-02,2.617753858780586321e-02,1.537350055108364921e-01,4.514671896309260801e-01,1.805652198970327249e-01,1.370644235043309012e-01
6.381295815936151306e-02,1.141426166501692541e-01,5.820728156450693386e-02,3.279657032239946535e-01,7.075571045638895384e-02,3.651157299455786154e-01
0.000000000000000000e+00,0.000000000000000000e+00,5.708258785456200857e-02,5.152685665243649238e-01,1.063075158491099542e-01,3.213413297719630024e-01
4.935547831171015892e-02,5.567019433629068204e-02,3.903857934680622643e-02,4.991729650647837024e-01,1.504409998965249573e-01,2.063217830438841827e-01
6.240703521843594254e-02,2.248498863784028148e-02,2.384644447460879946e-01,3.803608955987290985e-01,9.675865920753580485e-02,1.995239765913709717e-01
1.324008714710834811e-01,7.044153499633805382e-02,1.268921477946287624e-01,2.842196249116236140e-01,1.275994225445443442e-01,2.584463982817816752e-01
0.000000000000000000e+00,6.101342314861411299e-03,1.709572189791559726e-01,6.028882422682700915e-01,3.681741367448233826e-02,1.832357827632301317e-01
1.798164047970100543e-01,3.521345895987708363e-02,2.892400442779393122e-01,1.814224113136040095e-01,1.280806798656084211e-01,1.862270007859612164e-01
7.204918489535548642e-02,3.759466517014278114e-02,1.245827015558808593e-01,2.772185507915788105e-01,2.920062021429262744e-01,1.965486954441157952e-01
1.132109280390714429e-01,1.184884490221264769e-01,6.161859586581035220e-02,4.251377301452762825e-01,1.392389894616300750e-01,1.423053074660854123e-01
7.517299315056845399e-02,6.955043358233209405e-02,3.609159488776845365e-02,4.384452083027719493e-01,1.041035927167898306e-01,2.766361773597691420e-01
8.800419602135618746e-02,2.612676210976309574e-02,1.315039497265971524e-01,3.463068025382593507e-01,1.017557602072195061e-01,3.063025293968045792e-01
1.302001276975840449e-01,4.561030612443699173e-02,1.373855086089649236e-01,3.120799687823327950e-01,2.336895837712771040e-01,1.410345050154040991e-01
3.699132206957397168e-02,8.403003731314995575e-03,2.665886234196951018e-02,4.390059302338368274e-01,1.346382954027636192e-01,3.543025862205410603e-01
5.649867247760218675e-02,3.748013830492930021e-02,2.465138585363084167e-01,1.842730435673579914e-01,3.738927927879014401e-01,1.013414943259007134e-01
4.771196337614858757e-02,5.659952356533890644e-02,1.575978091510472912e-02,5.322630180046993287e-01,7.721382409885269027e-02,2.704518900398557024e-01
0.000000000000000000e+00,4.050643972544825527e-02,1.016835583310846947e-01,3.515958091180711453e-01,3.216143079546870953e-01,1.845998848707087747e-01
1.529999999999999971e-01,2.189999999999999933e-02,3.332999999999999852e-01,0.000000000000000000e+00,1.529999999999999971e-01,3.387999999999999901e-01
1.254239401795686770e-01,6.798461342275412267e-02,2.494356397826879568e-01,1.380799786646718375e-01,3.055769298396602274e-01,1.134988981106571926e-01
4.639982456128142335e-02,6.764557544911521669e-02,4.245899648566880263e-02,4.754169372029639073e-01,1.193318194980467206e-01,2.487468468029240265e-01
1.358141545291898789e-01,7.331038273706906583e-02,2.485472943185453309e-01,1.780127203082240983e-01,2.525357489289445923e-01,1.117796991780270061e-01
1.529999999999999971e-01,2.189999999999999933e-02,3.332999999999999852e-01,0.000000000000000000e+00,1.529999999999999971e-01,3.387999999999999901e-01
4.317656369729294674e-02,5.952264473732847561e-02,7.369271659739085045e-02,4.679358138890434282e-01,1.337366336031643732e-01,2.219356274757800229e-01
4.907972556373917106e-02,8.664796194914468896e-02,1.066258879948832061e-01,1.938219998871075489e-01,3.061315978072644550e-01,2.576928267978608744e-01
1.529999999999999971e-01,2.189999999999999933e-02,3.332999999999999852e-01,0.000000000000000000e+00,1.529999999999999971e-01,3.387999999999999901e-01
2.161532529558662236e-02,0.000000000000000000e+00,4.554653534853636554e-02,5.767608439364231288e-01,1.377818733119292038e-01,2.182954221075246726e-01
1.529999999999999971e-01,2.189999999999999933e-02,3.332999999999999852e-01,0.000000000000000000e+00,1.529999999999999971e-01,3.387999999999999901e-01
1.529999999999999971e-01,2.189999999999999933e-02,3.332999999999999852e-01,0.000000000000000000e+00,1.529999999999999971e-01,3.387999999999999901e-01
1.801016879544255558e-02,1.338392316450113563e-02,6.811642754933451560e-02,5.046166205928600546e-01,1.979552129724278520e-01,1.979176469254337878e-01
5.236216879899344839e-02,5.575503379903900408e-02,8.930942512179469717e-02,3.683662687175559558e-01,1.522032905581115758e-01,2.820038130045053881e-01
3.091528538249906435e-02,1.763778632459758744e-02,1.070113046562531089e-01,4.660461912665918582e-01,2.375641312479483402e-01,1.408253011221100581e-01
4.639982456128142335e-02,6.764557544911521669e-02,4.245899648566880263e-02,4.754169372029639073e-01,1.193318194980467206e-01,2.487468468029240265e-01
1.248367318740580163e-02,0.000000000000000000e+00,4.779401554137854141e-02,4.738618818824200662e-01,2.459560558732200308e-01,2.199043735155755408e-01
4.430261811034636593e-02,4.716509357814824971e-02,4.792744993903980122e-02,4.465200860578796282e-01,1.010740847071919385e-01,3.130106676073940442e-01
9.783075934738029444e-02,7.401485914082696349e-02,2.822016375043647773e-01,1.597468751038395862e-01,2.818454995119629158e-01,1.043603693916253239e-01
1.529999999999999971e-01,2.189999999999999933e-02,3.332999999999999852e-01,0.000000000000000000e+00,1.529999999999999971e-01,3.387999999999999901e-01
4.852906202921731388e-02,5.594840270898552431e-02,1.139588030267982693e-01,3.093115871998961541e-01,6.237699965097801003e-02,4.098751453841248393e-01
2.940055705637263997e-02,2.729740916630158179e-02,1.294378742827180517e-01,5.257211035444928626e-01,8.057232089203257563e-02,2.075707350580822674e-01
5.693708790900790621e-03,8.335986954252180836e-02,1.070431207743117036e-01,2.133391206014650376e-01,3.292317473231357594e-01,2.613324329676648405e-01
1.295738073949816438e-01,8.250673180729785339e-02,1.720578465732052476e-01,2.640581296914508158e-01,2.163780353396311529e-01,1.354254491934331617e-01
6.916805263270965620e-02,4.918373982510558518e-02,2.143668248513566355e-01,3.218346576851071617e-01,2.092642832522748630e-01,1.361824417534460152e-01
1.529999999999999971e-01,2.189999999999999933e-02,3.332999999999999852e-01,0.000000000000000000e+00,1.529999999999999971e-01,3.387999999999999901e-01
1.745089294093319920e-01,1.054549504308386898e-01,3.039106359595912799e-01,4.296428036077724194e-02,2.957745545664130504e-01,7.738664927304773899e-02
1.018743392668361725e-01,6.091602617217634769e-02,3.036086745335580539e-01,1.853195805594445300e-01,2.225349295694162566e-01,1.257464498985685075e-01
3.629259326520475198e-02,4.664635372293721161e-02,2.258645666910760186e-01,2.986061357094793034e-01,1.952998167196128287e-01,1.972905338916900730e-01
4.695609529897832451e-02,1.166569032231166425e-01,1.561151940496966484e-01,1.538328964143236000e-01,2.114017346905506245e-01,3.150371763233341671e-01
1.529999999999999971e-01,2.189999999999999933e-02,3.332999999999999852e-01,0.000000000000000000e+00,1.529999999999999971e-01,3.387999999999999901e-01
9.674730375611864663e-02,2.290032116422772990e-02,7.247987494947316645e-03,5.134065849581505026e-01,1.603057021004019589e-01,1.993921005261538038e-01
1.034061882978604685e-01,6.132888972723653243e-02,1.189890401811663917e-01,3.137882352473034264e-01,1.010168265417932532e-01,3.014708200046400388e-01
3.618812328794585725e-02,2.729701323764092621e-02,1.752404431122091821e-01,3.820343002777586983e-01,1.594598105922552522e-01,2.197803094921901845e-01
7.591638659746148543e-02,4.342637781291549398e-02,2.187853984402195473e-01,3.288519565656345400e-01,2.337250006938277336e-01,9.929487988994131764e-02
9.704002747384292416e-02,4.927835343075931407e-02,2.219816844858006899e-01,1.815328100333381267e-01,1.911425635894828390e-01,2.590245609867761756e-01
1.529999999999999971e-01,2.189999999999999933e-02,3.332999999999999852e-01,0.000000000000000000e+00,1.529999999999999971e-01,3.387999999999999901e-01
1.432155737213804299e-02,1.244453179292077417e-02,2.869369143056814675e-01,2.157010370478634753e-01,3.246402016645472677e-01,1.459557578168490244e-01
6.609897796281632987e-02,1.756337750274321319e-02,1.323193789158413347e-01,3.045850854028210875e-01,3.408006833545155767e-01,1.386324968612624997e-01
1.529999999999999971e-01,2.189999999999999933e-02,3.332999999999999852e-01,0.000000000000000000e+00,1.529999999999999971e-01,3.387999999999999901e-01
2.008651970134450460e-01,1.007730414916589434e-01,2.171810030860401031e-01,1.020213378725986636e-01,1.943645771152801571e-01,1.847948434209771285e-01
6.572964450511072088e-02,3.246311397651081149e-02,2.568761438598846092e-01,3.152247074228679002e-01,1.084824432623306134e-01,2.212239469732953656e-01
1.473232069385175536e-01,8.372125509739605786e-02,5.593429779375650585e-02,3.461682131093060666e-01,1.689642014517644675e-01,1.978888256092593279e-01
3.515959905094977189e-02,4.274971733862953371e-02,2.136108183837516217e-01,2.484627446970470721e-01,2.504921852865999443e-01,2.095249352430222090e-01
1.474639099836376477e-01,5.797536202865247873e-02,4.960806656441645035e-02,2.140025915317567695e-01,1.847186373205908783e-01,3.462314325709456853e-01
3.318048263374360346e-02,1.268616779404902195e-01,4.017033382441020928e-02,1.560924617528473834e-01,4.541272221741016191e-02,5.982823216310984016e-01
0.000000000000000000e+00,0.000000000000000000e+00,5.504669193783377074e-02,5.577073864057993102e-01,8.931270499150539832e-02,2.979332166648616109e-01
2.802071011822905924e-02,1.178657120586673601e-01,3.521264355683358799e-02,2.513117790948019570e-01,2.241070908567195999e-02,5.451784460857962422e-01
1.668648122101913656e-01,8.578237998814147725e-02,2.362759874434470497e-01,1.536070458313104903e-01,3.069061907524840982e-01,5.056358377442556062e-02
6.393183816125785901e-02,2.024887400836992979e-02,1.468206418185270257e-01,3.507389024780545594e-01,1.037974161097458131e-01,3.144623274240446187e-01
1.529999999999999971e-01,2.189999999999999933e-02,3.332999999999999852e-01,0.000000000000000000e+00,1.529999999999999971e-01,3.387999999999999901e-01
8.810498911708694592e-02,2.085466435362522825e-02,5.051636105633308671e-02,4.263737305321925186e-01,1.679358420610835290e-01,2.462144128796786013e-01
2.386014847625972379e-02,4.610829772441804586e-02,2.583198300511331813e-01,3.415684920360235188e-01,1.500247074447153550e-01,1.801185242674502862e-01
1.529999999999999971e-01,2.189999999999999933e-02,3.332999999999999852e-01,0.000000000000000000e+00,1.529999999999999971e-01,3.387999999999999901e-01
0.000000000000000000e+00,2.010313943723755509e-03,1.268362716359058007e-01,4.226226321976667144e-01,7.937454042694525036e-02,3.691562417957585107e-01
1.769273758168803945e-01,1.004803673686192056e-01,1.056326753198975482e-01,3.286490478243495050e-01,1.538024393374539944e-01,1.345080943327992828e-01
6.773130534694694893e-02,3.508579900358661796e-02,1.795250060311703033e-01,3.684941850970946398e-01,2.128080644444243774e-01,1.363556400767771959e-01
9.051458293284576906e-02,3.026736607988744429e-02,1.120611686407545493e-01,4.039114750288498312e-01,9.295598540658239761e-02,2.702894219110799634e-01
1.147387552270819934e-02,3.824625174236066880e-03,2.088604134556496517e-01,4.042716314180991866e-01,1.852215019972664189e-01,1.863479524320404701e-01
9.856175112226285562e-02,3.057277394657623160e-02,1.509925825849636194e-01,2.826445905367132028e-01,1.423649512020181696e-01,2.948633506074658794e-01
1.529999999999999971e-01,2.189999999999999933e-02,3.332999999999999852e-01,0.000000000000000000e+00,1.529999999999999971e-01,3.387999999999999901e-01
3.661949730730843650e-02,5.263340944216562262e-02,9.265915135180784190e-02,4.288812679925206872e-01,1.611090428391099838e-01,2.280976310670874696e-01
7.067268555443591282e-02,5.712172456143408544e-02,9.932729247374159909e-02,4.726491316330875270e-01,6.874857053762790937e-02,2.314805952396729594e-01
7.729501248073655795e-02,5.475882502681544972e-02,2.203160970664650720e-01,2.502351121016903046e-01,2.582368284024052496e-01,1.391581249218873384e-01
7.517299315056845399e-02,6.955043358233209405e-02,3.609159488776845365e-02,4.384452083027719493e-01,1.041035927167898306e-01,2.766361773597691420e-01
4.192082557521623759e-02,5.646335402350654252e-03,4.388973318597868406e-02,5.086498688342167007e-01,6.146238642835087640e-02,3.384308505738867767e-01
1.270683936227069988e-01,3.515173546838663843e-02,1.929578685978508013e-01,8.939265231998409778e-02,3.917389943460820589e-01,1.636903556449895158e-01
1.529999999999999971e-01,2.189999999999999933e-02,3.332999999999999852e-01,0.000000000000000000e+00,1.529999999999999971e-01,3.387999999999999901e-01
1.701438277070125571e-01,3.270562570583138845e-02,2.780345959383474508e-01,1.943255226584244266e-01,1.299123592350781287e-01,1.948780687553061108e-01
1.176481727711986974e-01,3.559376195778555380e-02,2.484096851721712684e-01,2.355482523731593780e-01,1.502465106330569677e-01,2.125536170926281276e-01
8.370085761408996294e-02,3.293784673743096331e-02,3.153915085007752972e-01,9.074769653233380473e-02,3.164832777397819097e-01,1.607388128755879997e-01
1.529999999999999971e-01,2.189999999999999933e-02,3.332999999999999852e-01,0.000000000000000000e+00,1.529999999999999971e-01,3.387999999999999901e-01
9.821477346946366760e-02,4.795250033005291762e-02,2.119130704936961207e-01,1.467183249453098692e-01,3.649049238022803454e-01,1.302964069591970031e-01
7.476035882320668235e-02,2.386816373904836197e-02,4.700780447946047852e-02,4.901095033253281552e-01,1.045756501378098668e-01,2.596785194951464759e-01
1.528682481687349548e-01,3.345129023499557319e-02,2.497254956425858374e-01,2.332708572153937565e-01,1.428458932426999728e-01,1.878382154955899885e-01
3.853589279367963805e-02,8.819981361874645875e-02,1.142151118545206290e-01,2.894845492104878085e-02,3.926872781068686535e-01,3.374134487051358433e-01
1.529999999999999971e-01,2.189999999999999933e-02,3.332999999999999852e-01,0.000000000000000000e+00,1.529999999999999971e-01,3.387999999999999901e-01
8.299690723478203580e-02,4.219608426913524363e-02,2.522040507669255915e-01,2.550213374223868623e-01,3.043015874515874741e-01,6.328003285518278564e-02
1.180472196127581169e-01,9.248694640537070966e-02,1.888688668645437663e-01,2.674621252013775208e-01,2.157015967184480465e-01,1.174332451975019509e-01
1.546201625784237588e-01,3.171379354268243772e-02,2.967687555227762064e-01,2.048276012840177795e-01,1.371035577043148157e-01,1.749661293677849394e-01
1.502910002790231597e-02,6.185749955400989680e-02,7.993732449522060468e-02,4.006636759043731288e-01,1.664850794664628764e-01,2.760273205520312745e-01
1.529999999999999971e-01,2.189999999999999933e-02,3.332999999999999852e-01,0.000000000000000000e+00,1.529999999999999971e-01,3.387999999999999901e-01
5.094232836666204994e-02,8.949613256958643959e-03,1.358450221843238992e-01,3.770156343054339998e-01,2.518210479624241049e-01,1.754263539241973924e-01
2.734200317701867416e-02,1.241914219441283412e-01,4.947741897331497940e-02,2.344541384299676234e-01,3.183338063371249915e-01,2.462012111384454249e-01
4.576148657136350911e-02,8.191722147819104419e-03,8.129686069339807364e-02,3.578343349573071541e-01,5.965655614847640426e-02,4.472590394816358672e-01
8.040008544765472887e-02,4.449155120140693698e-02,2.247246021139152616e-01,2.348336676026832603e-01,1.719061682592470108e-01,2.436439253750928846e-01
9.869546203437759568e-02,6.311364614587469668e-02,9.817383688613268156e-02,2.507500211687348490e-01,1.610218936921656019e-01,3.282451400727145474e-01
1.255456471651144323e-01,8.430359407211766853e-02,2.500778189957879594e-01,2.425845191552672697e-01,1.835119500439206242e-01,1.139764705677919765e-01
1.529999999999999971e-01,2.189999999999999933e-02,3.332999999999999852e-01,0.000000000000000000e+00,1.529999999999999971e-01,3.387999999999999901e-01
1.529999999999999971e-01,2.189999999999999933e-02,3.332999999999999852e-01,0.000000000000000000e+00,1.529999999999999971e-01,3.387999999999999901e-01
