1.039568612874094827e-01,1.008270432753948925e-01,1.950051463327034940e-01,2.186726188560982609e-01,2.070700595694580093e-01,1.744682706789357773e-01
4.661836399020453242e-02,2.604865552428414777e-02,1.611782357106672503e-01,2.938501664831240645e-01,1.667297667686733764e-01,3.055748115230467188e-01
7.378042396578524120e-02,4.993456178060819844e-02,2.336248702534854116e-01,2.144972327063014161e-01,1.616787002563243314e-01,2.664842110374953665e-01
1.529999999999999971e-01,2.189999999999999933e-02,3.332999999999999852e-01,0.000000000000000000e+00,1.529999999999999971e-01,3.387999999999999901e-01
2.349727078206961112e-02,1.486398023649899980e-02,9.229785362725814735e-02,4.369471485657499543e-01,1.306252860984091768e-01,3.017684606900141175e-01
9.365330002391057673e-02,7.165258402253307790e-02,6.693266572345152321e-02,3.839670314373027082e-01,1.289314217578185762e-01,2.548629970349833851e-01
1.623053009855446316e-01,7.745072839601280235e-02,2.305988212652490543e-01,8.326418887645943567e-02,2.837662117371533288e-01,1.626147487395807334e-01
4.081391800094719829e-02,2.039158903262986225e-02,1.327430699581661211e-01,5.266876734601445564e-01,3.889994020013747694e-02,2.404638093479747052e-01
8.101491863685536532e-02,1.036483320496336263e-01,2.169071547848409054e-01,1.837524208992233898e-01,2.221914538116000759e-01,1.924857198178465678e-01
6.733191641079136480e-02,3.746827550279024227e-02,1.608590576716888709e-01,2.691975233350309971e-01,1.711036281948030147e-01,2.940395988848955033e-01
6.469194307424909474e-02,3.356022833500249547e-02,1.891392206157112010e-01,3.284497255291792261e-01,1.840507156386119170e-01,2.001081668072459130e-01
1.844226416463827858e-02,8.643642670449400850e-03,7.646973249671078221e-02,4.313703978935247707e-01,1.121175596112816419e-01,3.529564031633951049e-01
1.377935154107393367e-01,1.105083511800274559e-01,1.732563523025052454e-01,1.089185466088670728e-01,2.009953810658940965e-01,2.685278534319668342e-01
1.508790975529331058e-01,7.686757383726364190e-02,1.917053196436049045e-01,8.772404460984425945e-02,2.962357519115101923e-01,1.965882124448439239e-01
7.067152931208073308e-02,4.075838631697493997e-02,1.913630893093470620e-01,3.415341493635902226e-01,2.065299990518435769e-01,1.491428466461633962e-01
8.330571515555029727e-02,4.012044937646254417e-02,6.147505803356561466e-02,4.021896582997321890e-01,1.430102670081369598e-01,2.698988521265524021e-01
2.756987258468589219e-02,9.143226546192260648e-03,1.222501111639459764e-01,4.120166592975970654e-01,1.102042250939893886e-01,3.188159053135894982e-01
3.795248147415702239e-02,1.954432449734175639e-02,9.509798627003709925e-02,4.764648851774183624e-01,1.335951780054080440e-01,2.373451445756377398e-01
1.529999999999999971e-01,2.189999999999999933e-02,3.332999999999999852e-01,0.000000000000000000e+00,1.529999999999999971e-01,3.387999999999999901e-01
5.263704024135996973e-02,5.443943668109729739e-02,1.969096790373538186e-01,3.050594457791875325e-01,2.237688649903766258e-01,1.671855332706247699e-01
1.422528643171142304e-01,1.063555958762570086e-01,2.143733049427385129e-01,1.135578913405347334e-01,2.622928383974169608e-01,1.611675051259385816e-01
2.444619991297037123e-02,7.072165728719988220e-02,1.770565012132389870e-01,3.433868428690134422e-01,1.361610551878789654e-01,2.482277435296984525e-01
5.094219488257400313e-02,5.842858456835219733e-02,5.449766585028947841e-02,3.962894099294210215e-01,1.122875157761962367e-01,3.275546289931671740e-01
1.499007441206989255e-01,7.884721243711532990e-02,2.258937855856173738e-01,7.999272166692940333e-02,3.100533390413126589e-01,1.553121971483263641e-01
3.592198539520165268e-02,2.379058186621820642e-02,1.768625322975761471e-01,2.901060716660806560e-01,2.039898935366654675e-01,2.693289352382579604e-01
1.442985613720565441e-01,6.594954735797274592e-02,2.289943082631445137e-01,9.366217020114527003e-02,3.155170504644507767e-01,1.515783623412301495e-01
1.599965168146190997e-01,8.262661219182264316e-02,2.052165086018724882e-01,8.206226903632463099e-02,2.879613892210044490e-01,1.821367041343565640e-01
8.496939640989420450e-02,5.873128235642197797e-02,6.385164169734579287e-02,4.234779222943221844e-01,1.198002770751106505e-01,2.491694801669051273e-01
1.384123579266709481e-01,6.852861424775767707e-02,2.339621128809868666e-01,1.326010737589922162e-01,3.372030747879637969e-01,8.929276639762860623e-02
1.529999999999999971e-01,2.189999999999999933e-02,3.332999999999999852e-01,0.000000000000000000e+00,1.529999999999999971e-01,3.387999999999999901e-01
7.975518316895760518e-02,5.029661302060377259e-02,1.237344500135698355e-01,3.793500924211407055e-01,1.443326432444139718e-01,2.225310181313141511e-01
1.833796216949813707e-01,9.644165156336426126e-02,2.621712322627094971e-01,9.169208042268023329e-02,3.092014212931102901e-01,5.711399276315427126e-02
8.208002271825591556e-02,2.594094331690224159e-02,1.343539355494766385e-01,2.950160833282923223e-01,2.729333655575151285e-01,1.896756495295577605e-01
9.444071452722083149e-02,6.332976855189643983e-02,7.338800133530014314e-02,3.864315032666461591e-01,1.409788531905158404e-01,2.414311591284205583e-01
1.793233623896038631e-01,1.023719010789637257e-01,2.937472968701250187e-01,3.428978237558532455e-02,2.982947605288542858e-01,9.197289675686780297e-02
5.295445865112514972e-02,1.013022744978324743e-02,3.435039958989161146e-02,4.656239260948539793e-01,1.268609576412676465e-01,3.100800305730784245e-01
7.404223420115282894e-02,5.348637649100154018e-02,7.261431331392730060e-02,4.243908277075859048e-01,1.958816864230810972e-01,1.795845618632511687e-01
1.675007046608065764e-01,5.180407176311899176e-02,1.134920272913245015e-01,2.448386991005433722e-01,2.790642655755697366e-01,1.433002316086368078e-01
1.470545411051915885e-01,6.812459949735533149e-02,2.468632050174004722e-01,7.739092329789530600e-02,3.095353946360571151e-01,1.510313364461001173e-01
1.529999999999999971e-01,2.189999999999999933e-02,3.332999999999999852e-01,0.000000000000000000e+00,1.529999999999999971e-01,3.387999999999999901e-01
3.970975341864971253e-02,4.953934615984491308e-02,1.408443650572438754e-01,3.582223853752565801e-01,2.389781954657397289e-01,1.727059545232652038e-01
7.978768483151539581e-02,2.694507002498769052e-02,2.479411504582238190e-01,1.675337603801285435e-01,2.893717241575888277e-01,1.884206101475556505e-01
5.193437706508556573e-02,2.552178320570307885e-02,1.332331810794248061e-01,2.863784892582175168e-01,2.021232049538379261e-01,3.008089644377311411e-01
1.363661978737844005e-01,7.217951630955952991e-02,9.568781630064679411e-02,2.326500048849179658e-01,2.282628552383325071e-01,2.348536093927588164e-01
2.337577503516079583e-02,3.407917527218433384e-02,2.139042462880094350e-02,6.687705326797200867e-01,5.108136416649899925e-02,2.013027282176348409e-01
1.252732946627156396e-01,3.751464863971561842e-02,2.869544805854143399e-01,2.344118486767495513e-01,1.321023074114986984e-01,1.837434200239059512e-01
2.589840712976853102e-02,6.019930268127735885e-03,3.424598481184726317e-02,5.209299326890015625e-01,1.104459407871397625e-01,3.024598043141152326e-01
1.007625383337167752e-01,4.637310620126616073e-02,1.055235714084071380e-01,3.465532623148371849e-01,2.140199211224684817e-01,1.867676006193042804e-01
8.200889229319908991e-02,6.375483112260681151e-02,6.190316734342180688e-02,3.508045277961097663e-01,1.206486263499498418e-01,3.208799550947127321e-01
1.142399821711453066e-02,4.785610717654781993e-02,1.049917993169435237e-01,2.749934502749212251e-01,2.024411072384991184e-01,3.582935377759738915e-01
1.529999999999999971e-01,2.189999999999999933e-02,3.332999999999999852e-01,0.000000000000000000e+00,1.529999999999999971e-01,3.387999999999999901e-01
1.529999999999999971e-01,2.189999999999999933e-02,3.332999999999999852e-01,0.000000000000000000e+00,1.529999999999999971e-01,3.387999999999999901e-01
1.080804086917868667e-01,7.055123656511307073e-02,2.791848345689675881e-01,2.245675107281484006e-01,1.998224023212093192e-01,1.177936071247747685e-01
3.903440940991699526e-02,1.751908639400507825e-02,1.106397530280611718e-01,4.411046154856388957e-01,1.110776545032241130e-01,2.806244811791537841e-01
7.005867859726160052e-02,7.958813715416133971e-02,1.202917049591640114e-01,3.842605139310177331e-01,1.077021632492183301e-01,2.380988021091770546e-01
8.814414127986136549e-02,7.933668691003981088e-02,1.825650758901585236e-01,2.963648778346990587e-01,2.008453055766390438e-01,1.527439125086021143e-01
1.462535870286245931e-01,6.997609547524687168e-02,2.639323095128893182e-01,7.829676686959974319e-02,2.661752931989074811e-01,1.753659479147320066e-01
1.529999999999999971e-01,2.189999999999999933e-02,3.332999999999999852e-01,0.000000000000000000e+00,1.529999999999999971e-01,3.387999999999999901e-01
1.026983699901754254e-01,9.124475931874553858e-02,1.728530784049101821e-01,2.002196793202176694e-01,2.534299849643678604e-01,1.795541280015834074e-01
1.267825470505423990e-01,6.039178940456037953e-02,1.553420937157969361e-01,2.380120528942292757e-01,2.424297096972222731e-01,1.770418072376487573e-01
1.964164693849054510e-01,8.639636227124074253e-02,1.257809671200544321e-01,2.068544967849072491e-01,1.655488610632215862e-01,2.190028433756704418e-01
8.040000739732912349e-02,2.169435909604340920e-02,6.728454667036375125e-02,3.373161397723674071e-01,2.007362810546611809e-01,2.925686660092352009e-01
7.192086993547353035e-02,7.764652627947209174e-02,2.337196556723862284e-01,1.371425663817850693e-01,2.881927363201998160e-01,1.913776454106832781e-01
1.411313155149819532e-01,9.223538105566873868e-02,1.824865378832144780e-01,1.782786299836104371e-01,2.081138114305761122e-01,1.977543241319484058e-01
7.681455924492197607e-02,4.833443684788944761e-02,9.722172378367791024e-02,3.256327387947725027e-01,1.931207836170406866e-01,2.588757577116974629e-01
3.969273563032211377e-02,4.656983534692540894e-02,8.202106756139740384e-02,4.215038890711073627e-01,1.460155697417488407e-01,2.641969026484987659e-01
7.996233148434538085e-02,1.151991167738731087e-01,9.506022008252879019e-02,3.127483251465386083e-01,1.364925512352651304e-01,2.605374552774491481e-01
1.529999999999999971e-01,2.189999999999999933e-02,3.332999999999999852e-01,0.000000000000000000e+00,1.529999999999999971e-01,3.387999999999999901e-01
1.497676985177447129e-01,6.890022246865680489e-02,2.296076125017354197e-01,1.166936854023259279e-01,2.673755000951563709e-01,1.676552810143807914e-01
1.894365768567839170e-02,1.111100164924859988e-02,1.069393768360309971e-01,3.465886275560648988e-01,1.316198955088094258e-01,3.847974407641676087e-01
1.529999999999999971e-01,2.189999999999999933e-02,3.332999999999999852e-01,0.000000000000000000e+00,1.529999999999999971e-01,3.387999999999999901e-01
8.733642801855899529e-02,5.570258880676486751e-02,1.177251172445847593e-01,3.943346523495914191e-01,1.158819364643909750e-01,2.290192771161088103e-01
5.805889333660114310e-02,3.172669064799352873e-02,2.349767212566739871e-01,2.807138664675487005e-01,2.223284583369808109e-01,1.721953699542017879e-01
7.183811368231142469e-02,4.763011648175018153e-02,6.233995242830048245e-02,4.229405128509189926e-01,1.217829864420667957e-01,2.734683181146520536e-01
1.027677664171146171e-01,1.027734329914716804e-01,2.761611234258884440e-01,1.456675613971682159e-01,1.922836405084621947e-01,1.803464752598947507e-01
5.657634865913064443e-02,5.745310465340654899e-02,6.894401538197131307e-02,3.766121418076241456e-01,1.083515454871161326e-01,3.320628440107511459e-01
1.286363839927873176e-01,6.023237523238062635e-02,2.041912310380603612e-01,1.313780918018291055e-01,2.693109604555930514e-01,2.062509574793495726e-01
1.529999999999999971e-01,2.189999999999999933e-02,3.332999999999999852e-01,0.000000000000000000e+00,1.529999999999999971e-01,3.387999999999999901e-01
1.529999999999999971e-01,2.189999999999999933e-02,3.332999999999999852e-01,0.000000000000000000e+00,1.529999999999999971e-01,3.387999999999999901e-01
2.756987258468589566e-02,9.143226546192260648e-03,1.222501111639459764e-01,4.120166592975970654e-01,1.102042250939893886e-01,3.188159053135894427e-01
4.941577923794908400e-02,1.197454703710403370e-02,1.198370803643488275e-01,3.937702349361957843e-01,1.650235762581067356e-01,2.599787821662954967e-01
7.330627637534925523e-02,5.462602116920108053e-02,1.601796632009420962e-01,3.607774261930269954e-01,1.704866588601732513e-01,1.806239542013073907e-01
8.189854331984601499e-02,4.382516276288958568e-02,2.458947870691525761e-01,2.647270184363508805e-01,2.227122244739259682e-01,1.409422639378348496e-01
1.337618013933693228e-01,7.058019917077065775e-02,4.287384262274451241e-01,1.145363636230290888e-01,1.615590871682520968e-01,9.082412241713365419e-02
1.529999999999999971e-01,2.189999999999999933e-02,3.332999999999999852e-01,0.000000000000000000e+00,1.529999999999999971e-01,3.387999999999999901e-01
1.640020362997848813e-01,7.991587398688053401e-02,2.141928672922645549e-01,8.229519802221470226e-02,3.025078627525233377e-01,1.570861616463320176e-01
3.868707919227695746e-02,9.445086637806946253e-03,9.844376297222433292e-02,3.985944829925703314e-01,1.223440602389192777e-01,3.324855279662021768e-01
1.072319181450869796e-01,8.671018327332498388e-02,3.950930513930890620e-02,3.248920219611302063e-01,1.885127012155262960e-01,2.531438702656224615e-01
9.984333270508881364e-02,6.333496516371873997e-02,1.788979750453173201e-01,3.442330057828675849e-01,1.549947480904615149e-01,1.586959732125460543e-01
1.775259164286690505e-01,9.953112597376941040e-02,2.876474388303267293e-01,3.005772045713398996e-02,3.147865727875311936e-01,9.045122552256960879e-02
1.041930779450556399e-01,3.841801196849607691e-02,1.514728711405559092e-01,2.988273208646800017e-01,1.499192314978738116e-01,2.571694865833386023e-01
8.545618623797865410e-02,8.452884375839300746e-02,1.337904719237065776e-01,1.775229534361403017e-01,2.486828759041592174e-01,2.700186687396223251e-01
8.350120260310900377e-02,1.834252974884230392e-02,1.261921209227418461e-01,3.938582121806237235e-01,1.085809883360523004e-01,2.695249462086307668e-01
1.529999999999999971e-01,2.189999999999999933e-02,3.332999999999999852e-01,0.000000000000000000e+00,1.529999999999999971e-01,3.387999999999999901e-01
1.529999999999999971e-01,2.189999999999999933e-02,3.332999999999999852e-01,0.000000000000000000e+00,1.529999999999999971e-01,3.387999999999999901e-01
2.083662068785103322e-02,1.101833515815735069e-02,1.882524291812965878e-01,3.394515919629898515e-01,1.678202203355152744e-01,2.726208026741898660e-01
1.212094158697385876e-01,2.297103678709925059e-02,2.894747112790163612e-01,1.753040638192837342e-01,1.801650800524399465e-01,2.108756921924219985e-01
1.406421938638225122e-01,6.813329958751458693e-02,1.849406148817058781e-01,1.995079801018904420e-01,2.175558194439504989e-01,1.892200921211160125e-01
3.226991232861892156e-02,5.696991894296668524e-02,1.977851422697906036e-01,1.674332378637143071e-01,3.302903732463031705e-01,2.152514153486062287e-01
1.109965817794647952e-01,2.902360319066441680e-02,1.028497107761698198e-01,3.893116734951920233e-01,8.766343920030500447e-02,2.801549915582038364e-01
1.085052099451410540e-01,8.277619040093497915e-02,1.422062100315925615e-01,1.720328821926827845e-01,2.480210738344798271e-01,2.464584335951687244e-01
1.083923479208144525e-01,2.490416561372191598e-02,1.157189995850692044e-01,3.484012052476300747e-01,1.563175374763600689e-01,2.462657441564043426e-01
1.526442948385301757e-01,7.639105268661340598e-02,2.761835870041370322e-01,1.742954092232595342e-01,1.623226440976056617e-01,1.581630121498541208e-01
8.161139468337057223e-02,2.202122810561812222e-02,7.768399082440048675e-02,3.826227732327706632e-01,2.037607755365477280e-01,2.322998376172924484e-01
5.110735587740983243e-02,6.402724342231590204e-02,9.294488466352807121e-02,3.835483443562463512e-01,1.515287690961002742e-01,2.568434025843995827e-01
1.529999999999999971e-01,2.189999999999999933e-02,3.332999999999999852e-01,0.000000000000000000e+00,1.529999999999999971e-01,3.387999999999999901e-01
1.453654178457517432e-01,9.023552202559237401e-02,3.147916936286207501e-01,1.428724909917103957e-02,3.672760612311926631e-01,6.804405616967156012e-02
7.841265134783982627e-02,2.612338771382722094e-02,1.403653886717674548e-01,3.113678029416136472e-01,2.993147462586053797e-01,1.444160230663464606e-01
1.760760893393044924e-01,7.330317644318570802e-02,1.304882617712922743e-01,2.421604568912929523e-01,1.104054221847628053e-01,2.675665933701616983e-01
5.337137277804134688e-02,2.640518015897494464e-02,1.905173440700771159e-01,3.508819634249505381e-01,1.962929785208120670e-01,1.825311610471438972e-01
4.586481802782924749e-02,9.369915684468602124e-02,1.504847687980590543e-01,1.527535718923221375e-01,1.587743158114965081e-01,3.984233686256071771e-01
8.644803272536494276e-02,4.042491589276173830e-02,8.442052181648818099e-02,2.718520886277445148e-01,2.119289822879793783e-01,3.049254586496611408e-01
1.469413998214486594e-01,7.982436198387707349e-02,2.197542692147665122e-01,8.344331045268522928e-02,3.057960758052040706e-01,1.642405827220183856e-01
5.032140547623036031e-02,2.528253979755680156e-02,7.732247939350642141e-02,4.016310335541474763e-01,1.452810586311311103e-01,3.001614831474276879e-01
1.688263065077382497e-01,8.895671329158405527e-02,1.962824841345543192e-01,1.155385844162309800e-01,2.628249190956458148e-01,1.675709925542464840e-01
5.223678970997463339e-02,2.482338540324236995e-02,1.702864863826161479e-01,4.550447861014007556e-01,1.893616937943565226e-01,1.082468586084096018e-01
9.193564991494698746e-02,7.223706339315041913e-02,1.257707364133311689e-01,3.362434367181875161e-01,1.752057942037143490e-01,1.986073193566695039e-01
2.287967072993478054e-02,6.930498147161523459e-02,1.400652757570437223e-01,3.217796966255933033e-01,1.654014586778200790e-01,2.805689167379929461e-01
1.529999999999999971e-01,2.189999999999999933e-02,3.332999999999999852e-01,0.000000000000000000e+00,1.529999999999999971e-01,3.387999999999999901e-01
1.529999999999999971e-01,2.189999999999999933e-02,3.332999999999999852e-01,0.000000000000000000e+00,1.529999999999999971e-01,3.387999999999999901e-01
1.269974934538086742e-01,5.239384371301025051e-02,2.172916133346292633e-01,1.421259910369781221e-01,2.417391165064440572e-01,2.194519419551296258e-01
1.529999999999999971e-01,2.189999999999999933e-02,3.332999999999999852e-01,0.000000000000000000e+00,1.529999999999999971e-01,3.387999999999999901e-01
1.017926628933964600e-01,4.860203305392460371e-02,1.873557233047508930e-01,1.194631715652774567e-01,3.291006700034082577e-01,2.136857391792423844e-01
1.108358443798250770e-01,1.231637436734048241e-01,1.537580527446184286e-01,2.022137542049758374e-01,2.718812044413970730e-01,1.381474005557787876e-01
1.529999999999999971e-01,2.189999999999999933e-02,3.332999999999999852e-01,0.000000000000000000e+00,1.529999999999999971e-01,3.387999999999999901e-01
1.211846737474374242e-01,8.524858848113953114e-02,2.623966110499529325e-01,1.671777554520862685e-01,1.667979639424983784e-01,1.971944073268853959e-01
1.529999999999999971e-01,2.189999999999999933e-02,3.332999999999999852e-01,0.000000000000000000e+00,1.529999999999999971e-01,3.387999999999999901e-01
5.486875052987703200e-02,5.135251242941395178e-02,1.491677625411326757e-01,3.015223721417248370e-01,1.504593248973751241e-01,2.926292774604765667e-01
1.529999999999999971e-01,2.189999999999999933e-02,3.332999999999999852e-01,0.000000000000000000e+00,1.529999999999999971e-01,3.387999999999999901e-01
3.130142982321665324e-02,4.168000498765092598e-02,1.215520546908808452e-01,3.753374154488443581e-01,9.230073426610815868e-02,3.378283607832989199e-01
4.921908659345994308e-02,2.601952448879426075e-02,1.716961990841616159e-01,3.398499849933185324e-01,1.790771184917337722e-01,2.341380863485320041e-01
4.567984264519842075e-02,5.274083407114403543e-02,1.665602757158608505e-01,2.394851058113282583e-01,3.209441679481861431e-01,1.745897738082821671e-01
1.688304692433726106e-01,5.577219482846806214e-02,3.214827864623580056e-01,1.175658250214687561e-01,2.051139165567601730e-01,1.312348078875723301e-01
4.147646136898468228e-02,1.966946812607751199e-02,6.544505199053983480e-02,4.319257630399955250e-01,1.339398570322921089e-01,3.075433984421103162e-01
1.286383213800201819e-01,4.081269362776664134e-02,2.697920840133532505e-01,7.228539154111608689e-02,3.787816079473034225e-01,1.096899014904403613e-01
1.529999999999999971e-01,2.189999999999999933e-02,3.332999999999999852e-01,0.000000000000000000e+00,1.529999999999999971e-01,3.387999999999999901e-01
1.470157933560846675e-01,6.993232010843539181e-02,2.347337023996051431e-01,8.183444674963949450e-02,3.102095306280518994e-01,1.562742067581833483e-01
1.529999999999999971e-01,2.189999999999999933e-02,3.332999999999999852e-01,0.000000000000000000e+00,1.529999999999999971e-01,3.387999999999999901e-01
1.529999999999999971e-01,2.189999999999999933e-02,3.332999999999999852e-01,0.000000000000000000e+00,1.529999999999999971e-01,3.387999999999999901e-01
1.379703353679853639e-01,1.172717185512879429e-01,1.617065957872058368e-01,1.604976422120572010e-01,2.863963884952103744e-01,1.361573195862533503e-01
1.529999999999999971e-01,2.189999999999999933e-02,3.332999999999999852e-01,0.000000000000000000e+00,1.529999999999999971e-01,3.387999999999999901e-01
4.267001529824700212e-02,5.011884169496422931e-02,1.152039474889885035e-01,2.626783741156870633e-01,1.935331282571751133e-01,3.357956931449380678e-01
1.539851569198383285e-01,6.890280310566193611e-02,2.434406733430722614e-01,7.689888349391132971e-02,3.104760136545581806e-01,1.462964694829580192e-01
1.529999999999999971e-01,2.189999999999999933e-02,3.332999999999999852e-01,0.000000000000000000e+00,1.529999999999999971e-01,3.387999999999999901e-01
1.442985613720565996e-01,6.594954735797275980e-02,2.289943082631445137e-01,9.366217020114528391e-02,3.155170504644508322e-01,1.515783623412301773e-01
5.965978402096413363e-02,4.236707528187809435e-02,1.406295102429412358e-01,3.528948199565442589e-01,1.406099344014566099e-01,2.638388760962157020e-01
1.529999999999999971e-01,2.189999999999999933e-02,3.332999999999999852e-01,0.000000000000000000e+00,1.529999999999999971e-01,3.387999999999999901e-01
7.024053210157701899e-02,5.900106466080785178e-02,1.929677029058941284e-01,2.988536999744054734e-01,1.933454407942957198e-01,1.855915595630197590e-01
1.481514310358511555e-01,6.863274556790346925e-02,2.235177922659326022e-01,1.006585576783026181e-01,2.927134542740567058e-01,1.663260191779534491e-01
6.989590274868492936e-02,4.100969508133172486e-02,1.985829652928399747e-01,3.195609616633312000e-01,2.179592535624952643e-01,1.529912216513168444e-01
1.405976920344885750e-01,1.975129328473638687e-02,3.104204185411096883e-01,1.969844400683517516e-01,1.855338878343497089e-01,1.467122682369638997e-01
1.077188840163843253e-01,4.906243793123248043e-02,2.327084380058025426e-01,2.709839775362470338e-01,1.782585693090043555e-01,1.612676932013291653e-01
7.589871934409479770e-02,2.914159916734255021e-02,1.012979587633490580e-01,2.203112641155979545e-01,3.080035193531662774e-01,2.653469392564493656e-01
1.268236772232845255e-01,9.022042184744848148e-02,2.037301424142493045e-01,1.829957951819967121e-01,2.185171566939657362e-01,1.777128066390551708e-01
1.529999999999999971e-01,2.189999999999999933e-02,3.332999999999999852e-01,0.000000000000000000e+00,1.529999999999999971e-01,3.387999999999999901e-01
8.199484636676113158e-02,6.347526161680674961e-02,1.716961990841616159e-01,3.398499849933185324e-01,1.790771184917337444e-01,1.639065894472182539e-01
1.694476252013207285e-01,3.890600965486607637e-02,3.074779450967559113e-01,1.240616798279508964e-01,1.802723903382127124e-01,1.798343498808937235e-01
1.930681955463201330e-02,2.421644270225683723e-02,7.368556345704387056e-02,5.344739429768843308e-01,1.257578370472298146e-01,2.225593942619531473e-01
2.559430598888389960e-02,1.647665189325775437e-02,6.303687073187344558e-02,5.167267615052243412e-01,1.072907552437482870e-01,2.708746546370122688e-01
7.837939451891068332e-02,2.218008542242902101e-02,5.733709368046056853e-02,4.596458430425806596e-01,1.517900618986929295e-01,2.306675214369261206e-01
1.255102459003173965e-01,6.231437902909842119e-02,1.722295776370416642e-01,2.464962940968648819e-01,2.225144655808729555e-01,1.709350377558047362e-01
5.224263592723700500e-02,6.544952111316611199e-02,9.500952822570132850e-02,3.764255061395795354e-01,1.548947735699437445e-01,2.559780350243722191e-01
4.548921245256033058e-02,3.580940210428571607e-02,8.809178534056079368e-02,5.041504924286135392e-01,1.232071167542791862e-01,2.032519909197004482e-01
7.984758923735071900e-02,8.262141478882904788e-02,5.914266147202719426e-02,3.952323505267272830e-01,1.417930877073377283e-01,2.413628962677279166e-01
5.977527264207919272e-02,7.024578493555896919e-02,1.853374246579704843e-01,2.065269675564424534e-01,2.616830636932537812e-01,2.164314865146950984e-01
5.723070683699735955e-02,5.271371744544160048e-02,5.695020611057126370e-02,3.344067581839602066e-01,1.477263727231315493e-01,3.509722386998980204e-01
6.479863710031828761e-02,1.208832048928182475e-02,1.343914928140817755e-01,4.825904923811256131e-01,9.771341262157590135e-02,2.084176445936166688e-01
1.434049672758574978e-01,3.565566353615769873e-02,3.207173342197532917e-01,1.114528123493884193e-01,2.191198753294264501e-01,1.696493472894166632e-01
7.728582309638133696e-02,1.958987132970546954e-02,1.256496469351677525e-01,3.399284288757034589e-01,2.720716000437227722e-01,1.654746297193191718e-01
9.872479601004809091e-02,1.163007213641691767e-01,8.417133933370125887e-02,4.268336800257256369e-01,1.041644060961467860e-01,1.698050571702090228e-01
7.183811368231142469e-02,4.763011648175018153e-02,6.233995242830048245e-02,4.626930650944469092e-01,1.217829864420667957e-01,2.337157658711241370e-01
8.596046797271936213e-02,3.756488735327342260e-02,1.688932696067940442e-01,2.346916453373671385e-01,2.114479521601109746e-01,2.614417775697350788e-01
1.067864377649279800e-01,6.565084339616461540e-02,1.689150358537440388e-01,2.765402490383911394e-01,1.412689092246670608e-01,2.408385247221052627e-01
4.833639725640948015e-02,6.070908203729118505e-03,1.083395544553722445e-01,4.748518735129614865e-01,1.034003673676392454e-01,2.590008992038883018e-01
7.778670093910189376e-02,5.047452335820185043e-02,2.052479880332436779e-01,2.171457873753084300e-01,3.040599840494298545e-01,1.452850162447141824e-01
7.467386476762562231e-02,9.747466109210488339e-02,3.946818556901393604e-02,3.833897279860647433e-01,1.334065137003959678e-01,2.715870468847949581e-01
2.381190122206202145e-02,4.552829894979438380e-02,1.063312301297316409e-01,2.809527077713282472e-01,2.569256970552875607e-01,2.864501648717959204e-01
1.529999999999999971e-01,2.189999999999999933e-02,3.332999999999999852e-01,0.000000000000000000e+00,1.529999999999999971e-01,3.387999999999999901e-01
1.580787222675771042e-01,7.693261200754321349e-02,2.340960534144930771e-01,7.796818751464044961e-02,3.011760631929050192e-01,1.517483616028411086e-01
2.350408053938555716e-02,3.426622985156340534e-02,2.150783289498470544e-02,6.413213020524283214e-01,6.044817459792676401e-02,2.189523800637111217e-01
1.685616767773257252e-01,8.633216262494923521e-02,2.237600579111765908e-01,9.332248659126066159e-02,2.752974325861354266e-01,1.527261835091522635e-01
1.529999999999999971e-01,2.189999999999999933e-02,3.332999999999999852e-01,0.000000000000000000e+00,1.529999999999999971e-01,3.387999999999999901e-01
7.609418996161111670e-02,7.025714799408855349e-02,8.133576826939871440e-02,3.676394409997921220e-01,1.410345638156796089e-01,2.636388889594298290e-01
6.355509658760435943e-02,8.369085299333353656e-02,1.280952423652128580e-01,2.471898291689723637e-01,2.213432360633405260e-01,2.561257428215364951e-01
1.529999999999999971e-01,2.189999999999999933e-02,3.332999999999999852e-01,0.000000000000000000e+00,1.529999999999999971e-01,3.387999999999999901e-01
7.781866771761260237e-02,2.202140891787352645e-02,1.085408757700742494e-01,3.826259148780169483e-01,1.694740803308503740e-01,2.395190523855722786e-01
1.529999999999999971e-01,2.189999999999999933e-02,3.332999999999999852e-01,0.000000000000000000e+00,1.529999999999999971e-01,3.387999999999999901e-01
1.529999999999999971e-01,2.189999999999999933e-02,3.332999999999999852e-01,0.000000000000000000e+00,1.529999999999999971e-01,3.387999999999999901e-01
3.952532326027209664e-02,2.308266969487905371e-02,7.222180484003348777e-02,4.234028216453014637e-01,1.432274234980087380e-01,2.985399570615051013e-01
6.870774824951236814e-02,8.546000087422038483e-02,8.249827591008208894e-02,3.291221299927368782e-01,1.526935524673578015e-01,2.815182925060905061e-01
8.138941604930663432e-02,3.565983140346297431e-02,7.234887061819225695e-02,4.004401628733630369e-01,1.749611937440229414e-01,2.352005253116521144e-01
2.350408053938555716e-02,3.426622985156340534e-02,2.150783289498470544e-02,6.413213020524283214e-01,6.044817459792676401e-02,2.189523800637111217e-01
7.293294392848567731e-02,2.297756153114320979e-02,1.066717654984685043e-01,4.176226244428776213e-01,2.132560958197021739e-01,1.665390087793226226e-01
1.002694095395677831e-01,8.815158835837737239e-02,9.344233345391705914e-02,2.805752301836667573e-01,1.664987693736381946e-01,2.710626690908327086e-01
6.733193325569183929e-02,4.139609763609253257e-02,2.489383807635602575e-01,2.553963008693278525e-01,2.437524152401869815e-01,1.431848722351404257e-01
1.529999999999999971e-01,2.189999999999999933e-02,3.332999999999999852e-01,0.000000000000000000e+00,1.529999999999999971e-01,3.387999999999999901e-01
1.529999999999999971e-01,2.189999999999999933e-02,3.332999999999999852e-01,0.000000000000000000e+00,1.529999999999999971e-01,3.387999999999999901e-01
2.318591979868122113e-02,1.578072812140464062e-02,1.306161842964249642e-01,4.858976859264003134e-01,8.537758748721267776e-02,2.591418943698761690e-01
3.410932351736440521e-02,6.672810509575662075e-02,1.836500929772722224e-01,2.817608223261625633e-01,2.235763497062082383e-01,2.101753063772359709e-01
1.632242618649223376e-01,9.021597650162142823e-02,1.860300735950409234e-01,1.430808785175240183e-01,2.552215595884070876e-01,1.622272499324840245e-01
1.000414451926318199e-01,4.374961451255723194e-02,2.042274268949091365e-01,2.465775787728655410e-01,2.529567641834070124e-01,1.524471704436292374e-01
1.529999999999999971e-01,2.189999999999999933e-02,3.332999999999999852e-01,0.000000000000000000e+00,1.529999999999999971e-01,3.387999999999999901e-01
1.538921046091450695e-01,7.761268725063176499e-02,2.545498234664140824e-01,1.626206453814059427e-01,2.357091131766781977e-01,1.156156261157249981e-01
1.039117685310478739e-01,4.708212335306090346e-02,2.243930728715552714e-01,2.600462104012727926e-01,2.216445487375830747e-01,1.429222761054800561e-01
4.334138403088281383e-02,7.673466699855178985e-02,1.055521014094426974e-01,3.774978440918499434e-01,1.884502827730240582e-01,2.084237206962487321e-01
4.299363177800839819e-02,7.326546320149243674e-02,2.137919867681858377e-01,2.260538829137076766e-01,2.240087575264301800e-01,2.198862778121755401e-01
1.529999999999999971e-01,2.189999999999999933e-02,3.332999999999999852e-01,0.000000000000000000e+00,1.529999999999999971e-01,3.387999999999999901e-01
5.395224121189633182e-02,6.188098285847043467e-02,4.989479655644949579e-02,4.135021518893567394e-01,1.189223030182842145e-01,3.018475244655428602e-01
1.378665187493961219e-01,8.835810774818882163e-02,1.334990261219687890e-01,2.384867421197501003e-01,1.711241345317025542e-01,2.306654707289937101e-01
3.026737747122974775e-02,1.589325096640983870e-02,1.249760465423854910e-01,4.241148993677987256e-01,1.540160819933886205e-01,2.507323436587875487e-01
5.011239838199518098e-02,2.678193924450461560e-02,1.532360274584375348e-01,3.975789359872695106e-01,2.345227409135724750e-01,1.377679580142208149e-01
1.531932005941085972e-01,7.937963182244328619e-02,2.504781525906332740e-01,8.796837125036861826e-02,2.628395327310719676e-01,1.661411110113743261e-01
1.529999999999999971e-01,2.189999999999999933e-02,3.332999999999999852e-01,0.000000000000000000e+00,1.529999999999999971e-01,3.387999999999999901e-01
6.451072725789297468e-02,4.037104748435836610e-02,2.776965153994042645e-01,2.082965173701082917e-01,2.709900785422619252e-01,1.381351139459743027e-01
1.415440556604075362e-01,5.975901853317032442e-02,1.261249869435550897e-01,2.272021132366248142e-01,2.932204734826209247e-01,1.521493521436214080e-01
1.529999999999999971e-01,2.189999999999999933e-02,3.332999999999999852e-01,0.000000000000000000e+00,1.529999999999999971e-01,3.387999999999999901e-01
1.242790539425990826e-01,8.071198650079115799e-02,1.415864484688192926e-01,3.304379309499776984e-01,1.255283689546951853e-01,1.974562111831176525e-01
1.024588974453660151e-01,3.168858984995237549e-02,2.701028940851065152e-01,2.499902032509528360e-01,1.538296303133926402e-01,1.919297850552295626e-01
2.064784858892157460e-01,9.374503479699967945e-02,1.445008639867773337e-01,1.785409599469746922e-01,2.197832029375378915e-01,1.569514524424946988e-01
3.620802444466196535e-02,3.008408056947943846e-02,1.481563402801500395e-01,2.891899700102898985e-01,2.648161007915628140e-01,2.315454839038557644e-01
1.529999999999999971e-01,2.189999999999999933e-02,3.332999999999999852e-01,0.000000000000000000e+00,1.529999999999999971e-01,3.387999999999999901e-01
4.387758582197952978e-02,6.396316909595298195e-02,3.250110822189791054e-02,4.432907877004971797e-01,1.153914873553613246e-01,3.009758618043110179e-01
0.000000000000000000e+00,1.983250467611982325e-03,4.444763578819917876e-02,5.638788019714141564e-01,6.854117572958029481e-02,3.211491360431943942e-01
1.423226171009118329e-02,5.359250245114987460e-02,6.961596770944830648e-02,3.341296133676870950e-01,7.816224069724841961e-02,4.502674140643751488e-01
1.694711012277634044e-01,1.108796421243983255e-01,2.489651011804502878e-01,1.052946649179414829e-01,2.828295806509947274e-01,8.255990989845185535e-02
4.515187999297429200e-02,1.634824166884964528e-02,7.706451564545496735e-02,3.988788533874833564e-01,1.245529288648141580e-01,3.380035804404236677e-01
1.529999999999999971e-01,2.189999999999999933e-02,3.332999999999999852e-01,0.000000000000000000e+00,1.529999999999999971e-01,3.387999999999999901e-01
5.094219488257401007e-02,5.842858456835220426e-02,5.449766585028947841e-02,3.962894099294210215e-01,1.122875157761962089e-01,3.275546289931671184e-01
3.678992931145740747e-02,6.278469537339330386e-02,1.737949996751098902e-01,3.601902204012775721e-01,1.642782439547681994e-01,2.021619112839936061e-01
1.529999999999999971e-01,2.189999999999999933e-02,3.332999999999999852e-01,0.000000000000000000e+00,1.529999999999999971e-01,3.387999999999999901e-01
1.529999999999999971e-01,2.189999999999999933e-02,3.332999999999999852e-01,0.000000000000000000e+00,1.529999999999999971e-01,3.387999999999999901e-01
1.178827672272898114e-01,7.107012790167938077e-02,1.041797335600138791e-01,3.306339342199500764e-01,1.584145777514181230e-01,2.178188593396488126e-01
9.408108093937239680e-02,4.683102758802862309e-02,2.178399893338647808e-01,2.471668332531171963e-01,2.690030378875540862e-01,1.250780309980628890e-01
4.001959934588485146e-02,3.525987415540346448e-02,4.954608335942797120e-02,3.792195150959998817e-01,1.320590337967490480e-01,3.638958942465347901e-01
8.502024367104335512e-02,4.945130375481112533e-02,2.620282162509632307e-01,2.410199910492299424e-01,2.165944400027364491e-01,1.458858052712158904e-01
9.159815635516750654e-02,3.992747841700156758e-02,1.793166449948251917e-01,2.095756002067561963e-01,2.317293325610899069e-01,2.478527874651596519e-01
1.529999999999999971e-01,2.189999999999999933e-02,3.332999999999999852e-01,0.000000000000000000e+00,1.529999999999999971e-01,3.387999999999999901e-01
6.541176129893777613e-02,5.563763093447627456e-02,1.796307166770362562e-01,3.347541966507329714e-01,1.400213312236337493e-01,2.245443632151828961e-01
3.777215174231692008e-02,4.470645060648453795e-02,4.957918514731930737e-02,5.749232041731333620e-01,5.549344772023580979e-02,2.375255606105101669e-01
4.405141405299270452e-02,2.578783581550814913e-02,1.803095762575206429e-01,3.656884051825871063e-01,2.208129910451544775e-01,1.633497776462368989e-01
7.183811368231142469e-02,4.763011648175018153e-02,6.233995242830048245e-02,4.626930650944469092e-01,1.217829864420667957e-01,2.337157658711241370e-01
3.462367783520458459e-02,9.125775894233701876e-03,5.419512133513913060e-02,4.674296119358084534e-01,1.439058160405324027e-01,2.907199969590817945e-01
8.943802149593310657e-02,6.437873423772230708e-02,1.349089770835925906e-01,2.855410024387202705e-01,2.196004339594899712e-01,2.061328307845417540e-01
1.529999999999999971e-01,2.189999999999999933e-02,3.332999999999999852e-01,0.000000000000000000e+00,1.529999999999999971e-01,3.387999999999999901e-01
1.417190267937586123e-01,3.767086579401638519e-02,2.974012827554921023e-01,1.649087830141319766e-01,2.075386031084842653e-01,1.507614385341165819e-01
1.195142343459098949e-01,4.693930665323316903e-02,2.867413296516622689e-01,1.303906203042626555e-01,2.163472852356961018e-01,2.000672238092359168e-01
1.529999999999999971e-01,2.189999999999999933e-02,3.332999999999999852e-01,0.000000000000000000e+00,1.529999999999999971e-01,3.387999999999999901e-01
1.529999999999999971e-01,2.189999999999999933e-02,3.332999999999999852e-01,0.000000000000000000e+00,1.529999999999999971e-01,3.387999999999999901e-01
1.423583355332544431e-01,6.594903170229747535e-02,2.147776815017458374e-01,8.490422299937372408e-02,3.328413585762021731e-01,1.591693696871263886e-01
1.088680684043679264e-01,4.696939868292513559e-02,1.159480250484896530e-01,3.304682682238458402e-01,1.466928955610272423e-01,2.510533440793440985e-01
1.741705473960495354e-01,3.935624773747507799e-02,2.767126632245653362e-01,1.671010645207721967e-01,2.040979193364972633e-01,1.385615577846405211e-01
9.198336200031284604e-02,8.069478291277665249e-02,1.374681330789891964e-01,1.995169954869427109e-01,2.422856229312048415e-01,2.480511035897736694e-01
1.529999999999999971e-01,2.189999999999999933e-02,3.332999999999999852e-01,0.000000000000000000e+00,1.529999999999999971e-01,3.387999999999999901e-01
5.435464170909512505e-02,2.620103117730497935e-02,1.994596041203066661e-01,3.422207064641556995e-01,2.182177303893143572e-01,1.595462861398233012e-01
7.180482830220111246e-02,4.742010338136932318e-02,2.389425848343399716e-01,2.603782122970155211e-01,2.267427565079782881e-01,1.547115146770955962e-01
1.517071191641323757e-01,3.668667107456489995e-02,2.922021137414848035e-01,1.606003512854548010e-01,2.137202224009356333e-01,1.450835223334273894e-01
4.755408078078034173e-02,4.954403276837100745e-02,5.813024634323146755e-02,3.893171107010243159e-01,1.500509702705498660e-01,3.054035591360430013e-01
1.529999999999999971e-01,2.189999999999999933e-02,3.332999999999999852e-01,0.000000000000000000e+00,1.529999999999999971e-01,3.387999999999999901e-01
1.529999999999999971e-01,2.189999999999999933e-02,3.332999999999999852e-01,0.000000000000000000e+00,1.529999999999999971e-01,3.387999999999999901e-01
5.997407796793750162e-02,8.371482471443868201e-02,1.540651612416474303e-01,2.455053987556585771e-01,2.674019901460810145e-01,1.893385471742368986e-01
1.010554026356559471e-01,1.661383819124080674e-02,5.212182028393205768e-02,3.497378193000129643e-01,1.367215606088784952e-01,3.437495589802797569e-01
5.193437706508556573e-02,2.552178320570307885e-02,1.332331810794248061e-01,2.863784892582175168e-01,2.021232049538379261e-01,3.008089644377311411e-01
8.646501558135180621e-02,8.049683894231704495e-02,1.015921358533093538e-01,3.719110273897676122e-01,1.170497257727861062e-01,2.424852564604681182e-01
7.439282315248335609e-02,4.515230417122250567e-02,1.532271518517240583e-01,2.886270494458342273e-01,1.987424500545362238e-01,2.398582213241996219e-01
1.529999999999999971e-01,2.189999999999999933e-02,3.332999999999999852e-01,0.000000000000000000e+00,1.529999999999999971e-01,3.387999999999999901e-01
1.529999999999999971e-01,2.189999999999999933e-02,3.332999999999999852e-01,0.000000000000000000e+00,1.529999999999999971e-01,3.387999999999999901e-01
