8.362130587790914116e-02,1.237669761628278770e-01,1.639352021030530959e-01,2.459988816114133392e-01,2.385421838067875444e-01,1.441354504380090162e-01
3.661728630395213319e-02,2.790579481406569098e-02,1.231949833531969241e-01,4.099882296634183576e-01,7.014991653398428006e-02,3.321437893313826106e-01
9.139133181437064657e-02,5.256140251827436105e-02,2.278868212539361948e-01,1.803733992694093458e-01,1.746963360556431366e-01,2.730907090883663568e-01
1.529999999999999971e-01,2.189999999999999933e-02,3.332999999999999852e-01,0.000000000000000000e+00,1.529999999999999971e-01,3.387999999999999901e-01
1.347019029218221933e-02,6.632808569816122692e-03,8.778566485522314167e-02,5.130121691335771672e-01,6.770723017538689270e-02,3.113919369738144538e-01
8.958379089923590444e-02,8.876957814524387425e-02,4.947984808395591849e-02,3.735454001017549097e-01,1.169201154748382709e-01,2.817012672949710805e-01
1.301179450807181115e-01,6.233494967818162258e-02,2.746403440720681099e-01,1.156682713824616071e-01,3.063731738917286340e-01,1.108653158948418732e-01
3.829020554107074453e-02,7.868720790337666027e-03,6.053708382701093738e-02,6.055314950243160244e-01,2.085980612711157284e-02,2.669126886901530549e-01
7.868428274183439375e-02,1.225833337466200601e-01,1.995640981175445805e-01,1.560800374781250444e-01,2.245524865636103484e-01,2.185357613522656284e-01
9.120660440071121089e-02,4.570130864084132744e-02,1.577233714101355100e-01,2.198750211577188973e-01,2.282233706043968746e-01,2.572703237861961867e-01
7.158394780846293048e-02,3.806316253727327903e-02,1.948677984717079592e-01,3.994656839957451688e-01,1.186594998336966550e-01,1.773599073531140213e-01
2.396927215641180345e-02,1.309096750968658657e-02,4.259692947170520133e-02,3.634699031861535756e-01,1.480395285945778905e-01,4.088333990814649876e-01
1.004169925826194631e-01,1.142013585718750640e-01,1.356490877701158337e-01,7.662361955548864512e-02,2.555547990048008256e-01,3.175541425151001129e-01
9.507989237726338638e-02,4.904706491477587443e-02,2.082107180469225938e-01,1.244469484848544361e-01,3.615349895759580878e-01,1.616803866002255452e-01
8.780329651818195857e-02,5.395313087313339390e-02,1.823505324191066479e-01,3.219816011233858633e-01,2.155030505729536028e-01,1.384083884932385267e-01
4.063619103634017599e-02,2.173255477220727497e-02,3.339466921136654415e-02,5.270833056866547350e-01,1.716655507416133541e-01,2.054877285518179608e-01
1.817797975533061439e-02,8.422315803508927459e-03,7.088967655196167991e-03,5.493394371048566649e-01,9.621218013533482105e-02,3.207591195457727418e-01
1.810310691433067096e-02,4.788650944490447856e-03,1.169185666098586512e-01,5.938551052028691046e-01,1.564579367655673792e-01,1.098766335628837687e-01
1.529999999999999971e-01,2.189999999999999933e-02,3.332999999999999852e-01,0.000000000000000000e+00,1.529999999999999971e-01,3.387999999999999901e-01
6.121528178627120426e-02,7.457127122019162335e-02,1.904637141605398098e-01,2.672795803644123502e-01,2.413520195749585817e-01,1.651181328936264514e-01
1.727744831024567440e-01,1.464906047766259822e-01,2.157940506813717241e-01,1.626939459289748757e-01,2.102574828223081616e-01,9.198943268826251241e-02
4.011455950467564952e-02,7.624550196231069665e-02,2.024890082636303656e-01,2.662342353585636090e-01,9.289728878200932682e-02,3.220194061288102483e-01
6.701628622869978957e-02,3.838770492482552338e-02,3.842482639983664516e-02,4.528595267603909291e-01,1.277389234412904528e-01,2.755727322449567640e-01
9.263685242785106577e-02,1.050670765560691583e-01,2.050120469615613894e-01,1.179897654995238909e-01,2.747637770792787371e-01,2.045304814757156753e-01
5.415393137774163201e-02,3.586532101847075132e-02,1.782398690556106224e-01,3.109807989781526172e-01,1.819024582155495395e-01,2.388576213544748583e-01
1.697777000055898933e-01,8.520281021667801269e-02,1.897120312798514230e-01,1.090195424040157623e-01,2.577364154888476810e-01,1.885515006050171305e-01
1.185811932069478630e-01,6.269581715069708072e-02,2.494003886557776550e-01,1.131255369068048799e-01,3.200794028429078120e-01,1.361176612368646122e-01
7.586772498164645606e-02,7.100436486597667962e-02,4.278694932462469985e-02,4.326506197654204078e-01,1.016154656994959216e-01,2.760748753628359253e-01
1.489282976422208193e-01,7.250171544217808017e-02,2.346449186709132217e-01,5.647442306697229852e-02,4.448297860220405964e-01,4.262085915567496996e-02
1.529999999999999971e-01,2.189999999999999933e-02,3.332999999999999852e-01,0.000000000000000000e+00,1.529999999999999971e-01,3.387999999999999901e-01
1.110369820384676381e-01,7.122085710993540653e-02,4.175681811332922211e-02,3.512676220840258989e-01,1.740817441680075350e-01,2.506359764862343686e-01
1.433549327711699795e-01,9.515233692812552491e-02,2.369240307040814675e-01,1.443905166961213793e-01,2.913738696402134454e-01,8.880431326028837002e-02
4.289419858947161185e-02,1.472592118407089860e-02,1.134441641049019622e-01,3.223618653824249503e-01,3.323046839699152488e-01,1.742691667692153890e-01
1.316889720925530360e-01,8.976057754432037461e-02,4.350880000953737115e-02,3.404058792853666970e-01,1.557483884425487908e-01,2.388873826256737165e-01
1.739759026820884569e-01,8.747734189817205075e-02,2.580600675815507561e-01,2.955610706889940861e-02,3.816505228499514346e-01,6.928005791933798674e-02
5.902962933776129129e-02,1.512175729657532983e-02,2.355967355518495329e-02,4.250588887248845649e-01,1.354769220802494456e-01,3.417531290053444359e-01
6.834090903757415736e-02,5.408419509810455383e-02,2.832884078632267461e-02,5.013055731056165198e-01,1.663426455169252360e-01,1.815978364554569346e-01
1.438184382339018075e-01,5.484385687486025701e-02,8.212571088516419648e-02,3.063588270907931510e-01,2.336960663115143777e-01,1.791571006037661062e-01
8.815296348163861873e-02,8.935413622890828189e-02,2.358888371497592784e-01,1.143312881207625697e-01,2.738265884093316060e-01,1.984461866095997007e-01
9.270965010178963683e-02,1.364115042463284189e-01,2.407436938831683249e-01,8.783793544489944261e-02,1.745111857233635488e-01,2.677860306004506419e-01
4.524225361349201030e-02,7.393475850834689556e-02,1.697727446143405816e-01,3.104539151371170647e-01,2.284045087685119824e-01,1.721918193581915002e-01
9.601021362699228845e-02,2.507440783873745097e-02,2.422187049477681486e-01,1.629590748776157394e-01,2.571794477518038469e-01,2.165581509570824736e-01
5.806391576697742668e-02,3.213123054430798431e-02,1.622932400538949216e-01,3.212101921828932616e-01,1.241484411123835174e-01,3.021529803395429647e-01
7.423112149685497096e-02,9.489243597268433306e-02,9.314207667214023656e-02,2.453859087871932965e-01,1.975109025770050708e-01,2.948375544941220783e-01
3.531537506840959351e-02,5.148573063134720407e-02,3.231597102138415029e-02,6.142437570049257278e-01,7.717209512123116011e-02,1.894670711527022267e-01
1.430459931568925647e-01,4.469053296414123716e-02,2.695256603661063122e-01,2.289153255991757396e-01,1.584376209953855530e-01,1.553848669182988085e-01
1.904205878793606421e-02,8.822665379740548403e-03,2.400144322790001214e-02,4.939404600807706380e-01,1.065215730351036089e-01,3.476717994885492047e-01
5.370107325365285067e-02,1.359381023824934517e-02,5.287518827572985219e-02,4.581269382823574543e-01,2.542344408628853247e-01,1.674685490871252180e-01
6.544315876306479318e-02,6.067776770416494908e-02,5.570703751026732237e-02,3.716035108399735609e-01,1.012299811693906232e-01,3.453385440131387929e-01
1.345959144426960886e-02,7.281356704125294121e-02,2.286593871969969452e-02,2.996078257406199485e-01,1.112794778823458924e-01,4.799735991718119821e-01
1.529999999999999971e-01,2.189999999999999933e-02,3.332999999999999852e-01,0.000000000000000000e+00,1.529999999999999971e-01,3.387999999999999901e-01
1.529999999999999971e-01,2.189999999999999933e-02,3.332999999999999852e-01,0.000000000000000000e+00,1.529999999999999971e-01,3.387999999999999901e-01
9.722307169742780419e-02,6.770940870960560909e-02,3.065924471896815939e-01,2.067263096013077783e-01,1.698647579519126094e-01,1.518840048500647300e-01
3.401833017471517229e-02,4.188680294828970446e-03,8.131505041978667747e-02,5.464104104349833957e-01,7.898644422436683354e-02,2.550810844513189402e-01
4.456184948298492349e-02,8.276174229613247890e-02,9.870183798065590430e-02,3.857076265615070887e-01,1.023787007239355257e-01,2.858882429547839332e-01
6.360128026165608184e-02,5.393025820600884368e-02,1.770351755229792878e-01,3.499657513841917256e-01,2.071956816662409440e-01,1.482718529589230894e-01
9.584359402601602684e-02,4.261592474618913773e-02,3.132528593110333603e-01,1.054167097884196741e-01,3.079417301368166382e-01,1.349291819915252322e-01
7.342944126895013801e-02,7.951731754052780710e-02,1.871925833686213236e-01,3.207915442750938206e-01,1.525575700062641871e-01,1.865115435405426403e-01
1.203189805882236285e-01,8.146681136597092032e-02,1.963526350868082804e-01,1.853428282109319258e-01,2.175530407743976880e-01,1.989657039736675292e-01
1.647500858051222372e-01,8.466210570151531944e-02,8.234412666257451274e-02,3.121793942848823944e-01,1.764621145389109746e-01,1.796021730069944644e-01
1.766419437404102011e-01,1.057341827733666167e-01,1.132869796070624796e-01,3.095357617457067390e-01,1.225970287510107504e-01,1.722041033824431022e-01
9.186875164353321133e-02,3.207151619232311013e-02,5.717339911870408797e-02,4.252076743794717117e-01,1.353693649154169565e-01,2.583092937505507836e-01
5.399784545422461196e-02,4.918898389853337133e-02,2.420904404692827139e-01,1.993057349210450580e-01,2.116928445242611534e-01,2.437241507326532719e-01
9.939535525022305529e-02,8.561565860246020399e-02,2.180720732909691983e-01,2.542003210560827009e-01,1.819239603447761755e-01,1.607926314554886937e-01
1.825804029094508021e-02,5.312487594514193889e-02,1.291536916217264908e-01,4.107687355700272436e-01,1.369166382484535149e-01,2.517780183237057212e-01
6.574587440690664308e-02,7.713689916424722182e-02,9.930242616219084328e-02,2.512922882792992807e-01,2.169321161009473420e-01,2.895903958864086691e-01
6.739707721473073287e-02,9.764570446870936282e-02,7.363520764984073097e-02,2.890459147295615927e-01,1.620808298935171587e-01,3.101952660436403941e-01
1.024105411638069202e-01,5.417522212843643714e-02,1.911751389378107124e-01,2.510372468600337581e-01,2.568181023769015026e-01,1.443837485330106696e-01
9.736136930523736632e-02,4.417000964089135701e-02,2.311255963629757770e-01,1.648874483921665413e-01,2.632746560925675605e-01,1.991809202061614603e-01
2.896381531325437422e-02,0.000000000000000000e+00,1.314401967421730266e-01,3.307468345451787806e-01,1.715069818966146742e-01,3.373421715027791756e-01
1.529999999999999971e-01,2.189999999999999933e-02,3.332999999999999852e-01,0.000000000000000000e+00,1.529999999999999971e-01,3.387999999999999901e-01
1.097651488989184465e-01,7.871170132591323587e-02,1.296795059971284914e-01,3.158564462472924217e-01,1.606847610636008838e-01,2.053024364671466040e-01
8.077906762611666847e-02,1.252203637490091961e-02,2.834761732780005095e-01,2.148744861179887056e-01,2.628187235058874194e-01,1.455295130971057393e-01
9.808750553455065913e-02,6.641429689306067863e-02,2.767638847758031526e-02,3.945068528543636543e-01,1.274190048004668618e-01,2.858959514399776469e-01
1.053684381667175374e-01,8.203999542794497557e-02,2.716728526885632267e-01,1.846066406011355188e-01,2.014359648910840350e-01,1.548761082245548037e-01
8.927972741803247292e-02,6.311236843238808569e-02,6.793847837786319566e-02,3.358745034503731186e-01,1.505614065501953425e-01,2.932335157711477569e-01
1.519227376983715017e-01,6.672592906380299393e-02,2.299181072013325722e-01,1.872043924348648289e-02,2.557866517075916835e-01,2.769261350854148040e-01
9.786752403298715208e-02,3.909042843063507966e-02,3.190275324536431256e-01,1.612174391898046621e-01,2.286303681420956135e-01,1.541667077508343808e-01
1.529999999999999971e-01,2.189999999999999933e-02,3.332999999999999852e-01,0.000000000000000000e+00,1.529999999999999971e-01,3.387999999999999901e-01
1.817797975533061439e-02,8.422315803508927459e-03,7.088967655196168859e-03,5.493394371048567759e-01,9.621218013533483493e-02,3.207591195457727418e-01
2.856741247636846587e-02,1.756359698677009695e-02,1.198031829145065619e-01,3.987693120068701025e-01,1.385788533429976876e-01,2.967176422724869811e-01
8.799061151370579648e-02,5.771726152807020449e-02,1.723988863178091968e-01,3.954558948225377901e-01,1.187354646113726042e-01,1.677018812065042830e-01
9.852156760548269610e-02,6.274527200693229279e-02,2.545154913638847383e-01,1.710190972213943283e-01,2.331136533582882642e-01,1.800849184440174999e-01
9.673897436757249169e-02,8.229885089212211555e-03,3.955467578796315054e-01,1.931446141983813314e-01,1.861031919220016428e-01,1.202365765432008710e-01
1.529999999999999971e-01,2.189999999999999933e-02,3.332999999999999852e-01,0.000000000000000000e+00,1.529999999999999971e-01,3.387999999999999901e-01
1.189595828321767940e-01,5.562950136265618767e-02,2.413176297073305054e-01,1.136176553595272115e-01,3.665393354771964707e-01,1.039362952611127960e-01
3.400865644203833471e-02,8.742064852997621233e-03,7.358096802391137642e-03,4.891058421514196675e-01,1.124755129757103594e-01,3.483098267754428101e-01
8.715696884295909275e-02,6.735318549200418337e-02,3.785332770511646433e-02,4.484543965168399371e-01,1.177854918027219783e-01,2.413966296403585177e-01
9.222015724263873948e-02,5.412680501678821671e-02,1.978924758936105588e-01,2.682473793958774499e-01,1.796123722085884722e-01,2.079008102424965976e-01
1.870825420495021985e-01,1.125808277366888571e-01,2.413360926582821808e-01,4.101043519589876729e-02,3.552612975967145426e-01,6.272880476291331497e-02
1.323361340383912843e-01,4.819817163410626548e-02,1.170793230841218613e-01,3.590858915254089845e-01,7.315906929203568054e-02,2.701414104259360349e-01
9.241213267678986820e-02,1.407513212304249695e-01,1.352828592994080592e-01,1.503547557701177817e-01,2.925563261031123297e-01,1.886426049201470057e-01
8.031278641832263754e-02,2.454059005722538517e-02,1.126976948998668765e-01,4.357897785859234374e-01,1.670541765487691677e-01,1.796049734898923778e-01
1.529999999999999971e-01,2.189999999999999933e-02,3.332999999999999852e-01,0.000000000000000000e+00,1.529999999999999971e-01,3.387999999999999901e-01
1.654034482636881076e-01,1.748253753729288873e-01,1.985799971058720415e-01,7.792907923516180502e-02,2.312339498187310771e-01,1.520281502036180399e-01
2.965753717096157246e-02,0.000000000000000000e+00,1.631525574620267538e-01,3.681237631432978663e-01,1.842426815800490281e-01,2.548234606436647343e-01
1.353894148060886815e-01,2.461521308961285570e-02,3.222083814544705604e-01,1.631167975000052117e-01,1.910372294502428459e-01,1.636329636995799419e-01
9.028602687399747695e-02,4.236125917511721073e-02,2.086190480370538336e-01,2.174733904314977984e-01,2.480795869818107902e-01,1.931806885005228624e-01
4.909529158521133002e-02,8.667376451501215828e-02,2.015192725144702157e-01,1.451810091803004965e-01,2.965615287755328233e-01,2.209691334294730802e-01
3.436844987425987513e-02,2.339174672081230713e-02,1.346438476652602467e-01,3.621350993822657904e-01,1.120128714096932099e-01,3.334479849477086644e-01
1.288349071754319453e-01,5.490879529962964384e-02,1.795973935152312406e-01,1.818237508541364067e-01,2.908391014478659553e-01,1.639960517077048152e-01
1.137102357591912305e-01,3.506337628449683608e-02,1.484613908027821449e-01,2.605972270901557586e-01,1.415520461851132450e-01,3.006157238782608543e-01
8.960220833941416607e-02,1.014885668622036857e-01,2.194742938087181350e-01,1.457010872918483302e-01,1.965541223201864030e-01,2.471797213776293078e-01
3.918079035845879743e-02,2.183652444655775904e-02,5.053523664477974076e-02,4.800517721683662531e-01,1.228927473456311176e-01,2.855029290362064431e-01
4.405874988180479013e-02,7.880814716793962948e-02,4.018839015965873507e-02,4.868790712644594509e-01,4.885227451644334057e-02,3.012133670096939775e-01
1.529999999999999971e-01,2.189999999999999933e-02,3.332999999999999852e-01,0.000000000000000000e+00,1.529999999999999971e-01,3.387999999999999901e-01
1.178288077366801273e-01,6.188745945082411298e-02,3.073691628178932822e-01,0.000000000000000000e+00,4.369730027107336379e-01,7.594156728386880495e-02
8.491254068842160607e-02,2.238415676031539625e-02,9.734217325141761301e-02,3.237687341696465770e-01,2.865649793072161389e-01,1.850274158229826271e-01
1.997944397013527995e-01,5.633092387378926119e-02,1.553734482871416411e-01,2.245270568799264677e-01,1.560039055550907217e-01,2.079702257026992129e-01
6.206824052312218121e-02,3.261241455461043326e-02,1.871607320702993738e-01,3.488329426528716803e-01,2.002869258142279674e-01,1.690387443848683779e-01
3.340183252680689607e-02,9.194179436321092691e-02,1.357840906328684205e-01,1.765849292820206029e-01,1.848690305255166755e-01,3.774183226695764781e-01
1.266153458301280399e-01,6.057111203513459302e-02,9.636253863408315856e-02,2.091369238238702799e-01,2.320066645676328587e-01,2.753074151091510768e-01
8.856445016368133527e-02,5.849829651751497356e-02,2.164024410312636315e-01,1.189318470689838259e-01,3.208411818675467875e-01,1.967617833510094671e-01
5.535018037086287396e-02,3.195764311019424347e-02,5.630685612540060198e-02,3.893447507919410855e-01,1.634501554136477686e-01,3.035904141879533502e-01
1.337648376863946609e-01,7.875567288609111594e-02,2.488040327202305502e-01,1.718427668478590964e-01,2.634034293495364221e-01,1.034292605098881823e-01
4.565037616504616369e-02,2.288176456789187130e-02,2.401414921746025943e-01,3.629615328891963588e-01,2.264838976958772898e-01,1.018809365073856943e-01
9.571086516121408982e-02,7.358288641576556099e-02,1.768464260121658527e-01,2.694596366966447443e-01,1.146720749320685462e-01,2.697281107821411505e-01
3.813283794578083835e-02,7.522854416801615096e-02,1.780297454810277069e-01,3.397715760746974900e-01,8.507168118069949325e-02,2.837656151497784385e-01
1.529999999999999971e-01,2.189999999999999933e-02,3.332999999999999852e-01,0.000000000000000000e+00,1.529999999999999971e-01,3.387999999999999901e-01
1.529999999999999971e-01,2.189999999999999933e-02,3.332999999999999852e-01,0.000000000000000000e+00,1.529999999999999971e-01,3.387999999999999901e-01
1.289869531853104212e-01,5.587288929903346663e-02,1.927737927813972796e-01,1.749790928534095125e-01,2.251318646933332390e-01,2.222554071875161297e-01
1.529999999999999971e-01,2.189999999999999933e-02,3.332999999999999852e-01,0.000000000000000000e+00,1.529999999999999971e-01,3.387999999999999901e-01
7.705374315690557974e-02,3.678059678712952696e-02,2.764547660328033896e-01,7.799591415368870018e-02,3.462557593671177769e-01,1.854592205023549434e-01
7.557046595194913396e-02,7.848585525156671905e-02,1.795432808104092948e-01,2.265758829858890711e-01,3.185251485323566389e-01,1.212993664678291839e-01
1.529999999999999971e-01,2.189999999999999933e-02,3.332999999999999852e-01,0.000000000000000000e+00,1.529999999999999971e-01,3.387999999999999901e-01
4.141345234942829523e-02,4.947971737815306387e-02,1.962778161347406292e-01,3.019848740417977462e-01,1.612052055301389786e-01,2.496389345657412939e-01
1.529999999999999971e-01,2.189999999999999933e-02,3.332999999999999852e-01,0.000000000000000000e+00,1.529999999999999971e-01,3.387999999999999901e-01
5.742604566639066682e-02,7.236121140870198365e-02,9.602040008415263506e-02,2.403591196844960809e-01,1.398699595629709636e-01,3.939632635932877047e-01
1.529999999999999971e-01,2.189999999999999933e-02,3.332999999999999852e-01,0.000000000000000000e+00,1.529999999999999971e-01,3.387999999999999901e-01
3.443146779439011651e-02,6.694968587988263387e-02,1.793990844523885297e-01,2.390235933412120928e-01,1.126041513447339215e-01,3.675920171873925946e-01
7.142514904307371848e-02,3.817227001628747257e-02,2.096666093523327223e-01,3.451978442125499535e-01,1.895403091401269280e-01,1.459978182356292398e-01
3.756315596588891137e-02,4.090667093536696358e-02,2.173822103018311913e-01,1.641762911749339304e-01,4.026641127911079199e-01,1.373075588308710904e-01
1.767514975589111748e-01,4.492230707599827871e-02,2.875350446719234232e-01,1.644970945892471614e-01,1.554502196093220656e-01,1.708438364945980004e-01
4.181003779173255580e-02,2.008626231843824855e-02,9.413663157114407487e-02,4.374561281850938843e-01,9.029474370505492786e-02,3.162161964285362670e-01
7.016522973751446179e-02,2.056320956885069121e-02,2.736564451058688396e-01,1.661958674866885824e-02,4.892856544785528228e-01,1.297098743605443472e-01
2.550320838744620788e-01,4.392782432997044406e-02,4.646094502698659701e-02,1.369864399045993830e-01,1.476856614555938640e-01,3.699070454083877024e-01
8.867018899593044623e-02,4.358251291806645999e-02,2.389853636020542182e-01,1.165101940229235217e-01,3.274966482044819327e-01,1.847550922565434628e-01
1.504919640195098163e-01,5.962566147394866151e-02,1.490199624371317533e-01,1.205976450852865728e-01,3.283749040044698919e-01,1.918898629796531030e-01
1.529999999999999971e-01,2.189999999999999933e-02,3.332999999999999852e-01,0.000000000000000000e+00,1.529999999999999971e-01,3.387999999999999901e-01
1.076072641751120440e-01,1.053206239522189724e-01,1.733155787357882061e-01,2.372872870192507533e-01,2.012656624834710806e-01,1.752035836341589992e-01
1.529999999999999971e-01,2.189999999999999933e-02,3.332999999999999852e-01,0.000000000000000000e+00,1.529999999999999971e-01,3.387999999999999901e-01
2.157891267568586013e-02,7.083673866788926798e-02,9.172960962088841375e-02,2.220721819240219497e-01,1.934703176640432676e-01,4.003122394474712409e-01
9.891229889869963821e-02,9.030151793342426625e-02,2.309507205504691130e-01,1.132606704695096334e-01,2.755463643067833091e-01,1.910284278411140402e-01
1.529999999999999971e-01,2.189999999999999933e-02,3.332999999999999852e-01,0.000000000000000000e+00,1.529999999999999971e-01,3.387999999999999901e-01
1.697777000055899210e-01,8.520281021667804044e-02,1.897120312798513952e-01,1.090195424040157485e-01,2.577364154888476810e-01,1.885515006050171583e-01
7.116846879765803546e-02,6.082606485169299998e-02,1.675417873739894481e-01,2.620591342333257745e-01,1.635380327255196165e-01,2.748665120178142018e-01
1.560626228084236455e-01,9.170166738943626161e-02,1.219751633116139405e-01,1.484453335627849424e-01,1.991752820249868550e-01,2.826399309027543549e-01
6.725085080264615878e-02,7.244935624520341955e-02,1.869828351892929841e-01,2.644209054105011170e-01,2.563364198272997108e-01,1.525596325250565544e-01
8.912783101101365291e-02,9.034228730840160315e-02,2.011555580403840415e-01,1.492364062149129367e-01,2.484914776800203340e-01,2.216464397452673485e-01
9.175694203022308204e-02,5.926111648903130413e-02,1.642657077316145853e-01,3.357707862852994940e-01,1.570326779010371432e-01,1.919127695627944330e-01
1.375773620596448255e-01,2.835585424235543064e-02,3.147499941938976531e-01,1.577598159685185408e-01,2.117330641736608066e-01,1.498239093619227191e-01
8.250638287907136048e-02,4.933490626789515526e-02,2.881379085806395901e-01,2.430287815973906362e-01,2.140300973305460930e-01,1.229619233444571441e-01
6.625530962262986268e-02,2.517299754748104565e-02,1.398164995800380839e-01,2.897507649036150101e-01,3.222088330832298397e-01,1.567955952630060990e-01
1.279854296406646441e-01,1.079323667040076179e-01,1.842737014118518146e-01,1.523915312475924710e-01,2.303541848547671633e-01,1.970627861411162196e-01
1.529999999999999971e-01,2.189999999999999933e-02,3.332999999999999852e-01,0.000000000000000000e+00,1.529999999999999971e-01,3.387999999999999901e-01
7.142514904307371848e-02,3.817227001628747257e-02,2.096666093523327223e-01,3.451978442125499535e-01,1.895403091401269280e-01,1.459978182356292120e-01
1.437543798453843613e-01,2.745940298556174414e-02,3.401575240951140722e-01,1.681233868307785151e-01,1.459584183052181350e-01,1.745468879379431792e-01
1.964028544265707110e-02,6.940096317487926339e-03,9.813582313680956071e-02,4.521730714196219858e-01,1.665198652629823473e-01,2.565908584204411036e-01
1.745572237068060417e-02,1.516132041208841791e-02,8.807275537187655989e-02,4.555073182001793675e-01,1.010899517687172539e-01,3.227129318764577204e-01
3.416508646204344246e-02,2.207165006245847411e-02,2.065244283396103220e-02,5.513839917096859944e-01,1.052091700509605182e-01,2.665176588808905733e-01
7.552166892510728258e-02,4.084109628966957339e-02,2.032156753098387503e-01,3.570742151763742767e-01,2.030913759755675896e-01,1.202559683234424442e-01
4.562817777274475600e-02,8.161539214267150844e-02,4.161995098645815405e-02,4.791378274080743127e-01,5.059245376273704270e-02,3.014061979273141012e-01
0.000000000000000000e+00,0.000000000000000000e+00,4.346044224911390502e-02,6.261717244253918180e-01,8.093837064602814324e-02,2.494294626794662517e-01
6.518393054769099082e-02,5.863872329786048998e-02,5.076970044474612281e-02,4.271957054607871118e-01,1.441113644594935739e-01,2.541005757894218009e-01
1.031424780457921436e-01,1.630149702508391571e-02,2.690696119831917921e-01,2.757596238063520500e-01,1.123983076781788215e-01,2.233284814614014124e-01
9.208448494679610796e-02,8.481662710229605218e-02,8.825318099218927570e-02,3.053004420563504295e-01,1.782992522558409787e-01,2.512460126465272947e-01
3.678241422493013640e-02,6.964737660087864067e-03,1.655509767583739356e-01,5.299062460974264255e-01,7.281817662939223113e-02,1.879774486297894065e-01
1.526485110773924403e-01,2.852814834009623560e-02,3.276732346055930556e-01,1.499479618477366771e-01,1.907185087812487134e-01,1.504836353479328259e-01
9.268835802952335445e-02,3.009102068930942162e-02,1.311408764015270234e-01,2.852413277132206937e-01,2.627079456556370984e-01,1.981304715107823911e-01
8.931417872644997757e-02,1.132625256602524805e-01,4.663314673779580394e-02,4.074603023003605107e-01,1.362260261067189115e-01,2.071038204684222672e-01
1.019113704969122486e-01,6.641429689306070638e-02,4.869598764568366239e-02,3.935508866137733541e-01,1.312428697628284791e-01,2.581845885877416813e-01
1.053004040023031163e-01,4.444941658472020135e-02,1.707791308271935093e-01,2.656645563072358440e-01,1.612078268732667630e-01,2.525986654052805869e-01
1.038848661561759673e-01,3.485059513690540872e-02,1.710526073763064259e-01,3.038044197316479567e-01,1.980467566836864590e-01,1.883607549152777894e-01
2.827255889213178483e-02,8.932489695108227976e-03,1.165587864823404568e-01,4.403899050795124226e-01,1.200033826948128379e-01,2.858428771560941883e-01
4.751786091978639492e-02,2.881569656701643209e-02,2.276006036044699865e-01,2.572609764517838626e-01,3.391374149334243082e-01,9.966744752351894276e-02
6.416260290880572426e-02,5.936356482626893583e-02,3.367729055751460254e-02,4.508084147888555826e-01,8.981006743703136286e-02,3.021780594815237087e-01
4.496308250130623754e-03,3.018749133332633908e-02,1.177368924143605555e-01,3.561059224055671546e-01,2.966325880170095353e-01,1.948407975796058456e-01
1.529999999999999971e-01,2.189999999999999933e-02,3.332999999999999852e-01,0.000000000000000000e+00,1.529999999999999971e-01,3.387999999999999901e-01
1.038460358119050603e-01,1.026476716501304870e-01,2.168388910249404722e-01,1.155956569630394032e-01,2.610381440676654563e-01,2.000336004823189406e-01
3.531537506840959351e-02,5.148573063134721101e-02,3.231597102138414335e-02,5.459929123076364688e-01,9.082465295969835428e-02,2.440653580115241805e-01
1.253885659637678507e-01,6.515025894419880503e-02,2.562816251602301199e-01,1.308660864342794661e-01,3.256910388625215425e-01,9.662242463500225753e-02
1.529999999999999971e-01,2.189999999999999933e-02,3.332999999999999852e-01,0.000000000000000000e+00,1.529999999999999971e-01,3.387999999999999901e-01
7.200913996202942813e-02,7.185595402100124207e-02,7.360302707909069375e-02,4.383672336113206836e-01,1.318820494975903035e-01,2.122825958289677462e-01
5.411098693894472039e-02,9.849084532823809690e-02,1.123383802937613779e-01,2.210920042194831070e-01,2.827683070393120501e-01,2.311994761802607379e-01
1.529999999999999971e-01,2.189999999999999933e-02,3.332999999999999852e-01,0.000000000000000000e+00,1.529999999999999971e-01,3.387999999999999901e-01
3.380113148024747882e-02,2.183652444655776598e-02,9.728936289541628701e-02,4.357184924129247072e-01,1.320381674385903703e-01,2.793163213262634392e-01
1.529999999999999971e-01,2.189999999999999933e-02,3.332999999999999852e-01,0.000000000000000000e+00,1.529999999999999971e-01,3.387999999999999901e-01
1.529999999999999971e-01,2.189999999999999933e-02,3.332999999999999852e-01,0.000000000000000000e+00,1.529999999999999971e-01,3.387999999999999901e-01
1.973568245366529722e-02,9.827524270598114037e-03,8.097914539387486565e-02,5.135436399201394053e-01,1.730550712171476935e-01,2.028589367445746416e-01
5.237669850640650632e-02,8.216697424622280976e-02,7.574327426398538843e-02,3.325336415999662343e-01,1.464498335082495828e-01,3.107295778751694715e-01
3.578779612496949675e-02,1.313469025727723172e-02,9.245577160546741835e-02,4.420863582666744729e-01,2.056340586628150058e-01,2.109013250827962982e-01
3.531537506840959351e-02,5.148573063134721101e-02,3.231597102138414335e-02,5.459929123076364688e-01,9.082465295969835428e-02,2.440653580115241805e-01
4.479851996742408721e-02,2.149361236896225533e-02,6.919893821412317902e-02,4.311727834111724333e-01,1.998021771799117496e-01,2.335339688584062712e-01
4.971395962520373801e-02,4.582963267337111790e-02,3.632198309567553907e-02,3.383967859400536793e-01,1.712907533299813934e-01,3.584468853357145601e-01
8.520796160888384485e-02,5.617786813864185380e-02,3.152342523562985388e-01,1.212491517151770698e-01,3.207480386564132147e-01,1.013827275245854920e-01
1.529999999999999971e-01,2.189999999999999933e-02,3.332999999999999852e-01,0.000000000000000000e+00,1.529999999999999971e-01,3.387999999999999901e-01
1.529999999999999971e-01,2.189999999999999933e-02,3.332999999999999852e-01,0.000000000000000000e+00,1.529999999999999971e-01,3.387999999999999901e-01
3.436803548311885559e-02,2.071474129946897572e-02,1.102817287575277722e-01,4.758349126029869369e-01,8.827156099376398668e-02,2.705290208631334070e-01
1.483319981642487045e-02,6.159868958311479070e-02,1.182870822925159993e-01,2.983411935472560228e-01,2.550992005303877042e-01,2.518406342303005641e-01
1.216439518495210231e-01,7.292910082137678274e-02,1.973605993325430463e-01,2.008424854544010874e-01,2.911600350859449016e-01,1.160638274562131311e-01
8.030688360468189735e-02,5.418506657579521407e-02,2.438458757739881133e-01,2.572149315608249776e-01,2.161031347381615897e-01,1.483441077465482150e-01
1.529999999999999971e-01,2.189999999999999933e-02,3.332999999999999852e-01,0.000000000000000000e+00,1.529999999999999971e-01,3.387999999999999901e-01
1.823270259215802325e-01,9.931428051860673178e-02,3.035721454080827497e-01,3.333720716544544965e-02,3.161595642724434052e-01,6.528977671384134096e-02
7.758938470918268215e-02,4.639477442153344677e-02,2.312339929658603910e-01,2.783909571423608953e-01,2.012748951249438978e-01,1.651159956361187564e-01
5.909858833911220410e-02,6.363334926908818800e-02,1.598315268691114233e-01,3.682729650866942150e-01,1.730076650216872403e-01,1.761559054143067571e-01
3.258101563118526861e-02,8.718893652790773996e-02,1.681417948919027017e-01,2.501493788666624973e-01,1.654191654698863034e-01,2.965197086124554682e-01
1.529999999999999971e-01,2.189999999999999933e-02,3.332999999999999852e-01,0.000000000000000000e+00,1.529999999999999971e-01,3.387999999999999901e-01
7.190088370942644691e-02,1.701911335005572290e-02,4.122548607216600103e-02,5.028240045780211220e-01,1.370493949511971121e-01,2.299811173391335395e-01
1.021809724371317007e-01,7.229883256432928507e-02,1.244509241887735707e-01,2.751659240637802095e-01,1.465318749967129131e-01,2.793714717492723487e-01
3.993833343190544838e-02,2.093443601313197192e-02,1.465793738452403072e-01,3.838327587341625047e-01,1.497084868634734056e-01,2.590066111120863934e-01
5.822107168864644466e-02,3.330414379744124631e-02,1.677888126388122070e-01,4.324016673070950056e-01,2.117444105296822920e-01,9.653989403832280436e-02
9.687295467406135951e-02,4.735898774731081562e-02,2.377730993353051603e-01,1.301297887012190790e-01,2.867398402057859674e-01,2.011253293363175765e-01
1.529999999999999971e-01,2.189999999999999933e-02,3.332999999999999852e-01,0.000000000000000000e+00,1.529999999999999971e-01,3.387999999999999901e-01
2.416174809740984433e-02,1.885737753435638708e-02,2.562192885263975262e-01,2.500414979157318807e-01,2.964795886857286566e-01,1.542404992403757225e-01
5.266622275998240205e-02,1.322311494848767491e-02,1.243269395007366857e-01,3.067125754301050500e-01,3.487047292179084046e-01,1.543664181427797377e-01
1.529999999999999971e-01,2.189999999999999933e-02,3.332999999999999852e-01,0.000000000000000000e+00,1.529999999999999971e-01,3.387999999999999901e-01
1.620325352906532290e-01,9.418773280069542286e-02,2.212165758405603699e-01,1.817909581708041233e-01,1.626487164958511367e-01,1.781234814014357737e-01
1.046766419802574316e-01,3.550054430107879577e-02,2.977546308833698419e-01,2.523005219412909339e-01,9.739233633767473142e-02,2.123753245563281822e-01
1.675926070445078464e-01,7.560223594456823293e-02,1.062096673100118294e-01,2.644038259540223978e-01,1.758082637955075966e-01,2.103833999513821107e-01
4.981295362863472770e-02,4.486413419662439034e-02,2.075762890285080819e-01,2.060676716688126520e-01,2.920062968326276320e-01,1.996726546447924466e-01
1.529999999999999971e-01,2.189999999999999933e-02,3.332999999999999852e-01,0.000000000000000000e+00,1.529999999999999971e-01,3.387999999999999901e-01
7.197979183844151196e-02,1.161956058286025273e-01,4.358495458076713097e-02,2.723019713938716890e-01,6.537743425740343006e-02,4.305602421009137037e-01
0.000000000000000000e+00,0.000000000000000000e+00,5.063154695206419781e-02,5.584795780501689011e-01,8.165764527231406111e-02,3.092312297254526943e-01
1.907418964767219893e-02,8.023326087308431387e-02,2.396986508782224939e-02,3.897333159847579109e-01,1.525536338784028341e-02,4.717340050188229550e-01
1.774762177009206743e-01,9.090749791626226428e-02,2.572493587142359317e-01,1.263646353248150944e-01,2.843371251810816736e-01,6.366516516268433401e-02
4.735608399722127798e-02,1.499890204894196999e-02,1.087541176111133934e-01,3.866898829401194115e-01,8.064507043206750603e-02,3.615559429705364480e-01
1.529999999999999971e-01,2.189999999999999933e-02,3.332999999999999852e-01,0.000000000000000000e+00,1.529999999999999971e-01,3.387999999999999901e-01
6.701628622869978957e-02,3.838770492482550950e-02,3.842482639983663129e-02,4.528595267603908736e-01,1.277389234412904251e-01,2.755727322449566530e-01
5.346886620003202945e-02,5.957569997384445232e-02,2.713012583854535476e-01,2.667997975634049390e-01,1.412004136921403419e-01,2.076539641851247731e-01
1.529999999999999971e-01,2.189999999999999933e-02,3.332999999999999852e-01,0.000000000000000000e+00,1.529999999999999971e-01,3.387999999999999901e-01
1.529999999999999971e-01,2.189999999999999933e-02,3.332999999999999852e-01,0.000000000000000000e+00,1.529999999999999971e-01,3.387999999999999901e-01
1.289281524933189038e-01,7.322071028789908786e-02,7.697523127238754814e-02,4.135505650341417816e-01,1.120768578700176432e-01,1.952484830422349937e-01
7.671595869219099972e-02,3.500622327233220143e-02,1.840147284250192306e-01,3.795913393063038987e-01,1.765539074552240906e-01,1.481178428489294818e-01
6.371639449024479873e-02,5.613829443780005146e-02,7.888379305077886094e-02,3.501130903683483675e-01,1.525076624128701985e-01,2.986407652399576396e-01
4.467040770620327866e-02,2.237421559055981571e-02,2.385182423808771268e-01,3.047540290910777938e-01,2.237990032580709776e-01,1.658841019732110733e-01
8.657898454283630141e-02,3.560249314038864410e-02,1.340753687321949994e-01,3.073918524093444127e-01,1.801235847479100149e-01,2.562277164273256136e-01
1.529999999999999971e-01,2.189999999999999933e-02,3.332999999999999852e-01,0.000000000000000000e+00,1.529999999999999971e-01,3.387999999999999901e-01
7.129016350252193046e-02,7.670580203530714958e-02,1.013758360120236984e-01,3.891809302353489985e-01,1.612066220686515505e-01,2.002406461461467002e-01
5.670644687092245284e-02,6.711674736983437584e-02,7.443206962737983212e-02,4.587263922078365086e-01,8.331101352921864434e-02,2.597073303948081446e-01
6.891062776932001255e-02,4.034049741788241217e-02,2.727021086896164181e-01,1.843467037259914620e-01,3.069577438150193904e-01,1.267423185821705267e-01
1.019113704969122486e-01,6.641429689306070638e-02,4.869598764568366239e-02,3.935508866137733541e-01,1.312428697628284791e-01,2.581845885877416813e-01
3.150409297857792446e-02,4.243300866885984200e-03,7.320119209856786047e-02,3.857115198119401289e-01,1.563063631742543647e-01,3.490335310697736948e-01
1.077032880368949813e-01,7.031619363467539463e-02,1.715935285518807862e-01,1.247002791586897530e-01,3.162879614576437071e-01,2.093987491602153916e-01
1.529999999999999971e-01,2.189999999999999933e-02,3.332999999999999852e-01,0.000000000000000000e+00,1.529999999999999971e-01,3.387999999999999901e-01
1.467315121588982918e-01,2.697450511755129093e-02,3.170114224376724965e-01,1.615289938129721437e-01,1.887079264514507082e-01,1.590456400214550481e-01
1.294306358262642120e-01,2.571474819948313395e-02,3.313941541160955739e-01,1.854233843685970107e-01,1.475691310580458937e-01,1.804679464315140647e-01
1.529999999999999971e-01,2.189999999999999933e-02,3.332999999999999852e-01,0.000000000000000000e+00,1.529999999999999971e-01,3.387999999999999901e-01
1.529999999999999971e-01,2.189999999999999933e-02,3.332999999999999852e-01,0.000000000000000000e+00,1.529999999999999971e-01,3.387999999999999901e-01
8.405648667555709608e-02,8.520184080817166938e-02,1.897098728010827295e-01,1.235475723482008792e-01,3.093994318181994552e-01,2.080847955487880596e-01
8.042360426625273784e-02,1.801396840989361731e-02,3.547810020785532870e-02,4.925353664989228220e-01,9.891583630667842575e-02,2.746331243103970476e-01
1.514186746498613068e-01,3.130752008880331033e-02,2.771057473484365152e-01,1.719116479936969033e-01,2.109003069129771202e-01,1.573561030062247679e-01
3.924094564253524653e-02,7.672878302125191174e-02,1.188503855552480032e-01,1.462930238243281555e-01,3.350205041486405411e-01,2.838663578079961836e-01
1.529999999999999971e-01,2.189999999999999933e-02,3.332999999999999852e-01,0.000000000000000000e+00,1.529999999999999971e-01,3.387999999999999901e-01
6.341650662501177593e-02,3.224130087201312195e-02,2.003606662095255286e-01,3.361081186907862728e-01,2.325115992820750710e-01,1.353618083205882228e-01
9.976697218281944946e-02,6.919766341505495522e-02,2.468867800920868938e-01,2.001120680840800803e-01,2.730064979888589538e-01,1.110300182370996397e-01
1.375773620596447977e-01,2.835585424235543411e-02,3.147499941938976531e-01,1.577598159685185408e-01,2.117330641736608066e-01,1.498239093619226914e-01
3.316866744214347351e-02,5.245761521139905015e-02,5.822351128549510535e-02,4.563209375272008761e-01,1.829971611286746458e-01,2.168321074050868769e-01
1.529999999999999971e-01,2.189999999999999933e-02,3.332999999999999852e-01,0.000000000000000000e+00,1.529999999999999971e-01,3.387999999999999901e-01
9.993872327480306239e-02,3.779797849342968891e-02,1.525415431966493651e-01,3.032334795288663121e-01,2.341926340057612355e-01,1.722956415004904540e-01
7.152383937747575082e-02,1.300835251958532279e-01,1.025905941514135417e-01,2.321569902378360084e-01,2.768969182111950533e-01,1.867481328262263485e-01
4.568803135194204890e-02,1.159974578030345538e-02,6.226416507430621028e-02,3.963552701600509542e-01,1.113088923083968979e-01,3.727838953250003362e-01
5.806391576697742668e-02,3.213123054430798431e-02,1.622932400538949216e-01,3.212101921828932616e-01,1.241484411123835174e-01,3.021529803395429647e-01
7.230440740647657571e-02,8.418856245158855278e-02,7.192226423135240909e-02,3.182929033620066073e-01,1.179648219167904050e-01,3.353270406317854224e-01
9.218866695046697146e-02,6.190446369216207750e-02,1.836331349408026892e-01,3.231343842812312017e-01,1.347535531979055790e-01,2.043857969374313077e-01
1.529999999999999971e-01,2.189999999999999933e-02,3.332999999999999852e-01,0.000000000000000000e+00,1.529999999999999971e-01,3.387999999999999901e-01
1.529999999999999971e-01,2.189999999999999933e-02,3.332999999999999852e-01,0.000000000000000000e+00,1.529999999999999971e-01,3.387999999999999901e-01
