2.049417721121850056e-01,4.147229591806721877e-02,2.877353773390669001e-01,2.145382456924697090e-01,1.404253900650811182e-01,1.108869188731300692e-01
9.039806611293700611e-02,1.472338837936956225e-02,2.889138039458526985e-01,3.197375329093499752e-01,1.508993459477027399e-01,1.353278627047879712e-01
1.855887484573811586e-01,0.000000000000000000e+00,3.423741435805778832e-01,2.001042597557342873e-01,1.059470615770883861e-01,1.659857866292182849e-01
2.112534177579508121e-01,1.972726230575793174e-02,3.267657094911839422e-01,1.872236219819459480e-01,1.486861906724781801e-01,1.063437977906832171e-01
7.877933062036131251e-02,2.076019910610857333e-02,2.630100628871533952e-01,2.579858938842555793e-01,2.610317886578534807e-01,1.184327248442677699e-01
6.164123282465649306e-02,8.190163803276064025e-02,1.539830796615932196e-01,3.694073881477629162e-01,7.770155403108061631e-02,2.553651073021460660e-01
1.296117679317408400e-01,4.886530427910126817e-02,3.850384683623929161e-01,1.580735173147953809e-01,1.801641961967128114e-01,9.824674591525668632e-02
1.553571428571428326e-01,1.864285714285714157e-02,1.742999999999999827e-01,4.850309523809523404e-01,8.971190476190475660e-02,7.695714285714284897e-02
1.838297297297297184e-01,9.016216216216215579e-03,3.160783783783783774e-01,2.175702702702702607e-01,8.940810810810810583e-02,1.840972972972972910e-01
9.988903011026019352e-02,2.873604005238811210e-02,3.651167441950489145e-01,3.103414904804608909e-01,8.549520313296388174e-02,1.104214920288779656e-01
6.392462834394700699e-02,2.371109234006608252e-02,2.664689323838115853e-01,4.435680683247125167e-01,6.043519982297533566e-02,1.418920787844873410e-01
2.649999999999999925e-02,4.420000000000000318e-02,2.477999999999999925e-01,2.649999999999999925e-02,5.574999999999999956e-01,9.729999999999999760e-02
3.850891874518638097e-02,9.248359639468954618e-02,2.832385702145951978e-01,6.189487761726313736e-02,3.301726831462284406e-01,1.937013538820373526e-01
5.829396750414293088e-02,2.585763538353110999e-02,2.438784548277109776e-01,1.580934874949999069e-01,3.530924398559972532e-01,1.607840149336177693e-01
2.199003789514895335e-01,4.538481342862796253e-02,2.820645941006125756e-01,1.837414703998672405e-01,2.073062528059644860e-01,6.160249031343819487e-02
2.011700195003249952e-02,0.000000000000000000e+00,1.420190336505608442e-01,5.468591143185720371e-01,1.529192153202553195e-01,1.380856347605793344e-01
4.903243011123770145e-02,0.000000000000000000e+00,2.101790430773997354e-01,4.957557908111743794e-01,1.182260793860260006e-01,1.268066566141622942e-01
2.414048280965619062e-02,0.000000000000000000e+00,1.704234084681693628e-01,5.335106702134042589e-01,1.835036700734014592e-01,8.842176843536869724e-02
2.107963510300228938e-01,1.965877019489321864e-02,3.283045178781751061e-01,1.865735905242338621e-01,1.486921931598479962e-01,1.059745772128269370e-01
1.623579514272542879e-01,2.624499064595361281e-02,3.113372993514365028e-01,1.872272752772675963e-01,2.571423693177521952e-01,5.569011398033575644e-02
1.782887297399171067e-01,1.581421109717916773e-01,2.434979268752356374e-01,1.040947098779202717e-01,2.293437540866327673e-01,8.663276844850267833e-02
5.818765745495106667e-02,1.430027500528856417e-02,4.053135637223793108e-01,3.137887267062828278e-01,1.081578491894075178e-01,1.002519279216908255e-01
1.675855625879969432e-02,0.000000000000000000e+00,2.517678329407739835e-01,5.411476768819821759e-01,7.287392923404872880e-02,1.174520046843954557e-01
5.886439714520306371e-02,1.465294006189603836e-02,2.521500452641108336e-01,3.167698267331943707e-01,6.644350407376997669e-02,2.911192867218256874e-01
7.809206453004237380e-02,0.000000000000000000e+00,2.974122938217841350e-01,4.049980173499272973e-01,8.250172177506313875e-02,1.369959025231830829e-01
5.825121356694931002e-02,1.450030208962686459e-02,2.497406195962416087e-01,3.175649492697764642e-01,6.575136982020457488e-02,2.941915456572011811e-01
1.075736239515092257e-01,4.755199085695625827e-02,2.804342945774403462e-01,2.996040735525214993e-01,1.411865548276495519e-01,1.236494622339231325e-01
5.965276747291883147e-02,4.054917191945649896e-02,1.490157874023368134e-01,3.634489699800640961e-01,7.519500377426659166e-02,3.121382994509571129e-01
8.595076155136648077e-02,4.553881584203146177e-02,2.011399166411852180e-01,6.380255034999131325e-02,5.730838629345278434e-01,3.048409268089772445e-02
7.415172413793102990e-02,2.693793103448276216e-02,3.735931034482758428e-01,1.946448275862069088e-01,2.231793103448276305e-01,1.074931034482758813e-01
6.164123282465650000e-02,4.190083801676033892e-02,1.539830796615932196e-01,4.714094281885637949e-01,7.770155403108061631e-02,1.933638672773455858e-01
9.402027174289297184e-02,4.283065940856561893e-02,3.463709067412648057e-01,7.745621165073936221e-02,3.793631298381286432e-01,5.995882061840867444e-02
1.002781576879467895e-01,4.146715718129917461e-02,2.359379611981052560e-01,1.993357689880310701e-01,3.060477771403142255e-01,1.169331778043035119e-01
1.229824596491929933e-01,8.456169123382469011e-02,1.833236664733295107e-01,3.214064281285625713e-01,1.283625672513450389e-01,1.593631872637452929e-01
1.467731707317072865e-01,6.504878048780486643e-02,3.424707317073170665e-01,1.953243902439024127e-01,1.757999999999999563e-01,7.458292682926828676e-02
4.903243011123770145e-02,0.000000000000000000e+00,2.101790430773997354e-01,4.957557908111743794e-01,1.182260793860260006e-01,1.268066566141622942e-01
1.411999677771512141e-01,9.512407185695277712e-02,1.803868408552388725e-01,2.843138616584211520e-01,2.005205656776659906e-01,9.845469217457007705e-02
1.705750837517946636e-02,4.285806124416951385e-02,1.724108373750865841e-01,5.549452250167264955e-01,4.954391879825995743e-02,1.631844491905778960e-01
5.825121356694931002e-02,1.450030208962686459e-02,2.497406195962416087e-01,3.175649492697764642e-01,6.575136982020457488e-02,2.941915456572011811e-01
1.531961399172839522e-01,0.000000000000000000e+00,3.007612067877645234e-01,1.849753923298356750e-01,1.364505429878259402e-01,2.246167179772899924e-01
3.235133625084514464e-02,4.138214404508011590e-02,1.899556720821077294e-01,5.285566142949382762e-01,8.904715629558611345e-02,1.187070770314425927e-01
1.526598404313137258e-01,0.000000000000000000e+00,2.617774299441292252e-01,3.427900606534924899e-01,1.286854062044827107e-01,1.140872627665818900e-01
1.082158533157473596e-01,2.834655884451555211e-02,2.480215788449479930e-01,3.606294190144651579e-01,1.401138402992496979e-01,1.146727496810741598e-01
1.326562235452420357e-01,0.000000000000000000e+00,1.873798036064776296e-01,3.868278449353897419e-01,1.547517324617640466e-01,1.383843954511265462e-01
2.092750209263909700e-01,6.776817262605835945e-02,2.343311332844433548e-01,2.394127276902449641e-01,1.724334614843292812e-01,7.677948398853307044e-02
4.213069503331003801e-02,2.262029422673778739e-02,2.901541216948673174e-01,2.779663969212546326e-01,1.640995428194372552e-01,2.030289493043928861e-01
4.909889345420553192e-02,0.000000000000000000e+00,2.113958999108676295e-01,4.714145959694776011e-01,1.257309941520467766e-01,1.423596165134024816e-01
9.764847254816294564e-02,3.550283489880514190e-03,1.735265862441217610e-01,4.659572383978989318e-01,1.513467921011366901e-01,1.079706272187991034e-01
6.164123282465650694e-02,4.190083801676033892e-02,1.539830796615932473e-01,4.714094281885637949e-01,7.770155403108063019e-02,1.933638672773455858e-01
2.295245411554715578e-02,0.000000000000000000e+00,3.750501914472259002e-01,3.727607038469755718e-01,1.204458364205808485e-01,1.087908141696705827e-01
1.418281249999999993e-01,1.334375000000000274e-03,2.705062500000000036e-01,3.156000000000000472e-01,1.712937499999999946e-01,9.943749999999999811e-02
2.107963510300228938e-01,1.965877019489321864e-02,3.283045178781751061e-01,1.865735905242338621e-01,1.486921931598479962e-01,1.059745772128269370e-01
2.273840148416863410e-02,1.262095077829196183e-03,2.692814334089670414e-01,4.867290357731538508e-01,1.301820037655951057e-01,8.980703049028598839e-02
1.889403097846618640e-01,0.000000000000000000e+00,2.693087624169425709e-01,3.810223560523567365e-01,9.189370874908331377e-02,6.883486299695548705e-02
1.652109760768619845e-02,0.000000000000000000e+00,1.662902437597761629e-01,6.065125879971093870e-01,3.337427757934599559e-02,1.773017930560823463e-01
2.070622440442652368e-01,0.000000000000000000e+00,3.562562350146225576e-01,1.872272752772675963e-01,1.803782108038625986e-01,6.907603485998199677e-02
5.825121356694931002e-02,1.450030208962686459e-02,2.497406195962416087e-01,3.175649492697764642e-01,6.575136982020457488e-02,2.941915456572011811e-01
2.107963510300228938e-01,1.965877019489321864e-02,3.283045178781751061e-01,1.865735905242338621e-01,1.486921931598479962e-01,1.059745772128269370e-01
6.927749805966289254e-02,6.252363231109077379e-02,2.583359867858067149e-01,3.408236979840395531e-01,1.036886306195148322e-01,1.653505542398854000e-01
1.915231363715800272e-01,0.000000000000000000e+00,1.626575273306277714e-01,1.791481387988116125e-01,1.873910173013068337e-01,2.792801801976736997e-01
1.721118294449609787e-02,4.324417825250275599e-02,1.664684641830093403e-01,5.375143246340460257e-01,3.970896668036065502e-02,1.958528833055849794e-01
2.475948224578965878e-02,0.000000000000000000e+00,1.747933290939301387e-01,5.422598412275124735e-01,1.882089889023364493e-01,6.997835853043139764e-02
6.236718478332510529e-02,1.423665484066719347e-02,2.737692361889220161e-01,3.193610778402285466e-01,2.069633242498141734e-01,1.233025220970428854e-01
1.031220624412488296e-01,5.886117722354447523e-02,3.040660813216264358e-01,2.833456669133382899e-01,1.091821836436728810e-01,1.414228284565691440e-01
8.861825927930028213e-02,1.430166373281642825e-02,2.817592142304293779e-01,3.089337452139427342e-01,1.487564812975609163e-01,1.576306362459502786e-01
0.000000000000000000e+00,0.000000000000000000e+00,4.328000000000000180e-01,5.672000000000000375e-01,0.000000000000000000e+00,0.000000000000000000e+00
3.895741232365201173e-02,1.121815735798290387e-01,1.597938825145427955e-01,5.152522033476166774e-01,3.121574221351764572e-02,1.425991860208419559e-01
1.898589969587579362e-01,0.000000000000000000e+00,2.651017963132538124e-01,3.501251987787971642e-01,9.140197141506974099e-02,1.035120365341213183e-01
7.823278869346232678e-02,1.387403071157564463e-02,2.483351827611181561e-01,3.625112128480966200e-01,1.191332717595699753e-01,1.779135132261772667e-01
1.855847996765888352e-01,0.000000000000000000e+00,2.605353305389476182e-01,2.715057767186535576e-01,8.958275707993786086e-02,1.927913359858720310e-01
2.451775159704670526e-01,5.065175426376643253e-02,2.411714660988278081e-01,1.974770642201834625e-01,1.481566797349200826e-01,1.173655197118350368e-01
1.547807874041995380e-02,0.000000000000000000e+00,2.726414124719092058e-01,4.461447861486195765e-01,2.924501309747689834e-02,2.364907095415744731e-01
1.893212290025878541e-01,0.000000000000000000e+00,2.931454592905697876e-01,2.480054440219419398e-01,1.364712883941354982e-01,1.330565792907649203e-01
6.164123282465650694e-02,4.190083801676033892e-02,1.539830796615932473e-01,4.714094281885637949e-01,7.770155403108063019e-02,1.933638672773455858e-01
5.592223688947558363e-02,1.392055682227288753e-02,2.732309292371694620e-01,4.391975679027160795e-01,6.312252490099604096e-02,1.546061842473698822e-01
1.565932444572680493e-02,4.390250300005902120e-03,2.547148468494462303e-01,4.744421201728558635e-01,1.494996622884384729e-01,1.012937959435267488e-01
6.469999999999999363e-02,2.382978723404255081e-02,1.490595744680850987e-01,3.472893617021275969e-01,2.942744680851063777e-01,1.208468085106382955e-01
9.020454545454546780e-02,2.790000000000000119e-02,2.886340909090909235e-01,2.395409090909091099e-01,2.009454545454545660e-01,1.527750000000000219e-01
2.107963510300228938e-01,1.965877019489321864e-02,3.283045178781751061e-01,1.865735905242338621e-01,1.486921931598479962e-01,1.059745772128269370e-01
4.962037585482741847e-02,0.000000000000000000e+00,2.209435602360054207e-01,4.862227589867457733e-01,1.188450502703908562e-01,1.243682546520304272e-01
7.261971037203517054e-02,2.293036969834429464e-02,2.700859811542505873e-01,3.142435926513948985e-01,1.799525076118408118e-01,1.401678385121342685e-01
1.528912419687723234e-01,6.091927522423549318e-02,2.950714025794373141e-01,1.232829908805808811e-01,2.289021419384946188e-01,1.389329474084794180e-01
7.789368004141994373e-02,2.299418123329469849e-02,1.788321335740736262e-01,2.577879225110580319e-01,1.095253394937620445e-01,3.529667431463916483e-01
5.678649429290048845e-02,0.000000000000000000e+00,4.289848511528525088e-01,2.928617234047585782e-01,1.462577301434199173e-01,7.510920100606846561e-02
2.101918430416170880e-01,1.956818379769866348e-02,3.303397173484562965e-01,1.857138709583765201e-01,1.487001319384631814e-01,1.054862529153884482e-01
5.886439714520306371e-02,1.465294006189603836e-02,2.521500452641108336e-01,3.167698267331943707e-01,6.644350407376997669e-02,2.911192867218256874e-01
4.928720638236405022e-02,0.000000000000000000e+00,2.148436631925153828e-01,4.916248138847529314e-01,1.184942998733305164e-01,1.257500166670370290e-01
6.547661751246246220e-02,4.099082353401552886e-02,2.041193005798065396e-01,3.196001573978055066e-01,2.278463675673560174e-01,1.419667334085538135e-01
2.560000000000000123e-02,0.000000000000000000e+00,1.830200000000000160e-01,6.007000000000000117e-01,5.911999999999999200e-02,1.315600000000000103e-01
1.414406375482699929e-01,5.846243788365974858e-02,2.868274896536869845e-01,1.633409744765303984e-01,1.994338374436529782e-01,1.504946229941999392e-01
1.560814917939567711e-02,0.000000000000000000e+00,1.509637443871448548e-01,6.692876330908449356e-01,2.949077432890841177e-02,1.346496990137061589e-01
6.563272894269446545e-02,0.000000000000000000e+00,2.287845934385304425e-01,4.447696632909073355e-01,6.005708031348063608e-02,2.007559340143870719e-01
1.069421180891008405e-01,6.713565691764353596e-03,1.205831428916665643e-01,1.567648385199874594e-01,4.275918703030937573e-01,1.814044645043871029e-01
2.107963510300228938e-01,1.965877019489321864e-02,3.283045178781751061e-01,1.865735905242338621e-01,1.486921931598479962e-01,1.059745772128269370e-01
1.896156295991947849e-01,0.000000000000000000e+00,2.742353787725625991e-01,2.520592436070513420e-01,1.290546283796269178e-01,1.550351196415644672e-01
1.848134840984687610e-01,0.000000000000000000e+00,2.679009788304987372e-01,2.943682126521758868e-01,9.173529908974238645e-02,1.611820253291141869e-01
1.839293152128639031e-01,4.069714358260427545e-02,1.934101270687917651e-01,2.137969594967682740e-01,2.340507492563088376e-01,1.341157053826629031e-01
5.719207892888718975e-02,1.423665484066719521e-02,2.662418094915577904e-01,4.314133698189281385e-01,6.455586591543918673e-02,1.663602210045205254e-01
1.693620624724733598e-02,0.000000000000000000e+00,1.849110317255994174e-01,3.531922408345549713e-01,3.501752131387513844e-01,9.478530805384691171e-02
1.741288090676983841e-02,0.000000000000000000e+00,1.825383680268005959e-01,5.797283065567059301e-01,5.508245492870156995e-02,1.652379895810220933e-01
1.944716189482380009e-01,0.000000000000000000e+00,3.017696036870367027e-01,2.346311876345137937e-01,1.772277658209961138e-01,9.189982390921541677e-02
4.592046366124553913e-02,0.000000000000000000e+00,1.834361976647369274e-01,3.917598387794543613e-01,2.352546028074462559e-01,1.436288970871169302e-01
1.636318716709656701e-02,1.158084829162267255e-03,4.248141917229655284e-01,1.481576524774927128e-01,3.123512872020964837e-01,9.715559660118647245e-02
2.414048280965620102e-02,0.000000000000000000e+00,1.984239684793696334e-01,4.807896157923158831e-01,1.835036700734014870e-01,1.131422628452569273e-01
2.414048280965619062e-02,0.000000000000000000e+00,1.704234084681693628e-01,5.181303626072522039e-01,1.835036700734014592e-01,1.038020760415208354e-01
2.107963510300228938e-01,1.965877019489321864e-02,3.283045178781751061e-01,1.865735905242338621e-01,1.486921931598479962e-01,1.059745772128269370e-01
1.620471692715653445e-01,0.000000000000000000e+00,2.881091744009313671e-01,1.670775300436070643e-01,3.197729347585441251e-01,6.299319152535204358e-02
4.093078762888231054e-02,0.000000000000000000e+00,1.987189409348470437e-01,3.950900216601160864e-01,2.300361750010644080e-01,1.352240747750902694e-01
1.493041532849990471e-01,6.984749706725129625e-02,2.948184900991685509e-01,6.440508471316755412e-02,2.207375782867619096e-01,2.008871965486515587e-01
1.656854213255429253e-01,0.000000000000000000e+00,3.033633274536630120e-01,2.030826778103795860e-01,2.003910796393897076e-01,1.274774937710247691e-01
2.479326127927997114e-02,3.619369975768298858e-02,1.670333474364398552e-01,3.365898688411092521e-01,2.059540751567368044e-01,2.294357475287510939e-01
1.893212290025878541e-01,0.000000000000000000e+00,2.675644099504623230e-01,1.872236219819459480e-01,2.705620367276354576e-01,8.532870233736837562e-02
6.365714961066590294e-02,7.128700719574893041e-02,3.150333422730930422e-01,3.147856048656536010e-01,8.716038383388412247e-02,1.480765122209545259e-01
1.204285764517149804e-01,4.648449307195597069e-02,3.148147849456295333e-01,1.733325548228883128e-01,2.583726701542644055e-01,8.656692055354671400e-02
1.732900013993657895e-01,9.501660756766461269e-02,3.160038601373491018e-01,1.509440438503153736e-01,1.798224653656965433e-01,8.492302167960859294e-02
2.608655986890929396e-02,0.000000000000000000e+00,3.590485397035370618e-01,3.481289924156165672e-01,2.077398256451462866e-01,5.899608236679081824e-02
8.428168563371268851e-02,5.594111882237645661e-02,1.844036880737615069e-01,2.963059261185224114e-01,2.534450689013780789e-01,1.256225124502490242e-01
7.104761199281467432e-02,1.877812552084297607e-02,3.277968110520565470e-01,3.734921017055870540e-01,7.759773329135724595e-02,1.312876164373414367e-01
2.262987002840687323e-01,1.522533305416055686e-02,3.487263783895272473e-01,1.799101855353085477e-01,1.254214935951723786e-01,1.044179091417624661e-01
2.107963510300228938e-01,1.965877019489321864e-02,3.283045178781751061e-01,1.865735905242338621e-01,1.486921931598479962e-01,1.059745772128269370e-01
2.118986880109178794e-01,1.982395698730756925e-02,3.245932755412371806e-01,1.881413128518458211e-01,1.486777165782007248e-01,1.068650500304908629e-01
1.269946866330994018e-01,0.000000000000000000e+00,2.151935335194316290e-01,1.508635308236153660e-01,6.211247641160767136e-02,4.448357726122460498e-01
6.414128282565650929e-02,1.392027840556811155e-02,2.486849736994740101e-01,3.380867617352347199e-01,2.165443308866177308e-01,1.186223724474489566e-01
7.230261537223262036e-02,2.741470101146588345e-02,3.467008456118185755e-01,3.572496518284191125e-01,8.770753099397804453e-02,1.086246551820858053e-01
2.112534177579508121e-01,1.972726230575793174e-02,3.267657094911839422e-01,1.872236219819459480e-01,1.486861906724781801e-01,1.063437977906832171e-01
9.442379595215477650e-02,6.533442224037067959e-03,2.941049017483625128e-01,2.747990244281849348e-01,1.609082373595115689e-01,1.692305982877492510e-01
1.414459428927006546e-01,0.000000000000000000e+00,3.551408792405447712e-01,2.472007496768315049e-01,1.595396747202601773e-01,9.667275346966290595e-02
1.645242369688490816e-02,5.403762277885286458e-02,2.647476069515060648e-01,2.698603347814767517e-01,2.304299689486704328e-01,1.644720428426089953e-01
2.107963510300228938e-01,1.965877019489321864e-02,3.283045178781751061e-01,1.865735905242338621e-01,1.486921931598479962e-01,1.059745772128269370e-01
1.614868826232335533e-02,9.399780856209991736e-03,2.172341201184204429e-01,5.106728599617081921e-01,3.051209440519387847e-02,2.160324563961441291e-01
2.070622440442652368e-01,0.000000000000000000e+00,3.562562350146225576e-01,1.872272752772675963e-01,1.803782108038625986e-01,6.907603485998199677e-02
2.738571428571428407e-02,0.000000000000000000e+00,3.516666666666666274e-01,3.693999999999999506e-01,1.424261904761904562e-01,1.091214285714285637e-01
5.080309236214378132e-02,2.403624568451992807e-02,3.069099858252241630e-01,1.979337872740079829e-01,2.867478890019392601e-01,1.335689998521649158e-01
6.626827705392339396e-02,0.000000000000000000e+00,2.056180702537913629e-01,3.112244897959184353e-01,1.793238703664149225e-01,2.375652925299520657e-01
1.840004842118005482e-02,0.000000000000000000e+00,1.873110192395243123e-01,1.813820562685691251e-01,4.971749925657699687e-01,1.157318835049565980e-01
6.281999999999999806e-01,0.000000000000000000e+00,0.000000000000000000e+00,0.000000000000000000e+00,1.794999999999999929e-01,1.922999999999999987e-01
5.545895125192566721e-02,1.380523250047934782e-02,3.191864962610829193e-01,2.875966134865485246e-01,1.625685137556447668e-01,1.613841927443188939e-01
1.937626391697593597e-01,0.000000000000000000e+00,3.046595479899553705e-01,2.331829596213249589e-01,1.770622680504011226e-01,9.133258516855931319e-02
1.360598271887221433e-01,4.029740620920597462e-03,1.785356176638315251e-01,4.504039200105947049e-01,7.050829867107749616e-02,1.604625958448536727e-01
6.763002064329949603e-02,4.815103180782445702e-02,3.082589865020917141e-01,3.487503303642220942e-01,1.349719398749021082e-01,9.223769080766017203e-02
2.107963510300228938e-01,1.965877019489321864e-02,3.283045178781751061e-01,1.865735905242338621e-01,1.486921931598479962e-01,1.059745772128269370e-01
5.617887014469725993e-02,9.625187156416929735e-02,1.935440411341331768e-01,1.723061281747144957e-01,3.760559233096198439e-01,1.056631656726658430e-01
5.825121356694931002e-02,1.450030208962686459e-02,2.497406195962416087e-01,3.175649492697764642e-01,6.575136982020457488e-02,2.941915456572011811e-01
1.967353720591232813e-01,0.000000000000000000e+00,3.355359059073304007e-01,1.845199404613094563e-01,1.971315274289516251e-01,8.607725414328515345e-02
5.931034900740319443e-02,1.476394953832353869e-02,2.539023555045106795e-01,3.161915555784516885e-01,6.694687463067398869e-02,2.888849157406369050e-01
8.844659887576582225e-02,6.446714667677215516e-02,2.242573527863744864e-01,3.774711046548348548e-01,1.331949093665129868e-01,1.121628876397397917e-01
2.107963510300228938e-01,1.965877019489321864e-02,3.283045178781751061e-01,1.865735905242338621e-01,1.486921931598479962e-01,1.059745772128269370e-01
7.046659608557559462e-02,0.000000000000000000e+00,2.604420521271068045e-01,3.495785787113225851e-01,1.761817079029807109e-01,1.433310651730142493e-01
5.556829678318528365e-02,1.383245155976285841e-02,2.307793498735148385e-01,4.168338361298662420e-01,6.272301310720054812e-02,2.202630525464701616e-01
6.744269770790831120e-02,0.000000000000000000e+00,2.373894955798231676e-01,3.977559102364093824e-01,3.008120324812992019e-02,2.673306932277290660e-01
1.298025960519210154e-01,3.860077201544030029e-02,2.384247684953698931e-01,2.262045240904818066e-01,2.502650053001059804e-01,1.167023340466809278e-01
1.532629701204102912e-01,0.000000000000000000e+00,3.966187818425070954e-01,1.815343865291836334e-01,1.524710461234914938e-01,1.161128153844074723e-01
0.000000000000000000e+00,0.000000000000000000e+00,3.309999999999999748e-02,4.966999999999999749e-01,9.270000000000000462e-02,3.775000000000000022e-01
6.119524766662023246e-02,1.385102191088379876e-02,2.717914784373818837e-01,3.458163346534259830e-01,1.608688730123982447e-01,1.464770443192899563e-01
1.877389478218728092e-01,0.000000000000000000e+00,2.748101879274136849e-01,3.574120941252490469e-01,9.253675084809649676e-02,8.750201927736793450e-02
2.074085668755883405e-01,0.000000000000000000e+00,3.551320598024700903e-01,1.877360151832358215e-01,1.804596276802737376e-01,6.926373045843196852e-02
3.518968428111745456e-02,2.405000990236853126e-02,1.555162075301139979e-01,3.375629192574595705e-01,2.572066692942258648e-01,1.904745097347145810e-01
2.414096563862554862e-02,0.000000000000000000e+00,2.031481259250370042e-01,4.953398135925436985e-01,1.835073402936117370e-01,9.386375455018200475e-02
5.654049729637063842e-02,0.000000000000000000e+00,2.979474560169146913e-01,3.398090673371572112e-01,1.823824796245633872e-01,1.233204997249941065e-01
2.414048280965619062e-02,0.000000000000000000e+00,1.704234084681693628e-01,5.181303626072522039e-01,1.835036700734014592e-01,1.038020760415208354e-01
6.198000000000000037e-02,1.513999999999999894e-02,3.255799999999999805e-01,3.354399999999999604e-01,1.588800000000000212e-01,1.029800000000000021e-01
2.414048280965619062e-02,0.000000000000000000e+00,1.704234084681693351e-01,5.181303626072520929e-01,1.835036700734014314e-01,1.038020760415208216e-01
1.367172153689007463e-01,0.000000000000000000e+00,1.793252712558126016e-01,4.578717162986825628e-01,8.895428711567628099e-02,1.371315099609277388e-01
6.164123282465650694e-02,4.190083801676033892e-02,1.539830796615932473e-01,4.714094281885637949e-01,7.770155403108063019e-02,1.933638672773455858e-01
1.465554873932934654e-01,6.219218809194597061e-03,3.832954167395832279e-01,1.187766946602025753e-01,1.833208013061513320e-01,1.618323810915748284e-01
4.093588199385372883e-02,6.994040289612372258e-03,2.757048891117747647e-01,4.220066000098507408e-01,1.424867798310146816e-01,1.118718087638936876e-01
1.400518547968126193e-01,0.000000000000000000e+00,1.690061489154640051e-01,5.235627123522222925e-01,6.804051796258941964e-02,9.933876597291159405e-02
3.462128657390644432e-02,1.782789358437214186e-02,8.284970430524661589e-02,4.093484370420179541e-01,2.156657873411610415e-01,2.396868911532957225e-01
8.173967390305325598e-02,1.688204260951085486e-02,2.632598665465708532e-01,2.158636789764893926e-01,2.771257881288947122e-01,1.451289498354809970e-01
2.096883175852450598e-01,6.620953966572248883e-02,2.303184933728296691e-01,2.445890721961555547e-01,1.707550433522886657e-01,7.843953382775842309e-02
6.164123282465650694e-02,4.190083801676033892e-02,1.539830796615932473e-01,4.714094281885637949e-01,7.770155403108063019e-02,1.933638672773455858e-01
5.564289836613663109e-02,1.385102191088379529e-02,2.385579812533582811e-01,3.357504626957750760e-01,6.280722004417997606e-02,2.933904157296662318e-01
1.304436340777833103e-01,3.294307154362943052e-02,2.628356007329016308e-01,2.962126271952225665e-01,1.923491783429708279e-01,8.521588810749224085e-02
7.275826044031567796e-02,0.000000000000000000e+00,2.521250859077282525e-01,4.164232171087767775e-01,1.250497360531595825e-01,1.336437004900198067e-01
1.402160916541663749e-01,0.000000000000000000e+00,2.663166590578055493e-01,3.582273527685383985e-01,1.226591882432226527e-01,1.125807082762668443e-01
6.164123282465650694e-02,4.190083801676033892e-02,1.539830796615932473e-01,4.266685333706674021e-01,7.770155403108063019e-02,2.381047620952419785e-01
1.705750837517946983e-02,0.000000000000000000e+00,2.613079804091040237e-01,5.630406365850697537e-01,8.562088235224088462e-02,7.297299227840597924e-02
1.360624013492183204e-01,0.000000000000000000e+00,3.418127959523448722e-01,2.823385370494496671e-01,6.647981577980062451e-02,1.733064498691863353e-01
1.119228811149973329e-01,6.101278041878516190e-02,2.904917122323087963e-01,2.875966134865485246e-01,1.107327748649560156e-01,1.382432378824042796e-01
2.096883175852450598e-01,6.620953966572248883e-02,2.303184933728296691e-01,2.445890721961555547e-01,1.707550433522886657e-01,7.843953382775842309e-02
6.119524766662023246e-02,1.385102191088379876e-02,2.717914784373818837e-01,3.458163346534259830e-01,1.608688730123982447e-01,1.464770443192899563e-01
2.107963510300228938e-01,1.965877019489321864e-02,3.283045178781751061e-01,1.865735905242338621e-01,1.486921931598479962e-01,1.059745772128269370e-01
7.726154523090461579e-02,7.902158043160861789e-02,1.833236664733294552e-01,3.293665873317465631e-01,1.080221604432088506e-01,2.230044600892017725e-01
5.492250740639548906e-02,6.409411613442407563e-02,2.280973376262748209e-01,3.568587954406247098e-01,1.880394079169412092e-01,1.079878354753396885e-01
1.609326662214952963e-01,0.000000000000000000e+00,3.247073321010474634e-01,1.857138709583764646e-01,2.232372989067495095e-01,1.054088318123312523e-01
2.414048280965619062e-02,0.000000000000000000e+00,1.984239684793695779e-01,4.807896157923158276e-01,1.835036700734014592e-01,1.131422628452568996e-01
2.101918430416170880e-01,1.956818379769866348e-02,3.303397173484562965e-01,1.857138709583765201e-01,1.487001319384631814e-01,1.054862529153884482e-01
2.093548312653368826e-01,1.944275637130087747e-02,3.331576882543443308e-01,1.845234890035923891e-01,1.487111241028639119e-01,1.048101110025615873e-01
5.062202488099522973e-02,2.068082723308932100e-02,2.519700788031520866e-01,2.205088203528140778e-01,2.690507620304811720e-01,1.871674866994679498e-01
1.039716411697526738e-01,1.112276096133146264e-01,2.235313136419507796e-01,1.252146897317341079e-01,3.092130308039695574e-01,1.268417150392783799e-01
2.463315577868936332e-02,0.000000000000000000e+00,1.739015081940447904e-01,5.443886609930814746e-01,1.872487193616196033e-01,6.982795567256473712e-02
2.096883175852450598e-01,6.620953966572248883e-02,2.303184933728296691e-01,2.445890721961555547e-01,1.707550433522886657e-01,7.843953382775842309e-02
4.093078762888231054e-02,0.000000000000000000e+00,1.987189409348470437e-01,3.950900216601160864e-01,2.300361750010644080e-01,1.352240747750902694e-01
1.896193395508598001e-01,0.000000000000000000e+00,2.661992652014174565e-01,3.833887693210722425e-01,9.153025065762299128e-02,6.926237526902759289e-02
2.066197202661221588e-01,0.000000000000000000e+00,3.576926816395127329e-01,1.865772184952150803e-01,1.802741780907537728e-01,6.883620150839617202e-02
2.101918430416170880e-01,1.956818379769866348e-02,3.303397173484562965e-01,1.857138709583765201e-01,1.487001319384631814e-01,1.054862529153884482e-01
2.093548312653368826e-01,1.944275637130087747e-02,3.331576882543443308e-01,1.845234890035923891e-01,1.487111241028639119e-01,1.048101110025615873e-01
1.741288090676983494e-02,0.000000000000000000e+00,1.684193091723881208e-01,6.926432765716749040e-01,3.290071970324350698e-02,8.862381364592349098e-02
1.402160916541663749e-01,0.000000000000000000e+00,2.663166590578055493e-01,3.582273527685383985e-01,1.226591882432226527e-01,1.125807082762668443e-01
1.184309883875181019e-01,7.128716912590050969e-02,2.512500255107246727e-01,2.996040735525214438e-01,1.357782811894120145e-01,1.236494622339231186e-01
8.496150249988697334e-02,5.600116438064553850e-03,3.277180350614550264e-01,3.979779117519605669e-01,8.807311835196574012e-02,9.566931589666714808e-02
2.107963510300228938e-01,1.965877019489321864e-02,3.283045178781751061e-01,1.865735905242338621e-01,1.486921931598479962e-01,1.059745772128269370e-01
2.107963510300228938e-01,1.965877019489321864e-02,3.283045178781751061e-01,1.865735905242338621e-01,1.486921931598479962e-01,1.059745772128269370e-01
2.074085668755883405e-01,0.000000000000000000e+00,3.551320598024700903e-01,1.877360151832358215e-01,1.804596276802737376e-01,6.926373045843196852e-02
6.164000000000000035e-02,4.189999999999999281e-02,1.736600000000000088e-01,3.345199999999999285e-01,1.858999999999999819e-01,2.023800000000000043e-01
2.726999999999999980e-01,2.172000000000000042e-01,2.172000000000000042e-01,0.000000000000000000e+00,2.172000000000000042e-01,7.580000000000000626e-02
2.107963510300228938e-01,1.965877019489321864e-02,3.283045178781751061e-01,1.865735905242338621e-01,1.486921931598479962e-01,1.059745772128269370e-01
0.000000000000000000e+00,0.000000000000000000e+00,0.000000000000000000e+00,1.000000000000000000e+00,0.000000000000000000e+00,0.000000000000000000e+00
1.838337045125299773e-01,0.000000000000000000e+00,2.923009146143699666e-01,3.112634867780924575e-01,8.941004129819021817e-02,1.231918527968172139e-01
2.571347121413614101e-02,0.000000000000000000e+00,2.221495852978885577e-01,5.090216552562017993e-01,1.369599059103073502e-01,1.061553823214661657e-01
3.440950308796302676e-02,0.000000000000000000e+00,2.524615862805248967e-01,5.061556549589848464e-01,1.185102098733732540e-01,8.846304579915401090e-02
4.649999999999999967e-02,0.000000000000000000e+00,3.952999999999999847e-01,0.000000000000000000e+00,5.000000000000000000e-01,5.809999999999999887e-02
2.198151702809031660e-01,2.286834845938648733e-02,3.407300993417057278e-01,1.872199688291922848e-01,1.602930738855460613e-01,6.907333920326634569e-02
2.107963510300228938e-01,1.965877019489321864e-02,3.283045178781751061e-01,1.865735905242338621e-01,1.486921931598479962e-01,1.059745772128269370e-01
1.922278278977017363e-01,2.286278992703906845e-02,1.974494067635426675e-01,3.485693109202174789e-01,1.637140464981303722e-01,7.517661799336861073e-02
1.124942209391137093e-01,0.000000000000000000e+00,1.589861317031671384e-01,6.329937636867727369e-01,5.448187005337751243e-02,4.104401361756892380e-02
6.164246569862794761e-02,4.540181607264290320e-02,1.539861594463778627e-01,4.757990319612784846e-01,7.770310812432497383e-02,1.854674186967478766e-01
4.245429404908863946e-02,7.199851037564739681e-03,2.251401695137341952e-01,4.295169755108514953e-01,1.041909477734943440e-01,1.914977621152665899e-01
3.166298212055380923e-02,8.305654909453785706e-02,1.859138986469665855e-01,4.263619167583370673e-01,7.987556943791344899e-02,1.931290839416912597e-01
2.817917526804146131e-02,0.000000000000000000e+00,2.178689543347357427e-01,5.084037515089609993e-01,8.678281201263837730e-02,1.587653068756235408e-01
2.183985710658220558e-01,4.095489535178981066e-02,2.642928201970871638e-01,2.070693631364200760e-01,1.659475037132113473e-01,1.033368465356694216e-01
0.000000000000000000e+00,1.474000000000000032e-01,0.000000000000000000e+00,6.320000000000000617e-02,0.000000000000000000e+00,7.894999999999999796e-01
1.581987276087821331e-02,0.000000000000000000e+00,1.530115582738710567e-01,6.375142471285706325e-01,2.989081486477491653e-02,1.637635069719051428e-01
1.238241483756413741e-02,6.702326480634142325e-02,1.197640852191033944e-01,3.144804474736273003e-01,2.339591949208098820e-02,4.629538681712826453e-01
1.570652173913043570e-01,8.774565217391304406e-02,3.144391304347826654e-01,1.954804347826086808e-01,1.708586956521739308e-01,7.441086956521739126e-02
4.718211132683885339e-02,0.000000000000000000e+00,2.448994224408431175e-01,4.080612993854589310e-01,1.393557224772589420e-01,1.605014443696000936e-01
2.107963510300228938e-01,1.965877019489321864e-02,3.283045178781751061e-01,1.865735905242338621e-01,1.486921931598479962e-01,1.059745772128269370e-01
1.658398978292890957e-02,0.000000000000000000e+00,2.516807956981630956e-01,5.401755486154660169e-01,7.327998399936663798e-02,1.182796819040753677e-01
2.346937925172429967e-02,0.000000000000000000e+00,2.230410471082024670e-01,3.378073949794583863e-01,2.954908458587615083e-01,1.201913328018533317e-01
2.093548312653368826e-01,1.944275637130087747e-02,3.331576882543443308e-01,1.845234890035923891e-01,1.487111241028639119e-01,1.048101110025615873e-01
1.311085924857418039e-01,3.712278702732843549e-03,1.633190498990866324e-01,5.090125035607571125e-01,6.454213209045232824e-02,1.283054432612292517e-01
6.164123282465650000e-02,4.190083801676033892e-02,1.539830796615932196e-01,4.714094281885637949e-01,7.770155403108061631e-02,1.933638672773455858e-01
8.730174603492070473e-02,2.568051361027220633e-02,2.714654293085861925e-01,3.689873797475949901e-01,1.114822296445928951e-01,1.350827016540330772e-01
4.680926029555017992e-02,0.000000000000000000e+00,2.015378557068540633e-01,5.034275321768327816e-01,1.127795394723206807e-01,1.354458123484424681e-01
1.848134840984687888e-01,0.000000000000000000e+00,2.611936922457862020e-01,3.553123757413849670e-01,8.950667990504558580e-02,1.091737680093144841e-01
5.735502266713164016e-02,1.427721594289113431e-02,2.381997579437526713e-01,4.588068473199449770e-01,6.473978953414429027e-02,1.666213665921351950e-01
2.107963510300228938e-01,1.965877019489321864e-02,3.283045178781751061e-01,1.865735905242338621e-01,1.486921931598479962e-01,1.059745772128269370e-01
8.051652769209337313e-02,3.288125136818643296e-02,3.086429580688173080e-01,3.416386395749168581e-01,1.652346315349559058e-01,7.108599176103005957e-02
8.894431093992904991e-02,6.484076934965288252e-02,2.249805298900279804e-01,4.118238871733643225e-01,1.336301073053065003e-01,7.578039534171937541e-02
1.584111126589584154e-02,0.000000000000000000e+00,2.858962367410297079e-01,3.150012935580808193e-01,2.349424864176401784e-01,1.483188720173535813e-01
6.164123282465650694e-02,4.190083801676033892e-02,1.539830796615932473e-01,4.714094281885637949e-01,7.770155403108063019e-02,1.933638672773455858e-01
4.918156740026000812e-02,0.000000000000000000e+00,2.276025571293028293e-01,4.020380935191260052e-01,1.414665199967804210e-01,1.797112619545307155e-01
4.131061393360653533e-02,0.000000000000000000e+00,2.121825918155257618e-01,3.105158924684797150e-01,3.093197905841291173e-01,1.266711111982587734e-01
1.889403097846618917e-01,0.000000000000000000e+00,2.693087624169426264e-01,3.317879286206361078e-01,9.928276183915199504e-02,1.106802373386075317e-01
1.298025960519210154e-01,3.860077201544030029e-02,2.384247684953698931e-01,2.262045240904818066e-01,2.502650053001059804e-01,1.167023340466809278e-01
2.167590086639772928e-01,2.890687501063848169e-02,4.397798260395922032e-01,2.540468773936577912e-02,1.629261774668505081e-01,1.262234250795758184e-01
2.118986880109178794e-01,1.982395698730756925e-02,3.245932755412371806e-01,1.881413128518458211e-01,1.486777165782007248e-01,1.068650500304908629e-01
1.889403097846618640e-01,0.000000000000000000e+00,2.980288450854463589e-01,1.954210093557634809e-01,1.869013755861241022e-01,1.307084601880041663e-01
5.931034900740319443e-02,1.476394953832353869e-02,2.539023555045106795e-01,3.161915555784516885e-01,6.694687463067398869e-02,2.888849157406369050e-01
1.553201038069035485e-02,0.000000000000000000e+00,1.502273215087123748e-01,5.956140607621612792e-01,2.934691408612850883e-02,2.092796932623075257e-01
4.042565098564129822e-02,1.808255221784200312e-02,3.774537821524934222e-01,1.795411196870461690e-01,2.540731614007693540e-01,1.304237335562077604e-01
1.649775124873054458e-02,5.486383137474351579e-02,2.538974901034218301e-01,3.415221040850587308e-01,2.206045721154842321e-01,1.126142510725610807e-01
9.570896912512695531e-02,0.000000000000000000e+00,1.400977266399212329e-01,5.842519715918226275e-01,4.717506480468396796e-02,1.327662678384451400e-01
2.066197202661221588e-01,0.000000000000000000e+00,3.576926816395127329e-01,1.865772184952150803e-01,1.802741780907537728e-01,6.883620150839617202e-02
8.399503330146819435e-02,6.120302999999397559e-02,4.428005708765627713e-01,1.605766392529750786e-01,1.353988741425634079e-01,1.160258524264366625e-01
1.298025960519210709e-01,3.860077201544031417e-02,2.384247684953699209e-01,2.262045240904818344e-01,2.502650053001060360e-01,1.167023340466809556e-01
2.468914136880072732e-02,0.000000000000000000e+00,1.742967469789155066e-01,5.434452068337761732e-01,1.876742933378182931e-01,6.989461148068938645e-02
2.107963510300228938e-01,1.965877019489321864e-02,3.283045178781751061e-01,1.865735905242338621e-01,1.486921931598479962e-01,1.059745772128269370e-01
2.238538598962239445e-01,6.398507380782526843e-02,1.646210222734395268e-01,1.951050869779948627e-01,2.670264074094398365e-01,8.540854963507654718e-02
3.491393396514499980e-02,0.000000000000000000e+00,3.536038087278585151e-01,3.596558430078378721e-01,1.765715377595865887e-01,7.525487653957217693e-02
5.592111842236845154e-02,1.392027840556811155e-02,2.409448188963779491e-01,4.772095441908839053e-01,6.312126242524850050e-02,1.488829776595531895e-01
1.082158533157473596e-01,2.834655884451555211e-02,2.480215788449479930e-01,3.606294190144651579e-01,1.401138402992496979e-01,1.146727496810741598e-01
1.616276472618733556e-02,9.525574123332453819e-03,2.181871713131231239e-01,5.081331600641636470e-01,3.053869114093687304e-02,2.174526386322565008e-01
6.691984789613229789e-02,0.000000000000000000e+00,3.016003102567667571e-01,3.244232077915426005e-01,2.070720005463641544e-01,9.998463350919430115e-02
2.118986880109178794e-01,1.982395698730756925e-02,3.245932755412371806e-01,1.881413128518458211e-01,1.486777165782007248e-01,1.068650500304908629e-01
2.081192409343079197e-01,1.925760137146122208e-02,3.373175551798852090e-01,1.827662563394366613e-01,1.487273506512059862e-01,1.038119955237029324e-01
