9.483260594995428228e-02,1.278327680170233682e-01,1.946542531403537835e-01,2.358906742678113511e-01,1.728197050858700790e-01,1.739699935389872887e-01
6.085229896890892443e-02,4.637513973304113746e-02,2.047311178728548342e-01,3.094459981200146093e-01,1.101805270599746506e-01,2.684149182452058580e-01
5.058638257543748851e-02,6.464482591147126256e-02,2.319687389042583425e-01,9.065270299403400955e-02,2.411869846776512893e-01,3.209603649371476353e-01
1.529999999999999971e-01,2.189999999999999933e-02,3.332999999999999852e-01,0.000000000000000000e+00,1.529999999999999971e-01,3.387999999999999901e-01
2.372010148040475455e-02,1.167993094109798062e-02,1.408629673203490029e-01,4.563214642510714514e-01,1.118724506372773680e-01,2.555430853697993054e-01
4.975498746770478514e-02,9.171335267281462145e-02,1.239004303941955605e-02,4.864329828272671574e-01,7.917623351101724105e-02,2.805324004817767447e-01
1.318381554056566596e-01,6.584130023171300139e-02,2.538573995576968723e-01,1.620587670606679909e-01,2.565493582535409156e-01,1.298550194907245048e-01
5.547707028022027219e-03,1.290637863214461403e-02,7.325838446722442165e-02,6.510494669188642280e-01,2.900746026002287009e-02,2.282306026937218346e-01
8.722437448587137820e-02,1.024223670608210707e-01,2.317171276785719436e-01,7.704677866321728297e-02,2.825942138142276683e-01,2.189951382972906424e-01
1.076130360337113900e-01,6.155460485292742201e-02,1.721252488051640550e-01,1.779910444980508100e-01,1.653012055629951294e-01,3.154148602471510965e-01
4.999239551126236775e-02,2.130968021060361886e-02,2.024545320835028084e-01,4.702631339755656281e-01,5.249737432961103928e-02,2.034828838894545133e-01
4.762782201235424284e-03,5.439670450287689696e-03,5.599964765887344847e-02,3.684704549752686464e-01,6.576381959393752530e-02,4.995636251203972589e-01
1.466221114268888015e-01,1.055517076486445355e-01,1.499017997019619075e-01,7.600836355629507317e-03,3.470408121489143016e-01,2.432827327179608867e-01
7.139342709113212504e-02,4.319387915361455610e-02,1.369355568060264816e-01,1.817265594034193354e-01,3.471579583010639958e-01,2.195926192447436032e-01
1.199113680498219703e-01,8.315871722310781700e-02,2.039540119104532867e-01,2.822787894745031889e-01,2.054886453538960489e-01,1.052084679882176604e-01
4.505972544550966574e-02,3.697799771491726978e-02,3.273825747714885492e-02,5.112798563174347777e-01,2.379029448770255406e-01,1.360412181679638288e-01
2.726712111868530991e-02,1.263354389239820623e-02,1.063351055850930704e-02,4.587076451274187949e-01,1.443190719845330594e-01,3.464391073184552861e-01
8.251382999135199736e-03,0.000000000000000000e+00,5.937939621504684240e-02,5.586743592062631825e-01,2.497827350952252501e-01,1.239121264843295739e-01
1.529999999999999971e-01,2.189999999999999933e-02,3.332999999999999852e-01,0.000000000000000000e+00,1.529999999999999971e-01,3.387999999999999901e-01
7.940267938541141490e-02,1.160127615869016582e-01,2.171512626842090898e-01,1.961198750914422972e-01,2.454359635663999895e-01,1.458774576856356198e-01
1.839058809789719529e-01,1.608918062080721412e-01,2.803372165456549658e-01,3.063162945191190076e-02,2.834752419684687386e-01,6.075822484692040837e-02
4.904189210355160838e-02,4.271192491443588646e-02,2.605252275121608951e-01,3.172957331637606959e-01,8.258389413967118231e-02,2.478413281664197942e-01
1.045567912328928678e-01,2.474884576804475128e-02,7.833048425599118889e-03,5.016394937908733587e-01,1.732456531316410586e-01,1.879761676509488499e-01
1.155309657647983629e-01,8.513001140007814271e-02,2.377073378671227255e-01,1.667184205529892160e-01,2.715024508928362001e-01,1.234108135221752972e-01
4.676465160044415703e-02,4.321011571327906808e-02,1.622852926529912421e-01,1.871428471694335238e-01,2.552857174521043770e-01,3.053113754117476319e-01
1.151823618222463791e-01,5.623677628309969173e-02,2.485231813730863770e-01,1.500061374796400337e-01,3.140047842845894999e-01,1.160467587573381504e-01
1.128380267589298436e-01,6.630714893665085041e-02,2.131749466119505498e-01,1.562107170765316411e-01,2.808466387442021261e-01,1.706225218717349335e-01
6.091976672358703077e-02,5.729276187485730920e-02,1.867785076435173400e-02,4.482812515442551882e-01,6.389197927129131038e-02,3.509363898216574240e-01
5.978026890383476843e-02,2.668486572867786316e-02,1.737530153162983870e-01,6.436707811568352644e-02,6.490409852957440551e-01,2.637378663976134782e-02
7.158084844567923211e-02,4.067852841270466757e-02,2.890431183742541155e-01,2.038962434452566003e-02,4.519849768066730444e-01,1.263229036161633290e-01
6.574300655591655551e-02,6.487989993602322203e-02,3.324853638913065346e-02,4.696905414383774624e-01,1.476997032790808573e-01,2.187383124014713465e-01
1.374105522438528182e-01,1.051681826062628722e-01,2.640517647623314423e-01,9.076326398846239207e-02,3.363944247616723060e-01,6.621181163741812759e-02
5.882774406018272118e-02,2.332215069169541605e-02,9.678027300739684702e-02,3.582697263022736056e-01,2.753503261768874832e-01,1.874497797615639061e-01
9.988547065298508665e-02,9.388725363911466781e-02,3.636833414890967842e-02,4.472046947135818740e-01,1.205784225910025848e-01,2.020758242544061778e-01
1.512432479135046581e-01,6.313166286553971440e-02,2.554050790747317556e-01,2.892436160890022451e-02,4.292690676106921122e-01,7.202658092663163925e-02
6.166403643235805754e-02,9.174895600676769361e-03,2.490328805897979933e-02,4.658234011811102082e-01,5.136595634658746440e-02,3.870684223802877133e-01
1.086164395063049931e-01,8.595777825973428821e-02,2.398407450854337167e-02,4.876260357062481288e-01,1.422992913596215214e-01,1.515163806595476448e-01
9.211934772802167493e-02,6.975715352162653593e-02,9.496944909419251235e-02,3.318268730402074707e-01,2.244454825859533709e-01,1.868816940299985463e-01
1.087207929242273580e-01,6.050455903959917059e-02,2.860484886461973075e-01,1.613900333786851826e-01,2.700179480816718991e-01,1.133181779296191655e-01
4.850039019839983562e-02,2.693094452880936615e-02,2.480386887303933363e-01,1.479572350509947010e-01,1.450792827941374818e-01,3.834934586972652548e-01
5.706321639572203147e-02,7.821335450989172489e-02,1.268698484809834826e-01,4.478556071562636576e-01,1.645825620369232023e-01,1.254154114202158943e-01
8.059097644563480156e-02,2.260998595544402856e-02,2.820682833656047994e-01,1.727176385663187208e-01,2.333736825960815719e-01,2.086394330709160083e-01
8.947349300427093199e-02,5.508706488945488977e-02,2.447109646130912197e-01,2.404381316072179975e-01,1.759561301892414720e-01,1.943342156967234613e-01
1.030807102399121100e-01,1.005439214112347490e-01,1.268616579314061632e-01,2.764871799449281076e-01,2.823462504657173744e-01,1.106802800068016068e-01
5.503707836656739072e-02,8.023769211082727726e-02,5.036267139030380785e-02,4.841318358654377318e-01,1.202684847229252008e-01,2.099622375439385291e-01
1.025851135393868879e-01,4.138910071577960037e-02,3.694181841329132743e-01,1.655251444703048358e-01,1.830137953116134086e-01,1.380686618300019652e-01
0.000000000000000000e+00,0.000000000000000000e+00,2.546827165564258602e-02,4.617622361241479623e-01,7.857863897068491366e-02,4.341908532495246109e-01
2.268879952499719757e-02,2.173304424607716556e-02,5.505671545766906150e-02,6.551329449348118894e-01,5.777833847745624668e-02,1.876101573589885885e-01
4.576805503795296909e-02,4.217972448472936259e-02,4.094524964078813389e-02,4.428112625103678979e-01,6.591916334026413915e-02,3.623765449858973864e-01
2.178066539241974367e-02,9.470793765405841058e-02,1.928036664522536289e-02,1.979652083496603598e-01,1.756861214408276806e-01,4.905797005178083592e-01
5.506713610335736003e-02,5.492015120534413791e-02,1.398224618994928781e-01,2.447030541204317511e-01,2.148440638285672999e-01,2.906431328428065730e-01
1.529999999999999971e-01,2.189999999999999933e-02,3.332999999999999852e-01,0.000000000000000000e+00,1.529999999999999971e-01,3.387999999999999901e-01
1.268540936636155247e-01,4.638739208127636710e-02,2.787786929226662158e-01,3.051248532897771759e-01,1.453527678841314563e-01,9.750220015853333644e-02
2.245234446670781991e-03,6.590328447781864871e-03,1.046214641085371072e-01,5.532776629045649264e-01,1.196112307740801600e-01,2.136540793183649978e-01
7.333465589986330746e-02,4.707539258020760481e-02,1.624318875669478468e-01,3.921175355411183894e-01,1.684828362416072312e-01,1.565576921702556412e-01
1.007101797134157678e-01,8.539648846019382011e-02,2.677057493255436404e-01,1.786483990568532576e-01,2.762149304732812172e-01,9.132425297071232462e-02
1.078376802592105194e-01,4.592722083442012104e-02,3.270236965352461000e-01,1.657944966326412306e-01,1.924315258329536704e-01,1.609853799055282753e-01
1.141795371326126129e-01,1.283592871922230594e-01,2.651128513984465918e-01,1.664238652358939474e-01,1.503613132445942580e-01,1.755631457962296138e-01
8.550711552392480097e-02,6.420790401561360383e-02,1.327804999831129484e-01,2.663820371538054843e-01,2.243910411785102199e-01,2.267314021450329009e-01
2.600590493936014713e-01,1.392841857989184362e-01,8.362587883989433188e-03,1.097641134319952000e-01,2.603532581583651861e-01,2.221768053331303339e-01
7.705452622111866323e-02,6.821334861495066682e-02,1.030956309655962355e-01,4.736533457853752682e-01,7.656254443767251949e-02,2.014206039752866328e-01
2.490656963351015052e-02,0.000000000000000000e+00,3.116463609509961125e-02,5.732223479958608037e-01,1.587611463140788659e-01,2.119452999614505340e-01
2.887236699328970743e-02,4.884588388832215855e-02,2.606143926564308821e-01,1.298777773818891312e-01,2.468430592592590622e-01,2.849465198208090966e-01
7.868481745674552053e-02,8.437874158984962070e-02,1.748172552488133635e-01,3.741070900702425650e-01,8.130980305864667079e-02,2.067022925757022456e-01
1.630828934835648267e-02,4.291735340326355286e-02,1.453906438100527054e-01,3.755227749681483984e-01,1.159150054926912921e-01,3.039459329774876206e-01
1.012876249629132419e-01,9.373014865146761521e-02,1.479608808824848520e-01,1.468491072524583940e-01,1.765495987663700805e-01,3.336226394843058163e-01
1.055379792587170795e-01,1.285696239760307780e-01,1.094017917796203943e-01,1.654102698292010398e-01,2.518426282517680637e-01,2.392377069046625337e-01
1.316333702646630410e-01,8.400755617182621704e-02,1.937877221529040739e-01,1.858617719161121951e-01,2.883615176194755936e-01,1.163480618750189211e-01
1.119714820133028976e-01,4.949215527233434553e-02,2.366574570047614567e-01,2.473819453329464679e-01,1.910948507805088625e-01,1.634021095961459280e-01
2.341219513734698818e-02,0.000000000000000000e+00,6.556551299222991569e-02,4.807247612460331387e-01,3.642353800121058555e-02,3.938739926231794586e-01
1.529999999999999971e-01,2.189999999999999933e-02,3.332999999999999852e-01,0.000000000000000000e+00,1.529999999999999971e-01,3.387999999999999901e-01
1.285065471764864908e-01,8.049163105055323619e-02,1.789911816303976222e-01,1.746720718806435702e-01,2.063735914899966772e-01,2.309649767719223756e-01
9.647840638047389117e-02,1.940076641311614183e-02,2.892310493744612576e-01,2.009807329884358840e-01,2.479604773291778363e-01,1.459485675143349093e-01
4.881324346295632527e-02,5.790594492833972540e-02,1.215552888627013592e-02,4.803522382666595147e-01,7.767761504033703079e-02,3.230954294154372297e-01
4.875391133701809793e-02,6.435257360155909045e-02,2.305584602157321472e-01,2.873656708584127473e-01,1.991270793266958772e-01,1.698423046605820608e-01
1.219823197990444440e-02,7.294293086156039552e-02,1.031276809205629585e-01,3.932180330741121277e-01,1.065395098144600872e-01,3.119736133493999364e-01
1.686073880270895498e-01,5.840206036842668369e-02,2.405110946861056254e-01,2.714461286612502439e-02,2.746608120080384352e-01,2.306740320442147996e-01
7.598729835255542409e-02,4.683263568914951963e-02,3.208370224241092195e-01,1.113678452779607586e-01,2.471410109034148928e-01,1.978341873528102479e-01
1.529999999999999971e-01,2.189999999999999933e-02,3.332999999999999852e-01,0.000000000000000000e+00,1.529999999999999971e-01,3.387999999999999901e-01
2.726712111868531338e-02,1.263354389239820623e-02,1.063351055850930878e-02,4.587076451274187949e-01,1.443190719845330872e-01,3.464391073184552861e-01
4.340967203690038190e-02,2.300010388405823378e-02,4.069907955920475107e-02,3.439666711121361908e-01,1.854496232982386916e-01,3.634748501094616779e-01
6.922341422449540538e-02,2.510313056599517909e-02,2.135672171538127440e-01,3.667935669423842970e-01,1.124377740152783106e-01,2.128748970980339772e-01
1.289721461204559050e-01,8.720091943336540086e-02,2.327220807957734450e-01,1.604711906198333093e-01,1.529353251030441674e-01,2.376983379275277863e-01
8.817273852923095123e-02,0.000000000000000000e+00,4.617591366813533771e-01,1.336830439545677596e-01,2.274334132799024633e-01,8.895166755494542110e-02
1.529999999999999971e-01,2.189999999999999933e-02,3.332999999999999852e-01,0.000000000000000000e+00,1.529999999999999971e-01,3.387999999999999901e-01
1.134197803667275628e-01,5.470089819262677344e-02,1.996102212585463831e-01,1.573293441823162830e-01,3.570450254270320922e-01,1.178947305727509054e-01
5.200128566356241461e-02,9.610941346889390058e-03,0.000000000000000000e+00,3.502614991411322487e-01,1.682256363404740218e-01,4.199006375079418762e-01
1.289511987368588408e-01,7.980985339905798115e-02,4.685930332400987247e-02,3.921649993770630616e-01,1.435835414492646900e-01,2.086311037137457691e-01
1.148864500918207604e-01,4.820071393913187563e-02,1.977155089741692018e-01,2.055389847671702519e-01,2.144201951653953719e-01,2.192381470623124551e-01
1.356894399964120868e-01,1.130903003886627595e-01,1.952756745136031979e-01,4.790035157347004996e-02,4.456057909942128248e-01,6.243844253363908109e-02
1.687249511158971649e-01,6.647184194505416366e-02,1.334099964575357067e-01,2.662697816090716096e-01,6.567323607404654262e-02,2.994501927983949097e-01
1.648290293046281718e-01,9.634888200058343288e-02,2.412945328062588990e-01,7.040930018724278483e-02,1.575891153190768224e-01,2.695291403822098197e-01
5.050150898802754224e-02,3.560346347042311205e-02,1.035622999151401269e-01,4.465373893466890176e-01,2.012271482338449102e-01,1.625681900458752771e-01
1.529999999999999971e-01,2.189999999999999933e-02,3.332999999999999852e-01,0.000000000000000000e+00,1.529999999999999971e-01,3.387999999999999901e-01
1.798076050703178719e-01,1.533918279993256029e-01,1.024156640367099719e-01,9.099031880976242437e-02,2.777504137418668195e-01,1.956441703420172817e-01
2.410199718408315497e-02,0.000000000000000000e+00,2.064078558895401649e-01,3.693457363866124443e-01,1.745239648448899117e-01,2.256204456948743831e-01
1.505045706664748240e-01,2.909296664747143893e-02,2.493229109179738723e-01,2.362094462070448431e-01,1.192086191521517236e-01,2.156614864088832739e-01
1.096160484944481844e-01,6.100278060372726907e-02,2.448133214211717368e-01,2.293384840116923507e-01,2.281868259513079866e-01,1.270425395176522920e-01
3.768094867718172619e-02,1.263091935260109711e-01,1.313323283618991200e-01,8.106750381508699699e-02,3.415449430795133301e-01,2.820650825403078210e-01
3.438841356959987383e-02,3.192846291957916055e-02,1.513972386261022984e-01,4.452588497771252096e-01,9.424155766113830046e-02,2.427854774464551224e-01
1.397850545268234379e-01,7.314732929728369470e-02,1.688025473183654146e-01,1.270422421397917334e-01,3.621580533681498792e-01,1.290647733495858263e-01
1.270727346034210004e-01,3.493695009421590725e-02,1.695671617680453991e-01,2.098216523021687319e-01,1.260527527704694284e-01,3.325487484616793665e-01
7.299134749730226690e-02,5.180635488768782493e-02,3.635621804297690662e-01,9.078794766855907694e-02,2.318331686197693253e-01,1.890190008969124258e-01
6.479809702696020732e-03,0.000000000000000000e+00,3.503196389146121664e-02,6.881292049035059311e-01,1.209406818233118713e-01,1.494183396790249030e-01
7.213839701780162816e-02,7.055241183580769626e-02,6.580136868661004557e-02,3.802286351557463973e-01,7.998694433554960626e-02,3.312922429684846404e-01
1.380901020239784782e-01,1.794500805494185780e-01,2.812420342406591334e-01,1.452088098428077345e-01,2.069233868261765030e-01,4.908558651695966307e-02
1.371289591005790398e-01,4.522548140195819383e-02,3.263056252445875050e-01,0.000000000000000000e+00,4.547159902981961488e-01,3.662394395467920977e-02
6.530497626009310053e-02,3.133228165839855445e-02,9.620696783780580130e-02,3.028445598011741957e-01,2.912613284308757100e-01,2.130498860116525617e-01
2.418978581642205750e-01,8.344482934821484399e-02,1.656345338365945441e-01,1.194391430311040891e-01,2.252260224367364227e-01,1.643576131831295806e-01
9.667274190054436778e-02,5.079460136810112075e-02,2.794457411956727255e-01,1.845000110143881766e-01,2.623861000004000799e-01,1.262008045208934115e-01
3.981604878589563301e-02,8.959966647788286664e-02,1.037855493649257055e-01,5.498011372814230746e-02,2.321708021970230740e-01,4.796478194461304967e-01
1.037707233522452560e-01,6.603803598151432308e-02,1.103063529563529932e-01,1.700064158129375169e-01,2.222189975157365105e-01,3.276594743812134003e-01
9.980993137473923027e-02,7.337012451087385201e-02,2.136588100601660711e-01,1.847116517866129459e-01,2.739534287142939561e-01,1.544960535533140555e-01
5.578147262766553621e-02,3.549788814373995571e-02,7.484883800481950678e-02,3.022566216412141404e-01,1.660139338671720588e-01,3.656012457153888784e-01
1.324386204664863564e-01,7.127647119214985949e-02,2.119511484500506693e-01,2.763562060680871957e-01,1.859788782561676013e-01,1.219986755670584150e-01
7.029508092143729736e-02,3.668693791404722265e-02,3.314758980414758693e-01,2.630903009226079892e-01,2.342882869574026694e-01,6.416349524302905616e-02
8.285201410155787483e-02,5.072283078257477235e-02,1.545778015046967158e-01,3.159933863894706652e-01,1.342450100750065545e-01,2.616089571466933550e-01
4.592969353068603044e-02,4.035832381440165179e-02,2.210780601065708562e-01,4.403713369490746543e-01,6.938973158935106411e-02,1.828728540099157085e-01
2.436756225622644101e-01,1.182883955420496319e-01,2.494903934320858163e-01,8.098147803910382692e-02,2.211429200360146563e-01,8.642119038848160295e-02
1.529999999999999971e-01,2.189999999999999933e-02,3.332999999999999852e-01,0.000000000000000000e+00,1.529999999999999971e-01,3.387999999999999901e-01
1.769586813276914916e-01,7.807468794125548006e-02,1.544236040851650615e-01,1.395133792658164451e-01,2.102789264324839147e-01,2.407507209475876486e-01
1.529999999999999971e-01,2.189999999999999933e-02,3.332999999999999852e-01,0.000000000000000000e+00,1.529999999999999971e-01,3.387999999999999901e-01
2.933815887976966297e-02,4.312635675201555684e-03,3.153230871891331555e-01,8.087054418137958056e-02,3.596198891745925885e-01,2.105356848999234420e-01
5.810986960453467381e-02,9.220669832229133611e-02,1.686681698689284081e-01,1.615411928231969274e-01,3.951061938607232094e-01,1.243678755203254521e-01
4.918766642875739559e-02,2.058272371814338225e-02,2.264324879484092834e-01,1.530669426483798057e-01,4.773850272508795012e-01,7.334515200543061109e-02
7.638664604321347695e-02,5.955024491306218533e-03,2.222376848376415304e-01,3.858216712868686171e-01,1.158821056285796736e-01,1.937168677123906613e-01
1.529999999999999971e-01,2.189999999999999933e-02,3.332999999999999852e-01,0.000000000000000000e+00,1.529999999999999971e-01,3.387999999999999901e-01
2.735560134590325071e-02,1.140620922134974319e-01,1.262755738635972236e-01,1.420368801029278649e-01,2.324377061775447506e-01,3.578321462965293742e-01
1.529999999999999971e-01,2.189999999999999933e-02,3.332999999999999852e-01,0.000000000000000000e+00,1.529999999999999971e-01,3.387999999999999901e-01
8.787091283911597703e-03,7.871680744076536840e-02,1.539284762792435812e-01,2.360844919825849375e-01,5.546823816944936036e-02,4.670148948440450143e-01
8.586880482141705240e-02,4.911945006406623349e-02,2.340146411869875320e-01,2.968642248625177893e-01,2.692637055335092011e-01,6.486917353150230270e-02
5.307388999750933811e-02,6.584334775755389113e-02,1.879570170438779053e-01,2.491842234636249265e-01,3.025346404465967254e-01,1.414068812908371997e-01
1.203402345266083862e-01,3.444259075668371084e-02,2.974250335608579210e-01,2.123232625290760456e-01,1.546078319645972365e-01,1.808610466621767554e-01
7.397109822077470309e-02,3.553698971157690650e-02,1.665482833287203479e-01,3.417315822901709210e-01,1.523153635099435410e-01,2.298966829388135180e-01
3.292306243461190496e-02,1.506757509245767838e-02,2.970915506854158727e-01,2.636410331072023758e-02,4.930100164536880269e-01,1.355436920231062603e-01
2.031364977196307986e-01,1.629819522505450771e-02,3.459300771716115191e-02,1.689180817489296105e-01,1.682483270384944607e-01,4.088058905507295226e-01
9.998266329024342591e-02,4.928838741825816716e-02,2.501227583714291658e-01,1.808131089559887605e-01,2.846916244504877347e-01,1.351014575135926765e-01
1.032462924315954989e-01,1.899049076435139344e-02,1.569114614649518569e-01,1.320182810859517053e-01,3.791634695628360308e-01,2.096700046903135772e-01
0.000000000000000000e+00,1.910136933953436589e-02,2.721402158019791545e-02,6.629742105032025989e-01,6.159088041385528400e-02,2.291195181632098010e-01
1.730699653678829941e-01,1.134039252247997509e-01,2.066422671237956310e-01,1.898892169347168590e-01,1.681303450042687109e-01,1.488642803445360818e-01
1.736729641967960369e-01,1.152060350715242154e-01,2.926052210785149432e-01,9.511332330689176162e-02,2.419297985587532118e-01,8.147265778751983101e-02
2.176633710136063535e-02,1.135961440239101616e-01,1.338063308955462216e-01,8.220482248856304797e-02,1.971904021626888215e-01,4.514359633279310113e-01
1.250937876052176656e-01,6.239110953130320297e-02,2.776691536829100082e-01,1.590483222019175025e-01,2.727379766567364916e-01,1.030596503219151916e-01
1.190004490463523745e-01,8.506095583731783372e-02,2.902131058069771785e-01,0.000000000000000000e+00,3.916339343867116241e-01,1.140915549226409476e-01
1.151823618222463513e-01,5.623677628309969173e-02,2.485231813730862938e-01,1.500061374796400060e-01,3.140047842845894999e-01,1.160467587573381226e-01
7.343928044812757239e-02,5.962359805002832164e-02,8.562864532627456615e-02,4.053801880730973917e-01,1.499019272008169368e-01,2.260263609016552877e-01
1.161436604468313455e-01,9.473852684719176465e-02,1.061444803537992809e-01,2.649374432165180204e-02,2.869536708418286008e-01,3.695259171886971505e-01
5.084475610426263115e-02,8.052843334062063929e-02,1.128450034731918461e-01,3.450273978707685263e-01,2.289519476060999370e-01,1.818024616050564479e-01
1.106051207760259808e-01,6.155321240840388314e-02,2.324825042966888189e-01,2.169103009838869167e-01,2.302457695792667070e-01,1.482030919557276727e-01
1.369006923665830600e-01,9.434519777940097995e-02,9.077909352475733995e-02,3.360130589264725409e-01,1.118168049650916235e-01,2.301451524376944002e-01
1.759482197129656478e-01,3.727516787068532039e-02,2.370463697650712354e-01,2.214761626578488352e-01,1.360895912975222388e-01,1.921644886959067433e-01
1.121561522166372726e-01,7.686175394595651245e-02,2.977611782283109965e-01,2.338298949781772440e-01,1.209887646541416839e-01,1.584022559767763183e-01
4.989498942942469095e-02,1.496321793895525991e-02,1.940712044914501833e-01,2.207286332504971582e-01,3.930208802470344653e-01,1.273210746426381990e-01
9.552600517405057667e-02,9.453519893013936914e-02,1.425635173599373584e-01,1.840429978573334679e-01,2.431229502940030762e-01,2.402093303845361516e-01
1.529999999999999971e-01,2.189999999999999933e-02,3.332999999999999852e-01,0.000000000000000000e+00,1.529999999999999971e-01,3.387999999999999901e-01
8.586880482141703852e-02,4.911945006406621961e-02,2.340146411869875043e-01,2.968642248625177338e-01,2.692637055335091456e-01,6.486917353150227494e-02
1.291703622708228194e-01,3.684169109410768278e-02,2.371978984478287367e-01,2.444687114026572738e-01,1.402024533826481956e-01,2.121188834019352987e-01
2.381466655480678901e-02,1.181706852090832864e-02,1.478435832949785977e-01,3.473780005449838004e-01,1.038508447893370101e-01,3.652958362949855209e-01
2.903408090920539877e-02,2.521780503763815934e-02,1.464913024544177711e-01,5.350859103996685739e-01,8.189184343747278605e-02,1.822790577615973073e-01
6.590691465887148388e-03,0.000000000000000000e+00,1.318138293177429678e-02,7.300673544103005730e-01,1.230102049509010087e-01,1.271503662411369029e-01
4.035248920000054224e-02,1.326393153469405603e-02,1.503362385306142579e-01,5.399178376857876049e-01,1.128397874285729380e-01,1.432897156203305766e-01
7.644349555949060682e-02,7.476286144188946936e-02,6.972828400611676136e-02,3.608945674747608412e-01,8.476043101738085783e-02,3.334103605003614357e-01
0.000000000000000000e+00,0.000000000000000000e+00,6.769105581781129088e-02,5.096502299078383702e-01,1.091709133302294910e-01,3.134878009441206537e-01
4.551424055923835449e-02,3.902409246105993657e-02,3.304875447116783355e-02,5.325304275531071996e-01,1.358922339766275023e-01,2.139902509787992013e-01
6.922341422449540538e-02,2.510313056599518602e-02,2.135672171538127717e-01,3.667935669423843525e-01,1.124377740152783245e-01,2.128748970980340049e-01
8.934318645126711200e-02,7.904278875211839805e-02,1.367674721814828576e-01,2.607078478126923504e-01,1.549426188290749240e-01,2.791960859733644273e-01
0.000000000000000000e+00,7.296648863486960949e-03,2.044492397239777159e-01,5.751648460063949475e-01,4.403026838702180784e-02,1.690589970191183899e-01
1.785058112596958069e-01,3.547351739922808417e-02,2.558102467071622921e-01,2.174361196025223764e-01,1.165001572037466654e-01,1.962741478276447682e-01
2.602368409698340226e-02,8.389007124695070650e-03,9.360561404875510083e-02,3.393602387237060758e-01,3.280108523554130517e-01,2.046106036504472814e-01
1.348831087239407145e-01,1.411709154655709786e-01,7.341435945756276393e-02,3.525539843575834498e-01,1.658937708529602262e-01,1.320838611423817976e-01
4.881324346295632527e-02,5.790594492833972540e-02,1.215552888627013592e-02,4.803522382666595147e-01,7.767761504033703079e-02,3.230954294154372297e-01
1.077585889179574347e-01,3.199146342135791160e-02,1.610227773257230932e-01,2.407171550140350669e-01,1.245969809387623001e-01,3.339130343821642977e-01
1.334534642109728442e-01,5.337913765535075294e-02,1.607864668980850398e-01,3.273892792168799359e-01,1.914798829629967003e-01,1.335117690557147685e-01
1.391136765519404919e-02,0.000000000000000000e+00,3.151734705428788086e-02,4.693046644590477823e-01,7.632804545635894777e-02,4.089385753751113017e-01
3.599054871182198051e-02,3.800745793536943612e-02,2.461978102995572015e-01,1.607523252753066401e-01,4.132086262797830534e-01,1.058432314981616190e-01
4.344377277190101388e-02,3.981395623671593609e-02,4.702574165620554761e-03,5.733264336606010980e-01,4.681169555763634027e-02,2.919015676075250587e-01
0.000000000000000000e+00,4.427936176896683090e-02,9.516393219960275762e-02,3.736863009678880188e-01,3.695802645216220705e-01,1.172901405419203152e-01
1.529999999999999971e-01,2.189999999999999933e-02,3.332999999999999852e-01,0.000000000000000000e+00,1.529999999999999971e-01,3.387999999999999901e-01
1.336720620253604164e-01,8.083868787915889087e-02,2.570620318574550200e-01,1.641872143660434713e-01,2.499093916278796734e-01,1.143306122441025696e-01
5.503707836656739766e-02,8.023769211082730501e-02,5.036267139030380785e-02,4.841318358654377318e-01,1.202684847229252285e-01,2.099622375439385291e-01
1.239748840951090114e-01,7.047840221909980329e-02,2.235986054868449036e-01,1.868258945180074071e-01,2.890814112864539265e-01,1.060408023944848233e-01
1.529999999999999971e-01,2.189999999999999933e-02,3.332999999999999852e-01,0.000000000000000000e+00,1.529999999999999971e-01,3.387999999999999901e-01
5.247726992674317525e-02,7.234447642785120369e-02,8.956693746238839071e-02,4.452392104957406671e-01,1.625449739328659604e-01,1.778271317544105334e-01
2.299382056723925025e-02,8.678049304529365793e-02,9.507771162782453767e-02,2.281652470699248869e-01,2.636294059371427911e-01,3.033533217525750114e-01
1.529999999999999971e-01,2.189999999999999933e-02,3.332999999999999852e-01,0.000000000000000000e+00,1.529999999999999971e-01,3.387999999999999901e-01
6.479809702696020732e-03,0.000000000000000000e+00,3.503196389146121664e-02,6.881292049035059311e-01,1.209406818233118575e-01,1.494183396790249030e-01
1.529999999999999971e-01,2.189999999999999933e-02,3.332999999999999852e-01,0.000000000000000000e+00,1.529999999999999971e-01,3.387999999999999901e-01
5.599457322721476671e-02,5.997322855154169075e-02,9.213488123341848079e-02,5.080767662410344832e-01,2.847454475018965439e-02,2.553460059966009554e-01
2.172143317047141656e-02,1.614188050530661681e-02,8.215283519155772152e-02,4.426769241697044444e-01,2.387468423069473711e-01,1.985600846560123534e-01
6.268297616278117879e-02,5.342167260504215170e-02,8.560785295153372498e-02,3.104634348288022871e-01,1.822032099276675310e-01,3.056208535241731750e-01
2.796896122512965502e-02,2.091023727643977204e-02,6.827926546655473106e-02,5.525147125506866264e-01,1.807377746958750697e-01,1.495890487853140938e-01
5.503707836656739766e-02,8.023769211082730501e-02,5.036267139030380785e-02,4.841318358654377318e-01,1.202684847229252285e-01,2.099622375439385291e-01
1.481029973957738964e-02,0.000000000000000000e+00,3.616524399188202066e-02,5.621772054173148625e-01,1.528122613798978957e-01,2.340349894713278645e-01
4.865624918083178568e-02,5.613169321741304230e-02,0.000000000000000000e+00,5.096765812397201501e-01,5.239397119912241052e-02,3.331415051629126878e-01
1.162938704578708737e-01,8.666223915325753369e-02,2.826737590692935953e-01,1.898951058266836189e-01,2.360505262964026074e-01,8.842449919649178480e-02
1.529999999999999971e-01,2.189999999999999933e-02,3.332999999999999852e-01,0.000000000000000000e+00,1.529999999999999971e-01,3.387999999999999901e-01
3.593656802068754402e-02,2.939372722958125475e-02,1.004089952748020292e-01,3.656286173398125561e-01,3.986400492634992881e-02,4.287680872087666906e-01
3.438841356959987383e-02,3.192846291957916055e-02,1.513972386261022984e-01,4.452588497771252096e-01,9.424155766113830046e-02,2.427854774464551224e-01
6.915332557256868851e-03,1.012452938824933285e-01,1.300099469969318855e-01,2.591124731896333744e-01,1.853138777445694774e-01,3.174030756291151278e-01
1.537742033105173045e-01,9.791644782611461095e-02,2.041929523569943616e-01,1.621863897483645789e-01,2.567907871752127535e-01,1.251392195827964460e-01
7.326670297807111321e-02,5.245387987240798106e-02,2.068800378729818978e-01,3.198491783570074354e-01,2.192674551724814735e-01,1.282827457470501475e-01
1.529999999999999971e-01,2.189999999999999933e-02,3.332999999999999852e-01,0.000000000000000000e+00,1.529999999999999971e-01,3.387999999999999901e-01
1.708315585204328579e-01,1.087549629359162162e-01,3.262050801343444051e-01,5.021475450356140124e-02,2.535475439718370971e-01,9.044609993390803626e-02
1.037017283621393671e-01,7.106785113085219152e-02,2.784546409106818388e-01,2.162036033933898704e-01,1.838697311621860231e-01,1.467024450407506675e-01
2.276491828822693048e-02,2.276491828822693048e-02,1.668536230054052938e-01,3.568891813508506816e-01,2.031852017810339972e-01,2.275421572862562636e-01
6.024686368767142447e-02,8.307536476386646884e-02,2.003030864385159371e-01,1.973747919613555446e-01,1.047502245595925557e-01,3.542496685889982566e-01
1.529999999999999971e-01,2.189999999999999933e-02,3.332999999999999852e-01,0.000000000000000000e+00,1.529999999999999971e-01,3.387999999999999901e-01
1.157147872651387299e-01,2.738997045852428758e-02,8.668968524357166180e-03,4.760011915989890707e-01,1.917339243137673732e-01,1.804911578392234817e-01
1.170938230698032184e-01,1.984852651183231786e-02,6.943562902871647236e-02,3.585628981050576480e-01,9.920696584485461100e-02,3.358521574397355658e-01
3.438841356959987383e-02,3.192846291957916749e-02,1.513972386261022707e-01,4.468535764054144543e-01,9.424155766113830046e-02,2.411907508181658499e-01
7.337314528981467299e-02,5.079287791854454615e-02,1.787929660599669179e-01,3.846357473117416048e-01,1.962668018168476358e-01,1.161384616030846501e-01
7.423488966053921889e-02,4.019133111302728573e-02,1.874962706835545667e-01,1.922715596666933480e-01,2.169706483589225188e-01,2.888353005172629717e-01
9.762075152359704633e-02,7.125753088213677977e-02,1.295814375079946679e-01,2.438050908775935000e-01,1.046469380537390498e-01,3.530882511549389147e-01
1.700901486829925133e-02,1.477976317761400295e-02,2.317368568537530593e-01,2.561775965365531427e-01,3.424558448952773615e-01,1.378409236685031736e-01
5.684377140013060353e-02,2.071967771381384021e-02,1.319275012836990946e-01,3.578122649374454456e-01,2.918120830393731158e-01,1.408847016255378448e-01
1.529999999999999971e-01,2.189999999999999933e-02,3.332999999999999852e-01,0.000000000000000000e+00,1.529999999999999971e-01,3.387999999999999901e-01
2.122043140569676023e-01,8.801506262697048055e-02,2.124005215023357096e-01,1.093902120087923563e-01,2.017251584848409052e-01,1.762647313200929600e-01
6.997200045089560505e-02,3.880100342355408127e-02,2.812756818670779091e-01,3.059754601974645771e-01,9.963493513907169252e-02,2.043409189219360655e-01
1.629798179025410687e-01,9.903118845643259227e-02,6.616288754328536470e-02,3.236793514264104665e-01,1.140704073980535471e-01,2.340763472732769190e-01
4.159033089285183588e-02,5.056869070415235395e-02,2.346848115573480775e-01,2.819097545648085457e-01,1.973678597251420086e-01,1.938785525556973033e-01
6.714833493191489644e-02,5.882205812038708570e-02,5.746556915370656243e-02,2.490195501824007951e-01,1.594051798680091447e-01,4.081393077435814809e-01
0.000000000000000000e+00,1.190485190773824808e-01,0.000000000000000000e+00,1.450912827859212328e-01,0.000000000000000000e+00,7.358601981366963418e-01
0.000000000000000000e+00,0.000000000000000000e+00,0.000000000000000000e+00,6.719808599482522959e-01,0.000000000000000000e+00,3.280191400517476485e-01
3.599088060703550807e-02,1.513912656912646260e-01,4.522847725003312225e-02,1.062230191100374949e-01,2.878517894864836627e-02,6.323811783929809138e-01
1.490066742638428698e-01,6.996547445731834958e-02,2.215360483655351709e-01,1.820897370100136581e-01,3.174626951410914333e-01,5.993937076219853916e-02
5.611067569473711381e-02,2.454444301656364541e-02,7.100666349371070885e-02,4.251441834250268004e-01,7.590063411471363597e-02,3.472934002552480748e-01
1.529999999999999971e-01,2.189999999999999933e-02,3.332999999999999852e-01,0.000000000000000000e+00,1.529999999999999971e-01,3.387999999999999901e-01
1.045567912328928817e-01,2.474884576804474781e-02,7.833048425599117154e-03,5.016394937908733587e-01,1.732456531316410586e-01,1.879761676509488222e-01
1.516597307293325245e-02,0.000000000000000000e+00,2.831142286426614474e-01,4.069120925541809819e-01,1.162196727406620139e-01,1.785880329895623841e-01
1.529999999999999971e-01,2.189999999999999933e-02,3.332999999999999852e-01,0.000000000000000000e+00,1.529999999999999971e-01,3.387999999999999901e-01
0.000000000000000000e+00,2.509659609780833921e-03,1.039932279727857206e-01,4.771502721872194486e-01,5.251705391505047393e-02,3.638297863151634948e-01
1.651086379967193485e-01,7.554502731787178516e-02,1.297933390095095119e-01,3.297581384853988662e-01,1.345216154176342160e-01,1.652732417728662029e-01
8.392307685309027820e-02,4.347337159895449388e-02,2.224420569045555685e-01,2.342134095828536655e-01,2.636817267265593734e-01,1.522663583339865512e-01
4.094743669637920108e-02,3.026008586054270214e-02,1.184409328574316245e-01,4.059470987227685179e-01,1.119313030647267754e-01,2.924731427981511200e-01
1.363464822366902696e-02,4.544882741223009275e-03,2.481932333745324737e-01,3.453029569376154240e-01,2.201026164345432912e-01,1.682216622884168677e-01
1.205652685941603630e-01,3.739802368126680931e-02,1.847010738729672197e-01,1.634188523646110114e-01,1.741473582259522035e-01,3.197694232610424070e-01
1.529999999999999971e-01,2.189999999999999933e-02,3.332999999999999852e-01,0.000000000000000000e+00,1.529999999999999971e-01,3.387999999999999901e-01
3.881821608116475808e-02,6.259091200404533206e-02,1.023006966012805219e-01,4.075477940467195914e-01,1.837003471307769586e-01,2.050420341360127408e-01
8.361940036891848949e-02,6.758600325420682786e-02,1.175233199610756785e-01,4.007916652210048447e-01,8.134280167050920995e-02,2.491368095242849356e-01
9.411493101882636991e-02,6.515146901048929351e-02,2.073937573480412466e-01,3.046879683188900567e-01,2.002961578179855151e-01,1.283557164857676292e-01
4.881324346295632527e-02,5.790594492833972540e-02,1.215552888627013592e-02,4.803522382666595147e-01,7.767761504033703079e-02,3.230954294154372297e-01
5.022403840437860562e-02,6.764698981961760581e-03,5.258292542773123496e-02,4.917050463769936375e-01,6.789217638975048041e-02,3.308311144191841691e-01
5.154164112130851100e-02,3.123281304787209681e-02,2.292767537269275180e-01,9.499888776533806090e-02,4.116196567539258666e-01,1.813302475846279294e-01
1.529999999999999971e-01,2.189999999999999933e-02,3.332999999999999852e-01,0.000000000000000000e+00,1.529999999999999971e-01,3.387999999999999901e-01
1.671850662091863837e-01,3.248787207461001358e-02,2.453812823451009817e-01,2.296539060693805201e-01,1.196395160668755481e-01,2.056523572348465390e-01
1.256808765187181487e-01,2.092632254045551782e-02,2.673328895046365727e-01,2.566647339353142487e-01,1.379889604283197346e-01,1.914062170725558676e-01
1.010183801754251237e-01,3.975261447406691628e-02,2.619066726048891458e-01,1.095231945007481694e-01,3.297833459148044599e-01,1.580157923300662126e-01
1.529999999999999971e-01,2.189999999999999933e-02,3.332999999999999852e-01,0.000000000000000000e+00,1.529999999999999971e-01,3.387999999999999901e-01
1.010502578830326514e-01,5.623580485024430586e-02,2.123989996814479586e-01,1.720624166162238455e-01,3.242946512630015543e-01,1.339578697060497536e-01
1.644497753815957197e-02,8.231534411289993802e-03,3.289801456211149250e-02,5.455248267786816374e-01,1.155164720093376923e-01,2.813841747004195426e-01
1.236831195517772292e-01,4.071741675074028177e-02,2.046055137818573733e-01,2.839408178972106511e-01,1.438303256701913835e-01,2.032228063482232061e-01
4.628339515287389905e-02,1.059320682663877494e-01,8.106559935348679746e-02,3.008405642536387745e-02,4.435896678595373510e-01,2.930452129423503083e-01
1.529999999999999971e-01,2.189999999999999933e-02,3.332999999999999852e-01,0.000000000000000000e+00,1.529999999999999971e-01,3.387999999999999901e-01
9.814999999999998725e-02,4.989999999999999297e-02,2.982500000000000151e-01,1.676999999999999880e-01,3.111666666666667025e-01,7.483333333333333504e-02
1.419330234875729735e-01,1.112008565683208355e-01,1.615869875211992102e-01,3.215807049312370269e-01,1.530773503820900272e-01,1.106210771095799406e-01
1.759482197129656200e-01,3.727516787068532039e-02,2.370463697650712076e-01,2.214761626578488629e-01,1.360895912975222111e-01,1.921644886959067711e-01
1.803780681252263596e-02,7.424088101013653906e-02,9.594014369974054879e-02,3.196787080305675821e-01,1.998140736975774490e-01,2.922883867494551757e-01
1.529999999999999971e-01,2.189999999999999933e-02,3.332999999999999852e-01,0.000000000000000000e+00,1.529999999999999971e-01,3.387999999999999901e-01
6.270332171139259003e-02,1.101579957642584082e-02,1.595656403982495253e-01,3.493842504732951881e-01,2.885571306287461057e-01,1.287738572118906355e-01
3.415656063397799064e-02,9.649938401183862091e-02,6.180887516665992121e-02,2.928880866308001263e-01,2.510739691371829951e-01,2.635731244195402834e-01
5.401692810746572954e-02,0.000000000000000000e+00,6.697241401471795696e-02,3.547376229663783964e-01,4.142816573065553204e-02,4.828448691807823989e-01
8.947349300427093199e-02,5.508706488945488977e-02,2.447109646130912197e-01,2.404381316072179975e-01,1.759561301892414720e-01,1.943342156967234613e-01
1.171791234115066582e-01,5.077205016988997621e-02,1.165598084363212161e-01,2.826141648341123358e-01,1.911780335587925650e-01,2.416968195893771931e-01
1.382561790045065686e-01,1.007818405512291293e-01,2.795821378282955516e-01,1.739324097417177806e-01,1.983133740718593108e-01,1.091340588023915897e-01
1.529999999999999971e-01,2.189999999999999933e-02,3.332999999999999852e-01,0.000000000000000000e+00,1.529999999999999971e-01,3.387999999999999901e-01
1.529999999999999971e-01,2.189999999999999933e-02,3.332999999999999852e-01,0.000000000000000000e+00,1.529999999999999971e-01,3.387999999999999901e-01
