2.563504233615574238e-02,7.050470031335423493e-02,3.633575571704780183e-01,1.669444629641976263e-01,1.751116741116074405e-01,1.984465631042069411e-01
5.019795022466038564e-02,7.661184707305454533e-02,2.155403902642145375e-01,1.398397340351896778e-01,1.637852677883689101e-01,3.540248106145119644e-01
5.686469206076504718e-02,5.686469206076504718e-02,2.580605113617621682e-01,2.300550044366065500e-02,2.934204916687077613e-01,3.117841124043393419e-01
3.633793357128984464e-02,0.000000000000000000e+00,2.185051124934352107e-01,1.869625751906822952e-01,3.836340722466898279e-01,1.745603064979029395e-01
4.681633754549002768e-02,2.808987845955068091e-02,9.625257948818653764e-02,3.844748228700642367e-01,2.119030461536903220e-01,2.324633354830182574e-01
7.620000000000001772e-02,6.983333333333334447e-02,0.000000000000000000e+00,5.490333333333333732e-01,7.936666666666666869e-02,2.255666666666666931e-01
1.804289659434333004e-01,8.287685444312584138e-02,3.626168960877440561e-01,0.000000000000000000e+00,2.806658343759753094e-01,9.341144914972161761e-02
1.306903979498343256e-02,3.040426884488177731e-02,1.725788216793611718e-01,4.764421166656742646e-01,6.833447595101342642e-02,2.391712770640857799e-01
5.776115522310446004e-02,1.732234644692893788e-01,3.172063441268825335e-01,1.396627932558651142e-01,9.836196723934478858e-02,2.137842756855136972e-01
1.480461928340416344e-01,4.806127904846163590e-02,3.340881275630365743e-01,2.533877911805765618e-02,1.980827165253775668e-01,2.463829049110248526e-01
1.382555467051132213e-02,1.382555467051132213e-02,2.681574059563517354e-01,4.053010506593795470e-01,3.723387880186913163e-02,2.616565552413769313e-01
2.727068054709323036e-03,4.548543698798192432e-03,9.032543314349755770e-02,4.197127895385404650e-01,8.514861970616605102e-02,3.975375458582884325e-01
3.805553421770326711e-02,7.176710091690000071e-02,7.190123760886517335e-02,7.217677770100161191e-03,5.538951259333573240e-01,2.571633235530740857e-01
7.014045865653240931e-03,1.755003816597491828e-02,3.160797690096502771e-02,1.247604753975767831e-02,5.697575552319228409e-01,3.615943362957261820e-01
2.207071649499622035e-01,1.660022132649651427e-01,2.081974875006296910e-01,1.564385524735119049e-01,1.978486137985895343e-01,5.080596801234152360e-02
0.000000000000000000e+00,0.000000000000000000e+00,1.630379274850084562e-02,8.030998117030354599e-01,3.916271866392471296e-02,1.414336768845389780e-01
0.000000000000000000e+00,0.000000000000000000e+00,0.000000000000000000e+00,5.618999999999999551e-01,9.666666666666665422e-03,4.284333333333333327e-01
0.000000000000000000e+00,0.000000000000000000e+00,1.078089786594660926e-01,4.941221090266560423e-01,2.408216319329204158e-01,1.572472803809573938e-01
0.000000000000000000e+00,0.000000000000000000e+00,2.770955763495204782e-01,1.032546966752162232e-01,1.540044721780966519e-01,4.656452547971665634e-01
1.329505985928588763e-01,1.903623417654403127e-01,1.719421458893653221e-01,2.088713239441275793e-01,1.262392377859765658e-01,1.696343520222313439e-01
1.409121423836093012e-01,9.229125492322831636e-02,3.488952005061277117e-01,4.682293799116655358e-02,3.164245081877783972e-01,5.465395600808953258e-02
6.904582484708257639e-02,2.302662930272709324e-02,2.330552206963232009e-01,5.137367893255216922e-01,5.510232588093007255e-02,1.060332099474154272e-01
2.180720377337617977e-02,5.443078061834694115e-03,1.636412571154148565e-02,5.692990025943110988e-01,2.310865769457126628e-01,1.560000129132238234e-01
9.095997001659106296e-02,8.186679987593034613e-02,1.689636107774675211e-01,3.163326723120435391e-01,1.659980613422367135e-01,1.758788856757307895e-01
8.683604401592685818e-02,9.621816625809727352e-02,1.714269908353213412e-01,1.485936467166174002e-01,2.903532735219756522e-01,2.065718786520615857e-01
1.018967682060854668e-01,5.534408647548953036e-02,1.868404026976654142e-01,2.619184779802093410e-01,2.416889197986268056e-01,1.523113448419234905e-01
1.290065826875427812e-01,8.250792581218520383e-02,2.520910862933348762e-01,0.000000000000000000e+00,3.387123555399950692e-01,1.976820496669419724e-01
4.069045235331736343e-02,4.069045235331736343e-02,4.340522946584697561e-02,3.148967999392834893e-01,4.340522946584697561e-02,5.169118364223879158e-01
1.259238384407697919e-01,6.701635409943364208e-02,2.149668645400579781e-01,0.000000000000000000e+00,5.791932947283255917e-01,1.289964819141296154e-02
7.793393328981024215e-02,4.319061268453911612e-02,3.632613211092246552e-01,4.740118342576506161e-02,2.822588343917912246e-01,1.859541150988695823e-01
1.134641476001160276e-01,8.360554632168512579e-02,4.354268595645569007e-02,3.966596395319671453e-01,2.268357790037878463e-01,1.358922015859879984e-01
1.420243064793836885e-01,8.713404920364889450e-02,2.591638869682143520e-01,3.202087081617206732e-02,4.385072844632466604e-01,4.114960206933433035e-02
7.937760667979790186e-02,2.788427723401894209e-02,6.416959477318850968e-02,5.068563657769045161e-01,1.570165589787634874e-01,1.646955965573266567e-01
7.620000000000001772e-02,6.983333333333334447e-02,0.000000000000000000e+00,5.490333333333333732e-01,7.936666666666668257e-02,2.255666666666667208e-01
2.170881998618461040e-01,1.081677372537724752e-01,3.118639305170028408e-01,5.323942631215288629e-02,2.513892146195346178e-01,5.825149143569106208e-02
1.490054626227187151e-01,2.217028989001766301e-02,6.017650113004793799e-02,3.337529065892025915e-01,1.104291582140879829e-01,3.244656815539249672e-01
1.233726771918104564e-01,8.141828127743939991e-02,2.588182369331883115e-02,4.210480488611921257e-01,1.788283230134632973e-01,1.694508459627757924e-01
9.138250249391320634e-02,1.017767657503987899e-01,6.281035521131728139e-02,3.766764385126353809e-01,1.056513015600705485e-01,2.617026364716648623e-01
7.514548245577305774e-02,2.615062789460902148e-02,2.770479696327945440e-01,3.068565776081492724e-01,1.608321450315741141e-01,1.539671973770999902e-01
6.803549978845967183e-02,3.737363974439864706e-02,3.224113672837290445e-01,3.873296371907797558e-03,2.496434514014949646e-01,3.186627454100098289e-01
4.542335385619462873e-02,1.399176303406589605e-01,3.784844148224612848e-02,3.504330819850870471e-01,2.930029437251522317e-01,1.333745486106608369e-01
2.120070669022301041e-02,3.030101003366779053e-02,4.053468448948298608e-01,7.590253008433614501e-02,1.261042034734491113e-01,3.411447048234941826e-01
1.559809306111598938e-02,0.000000000000000000e+00,2.816004704537096726e-01,2.761531309869907913e-01,2.303388336568452655e-01,1.963094718413382345e-01
0.000000000000000000e+00,0.000000000000000000e+00,8.071677132914682751e-02,5.009399624015038466e-01,1.954321827126914712e-01,2.229110835566577298e-01
1.086412735865166374e-01,9.690044586189230924e-02,1.105988990313155895e-01,3.948276894141550808e-01,1.604052056090168321e-01,1.286264864971035371e-01
6.697130023355064854e-02,0.000000000000000000e+00,4.505942551985683275e-01,1.578839269499910936e-01,1.283028446152971458e-01,1.962476730025928262e-01
0.000000000000000000e+00,0.000000000000000000e+00,5.494989681129317655e-02,6.078826029164251521e-01,1.901558607847660468e-02,3.181519141938050077e-01
5.371885581228407619e-02,4.405983779608770717e-02,1.174072550373191082e-01,4.777802391379256663e-01,9.384593873327432001e-02,2.131878734831089972e-01
6.463999141704334685e-03,6.463999141704334685e-03,9.382765273971709064e-02,3.228848496642787169e-01,4.855118298064269033e-02,5.218083163319527928e-01
0.000000000000000000e+00,1.095974776915877580e-01,6.953362838991685412e-03,1.605333498348684718e-01,0.000000000000000000e+00,7.229158096345520423e-01
2.622238995039941067e-02,1.884945417670426523e-03,1.442137748240636119e-01,2.500244744042652290e-01,3.164783122609911570e-01,2.611761031426101387e-01
0.000000000000000000e+00,0.000000000000000000e+00,0.000000000000000000e+00,8.294666666666666854e-01,0.000000000000000000e+00,1.705333333333332868e-01
1.094428644007389706e-01,0.000000000000000000e+00,3.947345463525693821e-01,2.841341227765807331e-01,9.611284656304745766e-02,1.155756199070634149e-01
4.633333333333333054e-03,1.360000000000000098e-02,2.159000000000000086e-01,3.122999999999999665e-01,2.468333333333333213e-01,2.067333333333333245e-01
4.572068112762877473e-02,2.078923278623804119e-02,2.549405624730081144e-01,4.767596515975745519e-01,3.552683586757717643e-02,1.662630361479731367e-01
1.551171421018988084e-01,1.790303009423304670e-01,2.099979664170144311e-01,1.720108368063169302e-01,2.099699293126241761e-01,7.387382441981524273e-02
1.151522225533590377e-01,2.656766787499624180e-02,5.034436046249750607e-01,0.000000000000000000e+00,1.687447684481189758e-01,1.860917364985506528e-01
9.415408210331790984e-02,1.303483713607187233e-01,2.429964971213495750e-01,3.128626702536204673e-01,1.683432788441598937e-01,5.129510031683340993e-02
8.883749999999999980e-02,8.656250000000001443e-02,1.677500000000000102e-01,7.520000000000000295e-02,2.816374999999999851e-01,3.000125000000000153e-01
7.379623004085181237e-02,1.847862712541460117e-01,0.000000000000000000e+00,7.708193629776239307e-03,3.479750328807093007e-01,3.857342721945165587e-01
1.569222405774494400e-01,1.315581332928385250e-01,1.879128283797330268e-01,1.446443452237427540e-01,1.354326691025103113e-01,2.435297834237259151e-01
1.369999999999999690e-02,0.000000000000000000e+00,2.739999999999999380e-02,6.012999999999999456e-01,2.556999999999999829e-01,1.018999999999999906e-01
6.185074600073921236e-02,1.046382639241308921e-01,9.905070975588330107e-02,2.436463235395772975e-01,3.774312409095976206e-01,1.133827158700716764e-01
1.693160203068183600e-01,1.815683531622145908e-01,3.244592005848737082e-01,2.060952406339384632e-02,1.749645320507888513e-01,1.290823698319105428e-01
6.856860247367245823e-03,0.000000000000000000e+00,2.718047252824474236e-01,1.687478480920089619e-01,1.858500756473403515e-01,3.667404907308361439e-01
1.614643400134276319e-01,2.181310884194542499e-01,2.235345469853353417e-01,6.137039914903912735e-02,2.540907955319380851e-01,8.140882990080576531e-02
7.348760617089733493e-02,1.818848953875834007e-01,7.051577412158922809e-02,3.420537232337287348e-01,2.969268865782900835e-02,3.023653124283723348e-01
5.119658689420705094e-02,4.199720018665421307e-03,2.195520298646756463e-01,2.753483101126590893e-01,3.529098060129324255e-01,9.679354709686019409e-02
1.007856406460551218e-01,2.428450212203171060e-02,1.597673743388294543e-01,3.779366419132900168e-01,1.351170554939910562e-01,2.021087854858026611e-01
0.000000000000000000e+00,0.000000000000000000e+00,2.621560314212975987e-02,4.434977025207172963e-01,0.000000000000000000e+00,5.302866943371529196e-01
4.544863653563794431e-02,2.292979274201518633e-02,1.853829996606961572e-01,5.801987935691330783e-02,5.550317209484650904e-01,1.331869707562723104e-01
1.746254116978128434e-01,1.353451484295901397e-01,2.152736655177996394e-01,1.592897835832941256e-01,2.358355251483198675e-02,2.918824382566713171e-01
1.060035334511150520e-02,8.500283342778093207e-03,3.985466182206073293e-01,1.451048368278942680e-01,2.748758291943064758e-01,1.623720790693023164e-01
7.620000000000001772e-02,6.983333333333334447e-02,0.000000000000000000e+00,5.490333333333333732e-01,7.936666666666666869e-02,2.255666666666666931e-01
1.512082726909600924e-02,1.014659678242295637e-01,2.800803094886119005e-01,2.690606506533548825e-01,2.025700207700111000e-01,1.317022239946964435e-01
0.000000000000000000e+00,1.292172142388887668e-01,1.298532767902255414e-01,2.744156370187167959e-01,1.843687433302896028e-01,2.821451286218792376e-01
1.249190383058874088e-01,3.694239470685441867e-02,2.358615128130558958e-01,4.781129408104213552e-02,2.812125110248488991e-01,2.732532490683112214e-01
1.215068896851448227e-01,5.998477696843505097e-02,2.273318808191175378e-01,9.995996924432029584e-02,3.410300090691449904e-01,1.501864742138372677e-01
1.936959075277682948e-02,2.711742705388756405e-02,6.589458814915254148e-02,5.625809514737576400e-01,0.000000000000000000e+00,3.250374425704254389e-01
0.000000000000000000e+00,0.000000000000000000e+00,0.000000000000000000e+00,5.618999999999999551e-01,9.666666666666665422e-03,4.284333333333332772e-01
3.137921507220160777e-02,2.822454309430233454e-02,8.470154673403886003e-02,3.933905104479179515e-01,8.154687475613960068e-02,3.807573098953997426e-01
4.862516480412615305e-02,9.213757234331902343e-03,1.635499705321727393e-01,3.873447350222150587e-01,2.185210530880909163e-01,1.727453193190631175e-01
1.044493473893889912e-01,3.797225947304030957e-02,6.141867711345942726e-02,1.323314327340152086e-01,1.351757751718041523e-01,5.286525081182918973e-01
9.570486792998912640e-02,0.000000000000000000e+00,2.181838500194757946e-01,3.893111002560160072e-01,1.701885162409167151e-01,1.266116655536022872e-01
1.529999999999999971e-01,2.189999999999999933e-02,3.332999999999999852e-01,0.000000000000000000e+00,1.529999999999999971e-01,3.387999999999999901e-01
1.307533969711247024e-01,5.373337520955962648e-02,2.188193599764640673e-01,0.000000000000000000e+00,5.305707043088722097e-01,6.612316353397934554e-02
4.915326814592262811e-02,0.000000000000000000e+00,0.000000000000000000e+00,4.086759269768152070e-01,4.094012625337449529e-02,5.012306786238877043e-01
1.980927789901886782e-01,8.382050508506037889e-03,1.157497668554675202e-01,3.392985330674663236e-01,2.292319149013236912e-01,1.092449556770477836e-01
1.056225966643558473e-01,6.169966629996066765e-02,1.714112056814895146e-01,4.295416233204055745e-01,6.567283407406307449e-02,1.660520739597252937e-01
1.588072380234144820e-01,8.660342493279299392e-02,2.326628751147656604e-01,1.580566483664114924e-02,4.548220663712329026e-01,5.129873072115271465e-02
5.700720760910575613e-02,0.000000000000000000e+00,5.700720760910575613e-02,5.535021174685083034e-01,5.700720760910575613e-02,2.754762597041743866e-01
1.494866695619860575e-01,7.968170230355571537e-02,1.558813372038179712e-01,1.545093629967400628e-01,1.682899477246659059e-01,2.921509802092341346e-01
1.316453643930005357e-01,9.280972026653488971e-02,2.161411016706071553e-01,1.532126357619886525e-01,3.361773612648784049e-01,7.001381664299038965e-02
1.607123008641087036e-01,1.263746375919019838e-01,2.033452967630638986e-01,3.016001984609995024e-01,1.646151512714330578e-01,4.335241504849273592e-02
1.129344147556369526e-01,1.000426546938209815e-01,2.138650483356362986e-01,1.566730814092804902e-01,1.722797354033518136e-01,2.442050654022734912e-01
0.000000000000000000e+00,0.000000000000000000e+00,1.571961595100982434e-01,6.940851916048549342e-01,1.851429376916612860e-03,1.468672195081301146e-01
1.619115256577456641e-01,2.363433599758465661e-02,2.418231042261030916e-01,3.260272242523954978e-01,6.265689960213707832e-02,1.839469102640341469e-01
7.655876216850789062e-02,2.664244923464074294e-02,1.826987160981005942e-01,4.647847800793172834e-01,6.323753755118752262e-02,1.860777548682459870e-01
8.492196911905419698e-02,1.754322441277743894e-01,2.652200983426553083e-01,5.563541886934337405e-02,1.544656784771369640e-01,2.643245910640358298e-01
7.003112762009906789e-02,5.061450516203509081e-02,2.147575181482663798e-01,2.431036694747711058e-01,1.919205298123583536e-01,2.295726497824699674e-01
1.092146838326391312e-01,1.170282877132989147e-01,5.697273984503926914e-02,2.590191183050813972e-01,2.464966127149311181e-01,2.112685575890102252e-01
9.563014566181127218e-02,5.953134895503483376e-02,7.729742341921935767e-02,1.208626379120695815e-01,1.262624579180693929e-01,5.204159861337955828e-01
1.037589293876165497e-01,4.075923371363156938e-02,4.271802151467835595e-01,3.721690207075270280e-03,3.107611366502195382e-01,1.138187948946734890e-01
1.369999999999999864e-02,0.000000000000000000e+00,7.406666666666666954e-02,5.329000000000000403e-01,2.556999999999999829e-01,1.236333333333333312e-01
5.094586915087287449e-02,5.330261689280490524e-03,4.561560746159238483e-02,5.168019774982967052e-01,8.260392502357845335e-02,2.987023591763790509e-01
1.414321019551966208e-01,1.199392003165254267e-01,2.629659568499354561e-01,3.191407407673066965e-01,9.922874610680847141e-02,5.729325400422750209e-02
1.385788872247518400e-01,2.460041091296410673e-02,4.182727197755072845e-01,0.000000000000000000e+00,3.751158256654338330e-01,4.343215642134292537e-02
2.864433723969955076e-02,0.000000000000000000e+00,6.007088987071475955e-02,3.586752891643101848e-01,2.955514760872634539e-01,2.570580076380120649e-01
2.347693648939720434e-01,1.139179102587749570e-01,1.375427709691769418e-01,2.042126519072213348e-02,2.107606024742227635e-01,2.825880862131312510e-01
1.419696347832256067e-01,1.000888883647888805e-01,2.391300886375619106e-01,1.845281972621946043e-01,1.878055614814037322e-01,1.464776294708252657e-01
1.444851539886069999e-02,6.123526712616176454e-02,2.889703079772139999e-02,1.022971011079625708e-01,2.696704662400497554e-01,5.234516193292438890e-01
0.000000000000000000e+00,1.390000000000000090e-02,9.026666666666667560e-02,1.828666666666666774e-01,3.055666666666667086e-01,4.074000000000000399e-01
9.674102184503331758e-02,9.051885240453165504e-02,2.565616761949216507e-01,1.674373381771512501e-02,3.647838059375050346e-01,1.746509098002931581e-01
1.184802069386660939e-01,7.539774292495127206e-02,1.589794137405304009e-01,2.648533834898219030e-01,2.064563604821793019e-01,1.758328924238511115e-01
2.516483278003163182e-01,1.538769948202386439e-01,2.741794507695056726e-01,0.000000000000000000e+00,2.490007766309447479e-01,7.129444997899458958e-02
1.421250628664611215e-01,8.324967879328223908e-02,3.500178067868653375e-01,1.744884411377015387e-01,1.514375381012286748e-01,9.868147231446115775e-02
5.242306296461417270e-02,7.569623168202568864e-02,4.464307973483386260e-02,4.703727954945394751e-01,1.203727019028242584e-01,2.364921282211626397e-01
5.905720251391984726e-02,1.530107026144587011e-02,1.406974153034727115e-01,6.536521485907991202e-01,2.446813158672039856e-02,1.068240317436421616e-01
2.516483278003162627e-01,1.538769948202386439e-01,2.741794507695056726e-01,0.000000000000000000e+00,2.490007766309447479e-01,7.129444997899458958e-02
2.302589913669544075e-01,6.989767007766407858e-02,1.910936302123262542e-01,2.250924969167694412e-01,1.285623812539581912e-01,1.550948301723275857e-01
1.198787555127897447e-01,9.443076858486951219e-02,2.112600487432793328e-01,1.822879227910680078e-01,1.907340624851151245e-01,2.014084418828782086e-01
1.529999999999999971e-01,2.189999999999999933e-02,3.332999999999999852e-01,0.000000000000000000e+00,1.529999999999999971e-01,3.387999999999999901e-01
5.544546455534108548e-02,6.257108359147267422e-03,3.415674712422935300e-01,1.676189942153279155e-01,1.341836510571639829e-01,2.949273105707261866e-01
1.363560936327992412e-01,2.163650559805160023e-01,1.758035204957206499e-01,0.000000000000000000e+00,3.286747459689057238e-01,1.428005839220582995e-01
7.111154111454438820e-02,8.238176698405041964e-03,3.710451764523184925e-01,3.585015112286638050e-02,4.623228867535878472e-01,5.143206785827775934e-02
1.838956061225382674e-02,1.267556241687508960e-02,2.107476123454826433e-01,5.473045177135763550e-01,6.471865790413100505e-02,1.461640890076811305e-01
1.529999999999999971e-01,2.189999999999999933e-02,3.332999999999999852e-01,0.000000000000000000e+00,1.529999999999999971e-01,3.387999999999999901e-01
2.718185003707432323e-02,8.863300047889034750e-02,6.114999191876234474e-02,2.106715483196423544e-01,3.283447321160172239e-01,2.840188771296132675e-01
5.368675148409507436e-02,4.301492022640796692e-02,2.578746463788702536e-01,8.325889324383994872e-02,8.328538713345266797e-02,4.788794015333340814e-01
2.042530423167431691e-02,4.864510199702432730e-02,3.194631335081534185e-01,7.505641559344772284e-02,1.289340924317374792e-01,4.074759522379627907e-01
1.441666666666666652e-01,9.980000000000001370e-02,1.959666666666666779e-01,3.353999999999999759e-01,1.542000000000000315e-01,7.046666666666666357e-02
7.568971881597817697e-02,4.894049684705155390e-02,2.713401819379217539e-01,2.290769933429392669e-01,2.109711643690295735e-01,1.639814446870796472e-01
2.009032343745935922e-01,7.631470311445193166e-02,3.939578617381362391e-01,0.000000000000000000e+00,2.458591354864507472e-01,8.296506528636750366e-02
8.055728115236122575e-03,0.000000000000000000e+00,1.129307679705998518e-01,4.089734251740179127e-01,1.640589343955592971e-01,3.059811443445868417e-01
1.749375095100318090e-03,0.000000000000000000e+00,1.377952797741471558e-01,8.057408524617837298e-03,6.816266439324208948e-01,1.707712926737138537e-01
1.584511048109082665e-01,0.000000000000000000e+00,0.000000000000000000e+00,2.345033470862078473e-01,2.308294154074169990e-01,3.762161326954668872e-01
9.716416877983134748e-02,3.134586330689630163e-02,3.461899436628301241e-01,7.089848932428167820e-03,3.912123714862845159e-01,1.269978038317294833e-01
1.828552161293041031e-02,8.238176698405041964e-03,1.595621753467549309e-01,2.509210335260054769e-01,2.937636890925375277e-01,2.692294037233666226e-01
0.000000000000000000e+00,0.000000000000000000e+00,3.599897085921104772e-02,5.501330626817034775e-01,9.061929036824432904e-02,3.232486760908411805e-01
2.222381851632004857e-01,1.335622278262217633e-01,2.263000116799158135e-01,8.169872322398384623e-02,2.635935131510719898e-01,7.260733895560597673e-02
2.115227749252893141e-01,1.139808134840190057e-01,2.935244628839559500e-01,0.000000000000000000e+00,2.785315252595760294e-01,1.024404234471595482e-01
4.915864975872545617e-02,1.631530860634673452e-01,2.671230062994185417e-01,5.120397539342893406e-02,2.118673401178720883e-01,2.574939423670876137e-01
1.125696571911675159e-01,3.144459696553730116e-02,2.587383980436896991e-01,2.969737188985754894e-01,1.703862621928492749e-01,1.298873667081806849e-01
1.455114367174149270e-01,7.727345273634089740e-02,2.590969101976866029e-01,0.000000000000000000e+00,4.567376902956871709e-01,6.138051005287032541e-02
1.018967682060854668e-01,5.534408647548952342e-02,1.868404026976653864e-01,2.619184779802093410e-01,2.416889197986268056e-01,1.523113448419234628e-01
4.087180016956804690e-02,1.702991673732002012e-02,1.751347208315391091e-01,2.111213769305093080e-01,2.033528431211280296e-01,3.524893422099354967e-01
9.898904053626922384e-02,1.053849085955915199e-01,1.070883050974283379e-01,5.486639179594657995e-02,2.258382708517610027e-01,4.078330831230033149e-01
0.000000000000000000e+00,1.115717686219524080e-01,0.000000000000000000e+00,3.705402812924987188e-01,1.870154095750194700e-01,3.308725405105294448e-01
7.815501047457912298e-02,2.719794364515353002e-02,1.529102779935140322e-01,4.409754918562160397e-01,6.455603865200235103e-02,2.362052373785348269e-01
1.464963225485267084e-01,7.959622459149975904e-02,1.410148829902728995e-01,3.534799167043128909e-01,1.137257048254104452e-01,1.656869483399773246e-01
1.639278690710309905e-01,2.986567114429519026e-02,1.036632112262924760e-01,4.087863737875404024e-01,9.356354788173729120e-02,2.001933268891037121e-01
2.175276104407126432e-01,1.475435380091372761e-01,3.001373233659660467e-01,5.412677278919933443e-02,1.548834267049895574e-01,1.257813286899949201e-01
5.310028869005355839e-02,0.000000000000000000e+00,2.647193949394036072e-01,7.674705377340632073e-02,4.937962761774768450e-01,1.116369864196595507e-01
1.081698206716856930e-01,8.990725180361384961e-02,1.931877832620683966e-01,9.074498313380945091e-02,2.492931841541819182e-01,2.686969769746407888e-01
1.529999999999999971e-01,2.189999999999999933e-02,3.332999999999999852e-01,0.000000000000000000e+00,1.529999999999999971e-01,3.387999999999999901e-01
1.441666666666666652e-01,9.980000000000001370e-02,1.959666666666666779e-01,3.353999999999999759e-01,1.542000000000000315e-01,7.046666666666666357e-02
5.756543799130037914e-02,4.883004933184395026e-03,3.300781941825152166e-01,2.884518595527570950e-01,1.142430880660528919e-01,2.047784152741899122e-01
0.000000000000000000e+00,1.584948332297512683e-02,9.058099371033864755e-02,4.615943560843068783e-01,1.896139984281743907e-01,2.423611684542050226e-01
1.893097058284340037e-02,0.000000000000000000e+00,2.398791831857024215e-01,4.833543787106652778e-01,1.129015715482829252e-01,1.449338959725058884e-01
1.370000000000000037e-02,0.000000000000000000e+00,2.740000000000000074e-02,5.951333333333334030e-01,2.557000000000000384e-01,1.080666666666666720e-01
7.387961250362586052e-02,2.571010515126179868e-02,1.445454618633439936e-01,5.187171611710205132e-01,6.102455992799496465e-02,1.761230993827529179e-01
5.794593112989455258e-02,6.062650061709091119e-03,5.188328106818546753e-02,4.910531229960166666e-01,9.395386574523167944e-02,2.991011489989625627e-01
0.000000000000000000e+00,0.000000000000000000e+00,0.000000000000000000e+00,6.852119753556376036e-01,0.000000000000000000e+00,3.147880246443624519e-01
6.646554120011786797e-03,0.000000000000000000e+00,7.490949539472549490e-02,5.285579543053915419e-01,2.074895503228061933e-01,1.823964458570649649e-01
4.862516480412616693e-02,9.213757234331902343e-03,1.635499705321727393e-01,3.873447350222151142e-01,2.185210530880909441e-01,1.727453193190631731e-01
0.000000000000000000e+00,3.612401808056046448e-03,8.884038513598321862e-02,4.203805312685212070e-01,1.979370757308389905e-01,2.892296060566005855e-01
0.000000000000000000e+00,1.574312177669960969e-02,1.507944115277991826e-01,5.280877174430013143e-01,4.722936533009882559e-02,2.581453839224010505e-01
5.620508277794074997e-02,0.000000000000000000e+00,2.362610956101101611e-01,3.921356048710371578e-01,6.382055310404119441e-02,2.515776636368707853e-01
6.739272558830862458e-02,2.172475092327437809e-02,1.840156568489565159e-01,6.314574260135763506e-02,4.542609879526217087e-01,2.094601360854811134e-01
1.086412735865166512e-01,9.690044586189233700e-02,1.105988990313155895e-01,3.948276894141550253e-01,1.604052056090168599e-01,1.286264864971035371e-01
7.620000000000001772e-02,6.983333333333334447e-02,0.000000000000000000e+00,5.490333333333333732e-01,7.936666666666666869e-02,2.255666666666666931e-01
1.125031267304238553e-01,0.000000000000000000e+00,5.700720760910574919e-02,2.149678304251890215e-01,5.700720760910574919e-02,5.585146276261755416e-01
2.130453008770523682e-01,7.046468759200275045e-02,1.965235002910350470e-01,2.178818994505070383e-01,1.560805689352616210e-01,1.460040428541411472e-01
3.069918170596666607e-02,0.000000000000000000e+00,6.955151988584981626e-02,6.307358255012437409e-01,1.151814259355648379e-02,2.574953303133833971e-01
0.000000000000000000e+00,7.843071897603415277e-02,2.570914302856571743e-01,3.054231525615813125e-01,2.561914602846572242e-01,1.028632378920702750e-01
0.000000000000000000e+00,0.000000000000000000e+00,1.093948179456081735e-02,6.232736497589116409e-01,3.634843791163977662e-03,3.621520246553635580e-01
0.000000000000000000e+00,1.060606015853392953e-01,0.000000000000000000e+00,5.022956816337961206e-01,2.651289666489441976e-01,1.265147501319203727e-01
7.276181798260261679e-02,0.000000000000000000e+00,3.927320543320181878e-01,1.161321277744215424e-01,2.592020405692582741e-01,1.591719593416992262e-01
1.314567849166060898e-01,7.176172227701212158e-02,2.097072507596083324e-01,3.191459852729439106e-01,1.099936168648778106e-01,1.579346399089518738e-01
1.086412735865166512e-01,9.690044586189233700e-02,1.105988990313155895e-01,3.948276894141550253e-01,1.604052056090168599e-01,1.286264864971035371e-01
1.589110638902110906e-01,9.442678524926045869e-02,2.817644013383855395e-01,6.800017540768810154e-02,3.640747944120372726e-01,3.282277970241766207e-02
2.214310265311409884e-02,2.214310265311409884e-02,0.000000000000000000e+00,6.969004087337611342e-01,1.108871652241217795e-02,2.477246694375985214e-01
7.758773644055944052e-03,6.528789071569063296e-02,1.528170791302825016e-01,4.166591972937083721e-01,1.014389112724925907e-01,2.560381479437698893e-01
2.605072918366912321e-02,1.030236161853583521e-01,8.340195426862891115e-02,3.762531485872191994e-01,2.957772060396356983e-01,1.154933457354887505e-01
4.694641325956799838e-02,0.000000000000000000e+00,4.817533179736268600e-01,4.084881519430651198e-02,3.039208187533820049e-01,1.265306348191165275e-01
1.369999999999999864e-02,0.000000000000000000e+00,7.406666666666666954e-02,5.328999999999999293e-01,2.556999999999999829e-01,1.236333333333333173e-01
1.081759395099660404e-01,8.045811785861593790e-02,2.896938012122903250e-01,1.366033553641651244e-01,3.165016147301177862e-01,6.856717132484485555e-02
0.000000000000000000e+00,0.000000000000000000e+00,0.000000000000000000e+00,6.270000000000000018e-01,0.000000000000000000e+00,3.729999999999999982e-01
3.177900071299817608e-02,3.870860855775890008e-02,1.563854158668908090e-01,3.222076761837716630e-01,1.934591679247687768e-01,2.574601307538117445e-01
1.187296238569821999e-01,8.876768777220468698e-02,1.159820262857634288e-01,1.475964366899066849e-01,2.385025670365084893e-01,2.904216583586344269e-01
4.345606797502402779e-02,4.515936218589410717e-02,9.104843888551891751e-02,4.441048396385954278e-01,3.282732280850653162e-01,4.795806322990226606e-02
1.086412735865166512e-01,9.690044586189233700e-02,1.105988990313155895e-01,3.948276894141550253e-01,1.604052056090168599e-01,1.286264864971035371e-01
3.358695890755505897e-02,0.000000000000000000e+00,3.675357664209780856e-02,6.243338741921803381e-01,8.393466144149237806e-02,2.213909288166743816e-01
0.000000000000000000e+00,0.000000000000000000e+00,0.000000000000000000e+00,8.128307043956929379e-01,0.000000000000000000e+00,1.871692956043070621e-01
2.262168656140675638e-01,1.710514469305033369e-01,1.731435436513238391e-01,0.000000000000000000e+00,3.483530979063534927e-01,8.123504589775173979e-02
1.529999999999999971e-01,2.189999999999999933e-02,3.332999999999999852e-01,0.000000000000000000e+00,1.529999999999999971e-01,3.387999999999999901e-01
7.949273935913676870e-02,4.207820345432912446e-02,6.949060927734002080e-02,3.246403876694725077e-01,8.818034464497120917e-02,3.961177155947502859e-01
7.003112762009906789e-02,5.061450516203509081e-02,2.147575181482663798e-01,2.431036694747711058e-01,1.919205298123583536e-01,2.295726497824699674e-01
1.676801622054154006e-02,1.337468444831717562e-01,7.507590603006707164e-02,2.144402976595566612e-01,3.687374183095391139e-02,5.230951937757090109e-01
1.054545454545454675e-01,3.894545454545454699e-02,2.022909090909091046e-01,2.969818181818181801e-01,1.828000000000000180e-01,1.735272727272727245e-01
1.435472273857942571e-01,1.091690202608102123e-01,3.650436075491883536e-01,0.000000000000000000e+00,2.847913446562619355e-01,9.744880014794521372e-02
1.529999999999999971e-01,2.189999999999999933e-02,3.332999999999999852e-01,0.000000000000000000e+00,1.529999999999999971e-01,3.387999999999999901e-01
1.539844493258108182e-01,1.634017587780939584e-01,2.979197470197041397e-01,1.017078670228001858e-01,1.273069519828756713e-01,1.556792258707153098e-01
1.847333333333333327e-01,1.252999999999999947e-01,2.778333333333333210e-01,1.968999999999999639e-01,1.441000000000000059e-01,7.113333333333332620e-02
0.000000000000000000e+00,0.000000000000000000e+00,2.690469387921587407e-01,1.291964664179259259e-01,3.523510881819093554e-01,2.494055066080060057e-01
1.491956672492709135e-01,2.233239399495743627e-01,1.429004914159683615e-01,6.079286080190642039e-02,1.179920119025765629e-01,3.057950286807033513e-01
2.137354862529444177e-01,1.849624840444381857e-02,3.625848599774232350e-01,5.843571603077474946e-02,1.986292948007116477e-01,1.481183945337019858e-01
2.730837551178489850e-02,6.816170527741510950e-03,2.049220498404338842e-02,4.606486602920434881e-01,2.893813936232821904e-01,1.953531950611044621e-01
0.000000000000000000e+00,0.000000000000000000e+00,5.816073857115226092e-02,5.378305653961334976e-01,0.000000000000000000e+00,4.040086960327142762e-01
7.003112762009906789e-02,5.061450516203510469e-02,2.147575181482663520e-01,2.431036694747711335e-01,1.919205298123583814e-01,2.295726497824699952e-01
1.259316527751658255e-01,1.000888883647888666e-01,1.628646944258248797e-01,3.995422219482830384e-01,1.195746091234153596e-01,9.199793336252201637e-02
1.368717128876765880e-02,7.024214037732580060e-03,1.889318676923873730e-01,3.982486344665280009e-02,1.628660460520345021e-01,5.876658374824250686e-01
3.567909073449923585e-02,2.675361122254197102e-02,8.560242498680240009e-02,2.379549405454533528e-01,8.026083366762593041e-02,5.337490988430770855e-01
0.000000000000000000e+00,0.000000000000000000e+00,0.000000000000000000e+00,5.411582782818172843e-01,2.067069945230538830e-01,2.521347271951287494e-01
2.730000000000000135e-02,3.233333333333333285e-03,1.244666666666666699e-01,4.542999999999999816e-01,2.448666666666666769e-01,1.458333333333333148e-01
0.000000000000000000e+00,0.000000000000000000e+00,0.000000000000000000e+00,6.575064565814057183e-01,0.000000000000000000e+00,3.424935434185943373e-01
1.554124526632014724e-01,5.313492597949986962e-02,1.933538643126611611e-01,9.542539449234492543e-02,1.717948829557340851e-01,3.308784795965586389e-01
1.278396121375034999e-01,7.239172223316868438e-02,3.407649467434321622e-01,2.065576324705147571e-01,1.799781499960345366e-01,7.246793641934619334e-02
9.137934541517585274e-02,1.017732495711047291e-01,9.704521031048353452e-02,3.242196268730809239e-01,1.367753604909947851e-01,2.488072073391601469e-01
8.606910962815886301e-02,1.046493762019142237e-01,2.910229123600033274e-01,2.808964478868271331e-02,3.087966857663504427e-01,1.813722712548904159e-01
6.203294406653726834e-02,9.663268553967419017e-02,5.346006825609966179e-02,3.369412837717967735e-01,1.371082182986166631e-01,3.138248000672754778e-01
0.000000000000000000e+00,7.940376012822389362e-02,0.000000000000000000e+00,1.179558446853173487e-01,0.000000000000000000e+00,8.026403951864586883e-01
0.000000000000000000e+00,0.000000000000000000e+00,0.000000000000000000e+00,7.828040944854660621e-01,0.000000000000000000e+00,2.171959055145340212e-01
0.000000000000000000e+00,1.320237903229108112e-01,0.000000000000000000e+00,1.093386433246392869e-01,0.000000000000000000e+00,7.586375663524499435e-01
2.170881998618460762e-01,1.081677372537724890e-01,3.118639305170028408e-01,5.323942631215289323e-02,2.513892146195346178e-01,5.825149143569106208e-02
0.000000000000000000e+00,0.000000000000000000e+00,8.404540964502171807e-02,3.947912781882234601e-01,2.857305842001249194e-02,4.925902537467424236e-01
2.539627469901854506e-01,1.259687887512577487e-01,3.649927832111509729e-01,0.000000000000000000e+00,1.842746811213279712e-01,7.080099992607791215e-02
2.180720377337617630e-02,5.443078061834694115e-03,1.636412571154148218e-02,5.692990025943110988e-01,2.310865769457126906e-01,1.560000129132238234e-01
0.000000000000000000e+00,0.000000000000000000e+00,3.134209111079978016e-01,3.174819889604398315e-01,1.394815590621213131e-01,2.296155408694411371e-01
1.529999999999999971e-01,2.189999999999999933e-02,3.332999999999999852e-01,0.000000000000000000e+00,1.529999999999999971e-01,3.387999999999999901e-01
0.000000000000000000e+00,5.612690988052781993e-03,0.000000000000000000e+00,7.731383497248287551e-01,3.259507415617631659e-02,1.886538851309421116e-01
9.834996046700106298e-02,9.618060372632422639e-02,1.085889902065068358e-01,3.588690028607167681e-01,1.083456909537106466e-01,2.296657517857403075e-01
7.609953999482831077e-02,2.742324435751454514e-02,3.312644530658041542e-01,3.100917546749244053e-02,4.196161406527963988e-01,1.145874464615641852e-01
3.981266310779948275e-02,0.000000000000000000e+00,0.000000000000000000e+00,5.585058545094770954e-01,1.725454301206611196e-01,2.291360522620622675e-01
0.000000000000000000e+00,0.000000000000000000e+00,0.000000000000000000e+00,7.517293155263146121e-01,0.000000000000000000e+00,2.482706844736853047e-01
1.490592013250443548e-01,1.371409663731073224e-02,1.191948178188184937e-01,0.000000000000000000e+00,1.822796623504478186e-01,5.357522218683785642e-01
1.529999999999999971e-01,2.189999999999999933e-02,3.332999999999999852e-01,0.000000000000000000e+00,1.529999999999999971e-01,3.387999999999999901e-01
5.840411398623192307e-02,5.214901674972458046e-02,1.841650178693698681e-01,3.241093659996537868e-01,2.409404626205458311e-01,1.402320227744739412e-01
9.643897439378422420e-02,8.970396121696523617e-02,2.241797243141176524e-02,5.575142927130154469e-01,1.121540051396951870e-01,1.217707941051281717e-01
0.000000000000000000e+00,0.000000000000000000e+00,2.288807215322661570e-01,2.469385075718600331e-01,2.869732062184006671e-01,2.372075646774731705e-01
7.620000000000001772e-02,6.983333333333334447e-02,0.000000000000000000e+00,5.490333333333333732e-01,7.936666666666666869e-02,2.255666666666666931e-01
1.237675620622417372e-01,1.667031022756909273e-02,1.295805891571549240e-01,4.620357685080461740e-01,1.673073178067364108e-01,1.006384522382517549e-01
4.583374707037624063e-02,0.000000000000000000e+00,2.999651752358862278e-01,8.589059539615742297e-03,6.094851600989599216e-01,3.612685805516182430e-02
4.855236361218602525e-02,0.000000000000000000e+00,2.631995583115790405e-01,2.154060575285663970e-01,3.721668092287641061e-01,1.006752113189043341e-01
5.407182155077872726e-02,0.000000000000000000e+00,2.180203771373462329e-01,3.869732342555719518e-01,7.954758001544889878e-02,2.613869870408541130e-01
2.622849922259201660e-01,4.421327973942428685e-02,3.909217412189811558e-01,4.182558364559708919e-02,1.382338851850883898e-01,1.225205179849888082e-01
7.164880589296518387e-02,0.000000000000000000e+00,2.571157694283185968e-01,3.288722446701938112e-02,5.096299174090458406e-01,1.287182828026510462e-01
1.945650649585395631e-01,8.469169977881873049e-03,1.031609278790904805e-01,2.137883169358795188e-01,2.130738586073663288e-01,2.669426616412421960e-01
1.018967682060854668e-01,5.534408647548952342e-02,1.868404026976653864e-01,2.619184779802093410e-01,2.416889197986268056e-01,1.523113448419234628e-01
0.000000000000000000e+00,0.000000000000000000e+00,7.015582792537355949e-02,4.947217962329353291e-01,3.006162791246717175e-02,4.050607479292240853e-01
2.163423239082786984e-02,4.792393251132755910e-03,2.765676452676567587e-01,4.015425713561435184e-01,1.153789214038430100e-01,1.800842363303960525e-01
0.000000000000000000e+00,1.717825595490008461e-01,0.000000000000000000e+00,5.783613567725057886e-02,3.495586986397720142e-01,4.208226061339764845e-01
7.201190010543212505e-02,4.799376341147159469e-02,4.114965720310407443e-02,4.967274260148768494e-01,0.000000000000000000e+00,3.421172532651154397e-01
1.441666666666666652e-01,9.979999999999999982e-02,1.959666666666666779e-01,3.354000000000000314e-01,1.542000000000000037e-01,7.046666666666667744e-02
1.384827593962283943e-01,1.288115324347358648e-01,3.319450985876959970e-01,1.165718555813038265e-01,1.707546953822355051e-01,1.134340586178004123e-01
1.639278690710309627e-01,2.986567114429519026e-02,1.036632112262924482e-01,4.087863737875404024e-01,9.356354788173727732e-02,2.001933268891036843e-01
2.222625631268901336e-02,1.007220230646337644e-01,1.800871994166649559e-01,2.164826064153192176e-01,1.047809226169624935e-01,3.757009921737304303e-01
1.336959400232731188e-01,1.527860839605447718e-01,2.824562113167742097e-02,4.232113783406556973e-01,1.035023450204455298e-01,1.585586315234034649e-01
3.037245115953490782e-02,1.059990363723966114e-02,1.277806565394860316e-01,3.679512004436323314e-01,3.172334796956390868e-01,1.460623085244679709e-01
7.584473019582598993e-03,6.200344428245639465e-03,7.839413289148401687e-02,1.624227445930794544e-01,4.322162597893166036e-01,3.131820452782917985e-01
5.543555342218974696e-02,0.000000000000000000e+00,1.356404689147038822e-01,2.666329850027839288e-01,8.390523036465834250e-02,4.583857622956641897e-01
1.559809306111598938e-02,0.000000000000000000e+00,2.816004704537096726e-01,2.761531309869907913e-01,2.303388336568452655e-01,1.963094718413382345e-01
4.192692694520737395e-02,3.087783595089518829e-02,1.491402418983084899e-01,1.591350247923101757e-01,2.510240369668184646e-01,3.678959334464602104e-01
1.363694737060597850e-01,8.972072777146709865e-02,2.405195099696828265e-01,1.758064715078486717e-01,2.525508577903867180e-01,1.050329592545549695e-01
7.280058981454293199e-02,0.000000000000000000e+00,2.125398820217314078e-02,4.710564194176959929e-01,1.243981227044780175e-01,3.104908798611099030e-01
1.529999999999999971e-01,2.189999999999999933e-02,3.332999999999999852e-01,0.000000000000000000e+00,1.529999999999999971e-01,3.387999999999999901e-01
