1.136609966340640515e-01,1.102390172656670525e-01,1.990274951071232534e-01,2.201804053740316625e-01,2.015852724616956637e-01,1.553068131574183997e-01
3.551103852592762955e-02,2.334694070781851566e-02,1.764777176093380029e-01,2.958526203949469746e-01,1.394051937207982650e-01,3.294064890411706470e-01
8.125918524898785578e-02,5.499618446133016508e-02,2.380469103164132572e-01,1.936664207237106805e-01,1.729990247372829859e-01,2.590322745122750625e-01
1.529999999999999971e-01,2.189999999999999933e-02,3.332999999999999852e-01,0.000000000000000000e+00,1.529999999999999971e-01,3.387999999999999901e-01
2.586083269791212419e-02,1.421680306174675189e-02,9.516505978744220495e-02,4.038558264108790818e-01,1.416223980158264617e-01,3.192790800261932072e-01
9.925493040956751001e-02,7.533627025556786927e-02,5.225705155095696636e-02,3.841069729570636415e-01,1.247861008440369762e-01,2.642586739828069464e-01
1.715197362577706164e-01,8.482239540944833123e-02,2.179909743117380561e-01,9.118917405416707145e-02,2.614865686796429833e-01,1.729911512872329138e-01
4.481939065679638873e-02,2.239281695388990398e-02,1.457704577467771601e-01,5.079711902969490378e-01,4.271757532113231587e-02,2.363285690244552317e-01
6.905297389123148111e-02,9.921467764955430035e-02,1.916069654624177887e-01,2.031722620938320734e-01,2.241245827821000125e-01,2.128285381208642191e-01
7.366174439152403663e-02,4.099064277391326061e-02,1.435668939309658609e-01,2.880179572752769590e-01,1.871889647051234173e-01,2.665737969231964377e-01
6.938947919245927465e-02,3.513238976686183790e-02,1.973753009456217233e-01,3.578394520273345814e-01,1.890854456068169764e-01,1.511779324609054675e-01
1.729510176491592596e-02,9.445827716578066371e-03,3.073594497482540905e-02,4.656961537786870609e-01,1.068183754419304438e-01,3.700085963230631547e-01
1.303732175266204829e-01,1.154137585439762165e-01,1.220004039728324469e-01,1.213704312866085155e-01,2.116154509083720547e-01,2.992267377615902557e-01
1.485047474151664493e-01,7.636069973414978673e-02,1.690480810206360374e-01,9.640146006853672622e-02,2.985170857683293044e-01,2.111679259931817099e-01
7.692912342817682936e-02,4.436732814802536035e-02,2.083072895177815742e-01,3.149294705440985331e-01,2.248171497537490571e-01,1.306496386081687500e-01
4.709323249857293170e-02,3.520494560541585077e-02,4.978937164535773147e-02,4.302894297869067630e-01,1.446122783709001269e-01,2.930107420928466100e-01
3.004723543754474896e-02,9.964815029462640791e-03,1.038607613079821079e-01,4.205276719100054517e-01,1.201069133504304304e-01,3.154926029645745422e-01
3.733574448095672987e-02,2.153749043360337831e-02,9.134484964142804142e-02,4.880770342953292262e-01,1.315346533270888851e-01,2.301702278215937425e-01
1.529999999999999971e-01,2.189999999999999933e-02,3.332999999999999852e-01,0.000000000000000000e+00,1.529999999999999971e-01,3.387999999999999901e-01
5.735609989938911940e-02,5.932008628201720923e-02,2.145631891579797834e-01,2.748517713110468219e-01,2.438303771623568927e-01,1.500784761872100137e-01
1.565271862525884072e-01,1.165093117513654880e-01,2.266870839477003186e-01,1.224951089294906426e-01,2.770309043001080718e-01,1.007504048187472939e-01
2.725600207183117435e-02,7.885027711487122004e-02,1.942577497383075891e-01,2.868127496991153547e-01,1.518111614694969969e-01,2.610120599063777136e-01
5.597186401016820273e-02,6.419740643890327336e-02,5.176253488162444599e-02,4.043054734215986712e-01,1.233739845240705846e-01,3.003887367236349748e-01
1.553128402402254027e-01,8.464798401895580471e-02,2.197928392559893584e-01,8.699695120478784238e-02,2.898449482424592105e-01,1.634044370375823396e-01
3.930400948726387594e-02,2.603044472876689733e-02,1.842506387016155656e-01,3.112437431698950041e-01,1.722657742380919177e-01,2.669053896743667220e-01
1.544347026313699911e-01,7.154353878626210084e-02,2.329974374196656928e-01,8.127490750066798664e-02,3.051277665760507296e-01,1.546216470859833880e-01
1.625704812150031708e-01,8.472642833665723627e-02,2.007389426574608671e-01,8.974786808550024031e-02,2.720507476708535211e-01,1.901655320345249922e-01
9.021035499701361704e-02,6.149775671686586592e-02,4.768477701138248981e-02,4.273555365691099062e-01,1.144546604096332160e-01,2.587969142959949398e-01
1.316606052862663301e-01,6.620226777151060060e-02,2.170934232177986201e-01,1.319034975438899138e-01,3.702463305205294097e-01,8.289387566000511187e-02
1.529999999999999971e-01,2.189999999999999933e-02,3.332999999999999852e-01,0.000000000000000000e+00,1.529999999999999971e-01,3.387999999999999901e-01
8.424781658246566218e-02,5.216113901058429259e-02,1.137833758280736018e-01,3.790814101351296372e-01,1.414644494657876228e-01,2.292618089779590862e-01
1.574169463709385319e-01,9.452401327363432748e-02,2.400301721940050481e-01,1.017062480374800459e-01,3.429709120200066796e-01,6.335170810393540852e-02
6.136987959108620994e-02,2.658720716093136358e-02,1.186553669543224943e-01,3.232996957396445659e-01,2.640684575157282721e-01,2.060193930382870908e-01
1.026728250676306742e-01,6.885003232613456925e-02,6.835742151711317327e-02,3.929630550548563472e-01,1.332627334073529790e-01,2.338939326269122432e-01
1.768573604949195688e-01,1.062804461565490383e-01,2.821126609451384826e-01,3.837935776496043810e-02,3.141683245880162456e-01,8.220185005041610871e-02
4.310141028263126534e-02,1.104138841368480610e-02,1.720246539609045569e-02,5.075043623850867824e-01,9.892060085617931930e-02,3.222297726663274076e-01
5.395634997464763410e-02,4.218572599883247537e-02,5.382948400528150129e-02,4.663141239957332429e-01,2.022527846786936756e-01,1.814615313468115332e-01
1.380593485337156257e-01,4.901524528206024911e-02,1.143147956053068015e-01,2.665180934179335881e-01,2.936268558753514779e-01,1.384656612856322022e-01
1.522359533880137672e-01,7.300394181197490673e-02,2.425830499726834288e-01,8.419166102784780836e-02,2.892089517029926560e-01,1.587764420964873635e-01
1.529999999999999971e-01,2.189999999999999933e-02,3.332999999999999852e-01,0.000000000000000000e+00,1.529999999999999971e-01,3.387999999999999901e-01
4.327989744079407258e-02,5.399322928243430880e-02,1.535071147515212620e-01,3.005227444270326398e-01,2.604637626756373114e-01,1.882332514225804054e-01
8.023767890683633497e-02,2.937608206362692792e-02,2.635621238220881013e-01,1.379623518205479182e-01,3.045172844398880141e-01,1.843444789470126688e-01
4.098477538585831165e-02,2.268002853983619449e-02,1.462938061474286233e-01,2.877140210624699601e-01,1.773742188712716661e-01,3.249531499931352929e-01
1.408046172938448581e-01,7.478389956912487313e-02,1.050270132684417435e-01,2.361313925284641013e-01,1.958319912936286322e-01,2.474210860464956530e-01
2.553393543852807909e-02,3.722552342711026030e-02,2.336528823762900123e-02,6.596922983736648316e-01,5.579743357289521782e-02,1.983855209501725891e-01
1.382605571229707508e-01,4.140384616820726171e-02,3.167034639065828827e-01,1.744806193863203680e-01,1.457975434358854683e-01,1.833539699800332823e-01
1.411378056298873487e-02,6.539269967448326643e-03,1.778962593730808520e-02,5.658705852480788723e-01,8.223096998050752338e-02,3.134557683036683917e-01
8.188020092478096035e-02,1.781385343016547718e-02,1.157570109879336034e-01,3.757491745313479292e-01,2.039198559628965790e-01,2.048799041628754647e-01
8.962992350461006230e-02,6.967952470493819772e-02,6.765578705596166087e-02,3.137075610154466121e-01,1.318604220627798695e-01,3.274667816562636946e-01
1.257710310436035463e-02,5.268656233078324730e-02,1.155893637258496726e-01,3.027504829219986870e-01,1.219378508801533811e-01,3.944586370368546313e-01
1.529999999999999971e-01,2.189999999999999933e-02,3.332999999999999852e-01,0.000000000000000000e+00,1.529999999999999971e-01,3.387999999999999901e-01
1.529999999999999971e-01,2.189999999999999933e-02,3.332999999999999852e-01,0.000000000000000000e+00,1.529999999999999971e-01,3.387999999999999901e-01
1.127875465758031714e-01,7.834926708216631563e-02,2.699137014954199332e-01,2.493889651356920867e-01,1.646709986802134540e-01,1.248895210307050807e-01
4.270437471952765601e-02,1.916620851763931391e-02,1.210419612749654150e-01,4.198944256123512409e-01,1.215210336874416042e-01,2.756719961880747527e-01
7.786733030078517304e-02,8.845893025520908115e-02,1.312248823237288919e-01,3.688859532849677603e-01,1.197065101391132091e-01,2.138563936961960232e-01
9.605543680508207838e-02,8.645747754936773666e-02,1.989510346955837838e-01,2.653427184983961906e-01,2.188719894174297742e-01,1.343213430341405334e-01
1.437057493045991730e-01,6.890675502124353480e-02,2.499755779514460929e-01,8.526480560138037512e-02,2.655525589119701046e-01,1.865945532093607195e-01
1.003691860089009763e-01,8.848986227228526624e-02,2.639997611257753896e-01,2.283807039763473268e-01,1.608671823208357443e-01,1.578933042958552690e-01
1.143010294871090599e-01,7.496968205575377242e-02,1.923816786341134843e-01,2.228401042009627853e-01,2.156083282563462933e-01,1.798991773657145909e-01
1.388892448138493163e-01,6.615871205058372617e-02,1.629854599322299036e-01,2.227536089929749441e-01,2.542830831599923180e-01,1.549298910503698057e-01
2.149273160347661138e-01,9.453860114824017002e-02,1.376349231611226354e-01,2.263490528209184116e-01,1.811506565226194687e-01,1.453994503123332005e-01
8.747581558332430396e-02,2.360362662786209820e-02,7.320609520665095904e-02,3.670025089697525611e-01,2.184025906321399590e-01,2.303093629802701603e-01
6.784253495788723776e-02,7.688106954187229336e-02,2.219902428752945911e-01,1.514183638400138920e-01,2.705687682972360841e-01,2.112990204876959432e-01
8.651470158749115236e-02,1.004631155866444331e-01,1.987650068611192533e-01,1.941817381321623015e-01,2.083469730039188283e-01,2.117284648286639759e-01
6.580087790719499341e-02,5.281219360010475788e-02,1.062284539438822090e-01,3.557997230397607069e-01,1.959112069884285379e-01,2.234475445206288158e-01
4.453859205736133281e-02,5.225527708679032074e-02,9.203454511801574534e-02,3.820833711964101709e-01,1.638417657910913872e-01,2.652464487503308765e-01
8.936340265560656360e-02,1.287429326626035875e-01,5.521149463110075484e-02,2.962826251286558854e-01,1.481074677604920231e-01,2.822920771615411439e-01
1.529999999999999971e-01,2.189999999999999933e-02,3.332999999999999852e-01,0.000000000000000000e+00,1.529999999999999971e-01,3.387999999999999901e-01
1.570562223638672095e-01,7.485911177590340304e-02,2.180655595687741033e-01,1.267860295088118761e-01,2.457131725991018034e-01,1.775199041835415492e-01
2.081313885054896298e-02,0.000000000000000000e+00,1.103676804800204775e-01,3.807922075576321563e-01,1.232433845281189488e-01,3.647835885836793746e-01
1.529999999999999971e-01,2.189999999999999933e-02,3.332999999999999852e-01,0.000000000000000000e+00,1.529999999999999971e-01,3.387999999999999901e-01
9.637870016475202917e-02,6.146968941604581682e-02,1.299136458198753563e-01,3.616629732106570461e-01,1.278796335320590838e-01,2.226953578566106540e-01
6.337830817930421856e-02,3.463352230536499710e-02,2.565055273862678620e-01,2.426282802370513247e-01,2.426984177569180279e-01,1.601559441350935975e-01
7.804292455340533508e-02,5.174403107929065326e-02,5.640100068248276449e-02,4.325658672787304759e-01,1.124792385780606779e-01,2.687669378280300170e-01
9.192552934294952183e-02,1.064725583926264818e-01,2.633221404027803469e-01,1.619107574699734375e-01,1.953037012476191436e-01,1.810653131440511654e-01
6.236086663156119314e-02,4.408326620651371180e-02,7.599303684624671151e-02,3.994835091100294444e-01,1.194296987625608347e-01,2.986496224430880142e-01
1.406701643900346299e-01,6.586704214272931512e-02,2.232930773204728492e-01,8.520035065154904497e-02,2.594238767799146861e-01,2.255454887152995025e-01
8.849930127257255030e-02,5.770396995168161625e-02,3.223306363544597430e-01,1.211987586021053831e-01,2.589301148517174633e-01,1.513372189674632162e-01
1.529999999999999971e-01,2.189999999999999933e-02,3.332999999999999852e-01,0.000000000000000000e+00,1.529999999999999971e-01,3.387999999999999901e-01
3.004723543754475243e-02,9.964815029462640791e-03,1.038607613079821218e-01,4.205276719100055072e-01,1.201069133504304581e-01,3.154926029645745422e-01
3.508979425864145602e-02,1.308860391993655475e-02,1.083878712863978605e-01,4.304048098496315866e-01,1.404272075089859351e-01,2.726017131764067458e-01
8.233769234500130929e-02,6.135600861829722252e-02,1.799139784571039680e-01,3.142292587577651397e-01,1.914908076121641101e-01,1.706722542096682782e-01
7.621082425991564102e-02,4.275602871144967843e-02,2.259111945262149701e-01,2.819676546484243818e-01,2.333996112705471748e-01,1.397546865834481955e-01
1.281662681971589279e-01,5.871201516856915797e-02,4.244007762270126660e-01,1.279948098989744099e-01,1.592298378436831363e-01,1.014962926646017088e-01
1.529999999999999971e-01,2.189999999999999933e-02,3.332999999999999852e-01,0.000000000000000000e+00,1.529999999999999971e-01,3.387999999999999901e-01
1.629796299546053540e-01,7.972080523495267412e-02,1.947825551352512508e-01,9.002823625476188973e-02,3.052644035241761089e-01,1.672243698962528058e-01
3.887207709386907711e-02,1.032442814323925907e-02,4.781983050957469561e-02,4.357037956090063502e-01,1.200672020468313839e-01,3.472126665974792359e-01
8.322297398333497465e-02,8.415672024333960277e-02,4.346718177276703843e-02,3.574383433298035095e-01,1.665053481765199073e-01,2.652094324942348980e-01
1.035363103721208961e-01,6.955519124231646089e-02,1.861344766528753858e-01,3.199752107374181365e-01,1.594591126189074115e-01,1.613396983763616122e-01
1.747714476587456933e-01,1.031995448208257032e-01,2.749435729859974198e-01,3.374165497804482855e-02,3.331202032483845388e-01,8.022357630800165673e-02
1.137256265084048562e-01,4.004816886319492036e-02,1.210044624767915439e-01,3.261668140861034848e-01,1.438278056407135130e-01,2.552271224247916748e-01
9.493643102783314025e-02,9.390621204395301069e-02,1.486327727590696368e-01,1.442333347148023748e-01,2.762709844121969405e-01,2.420202650421449941e-01
5.566790585081354825e-02,1.701003436381040915e-02,1.312482658334757912e-01,3.938491678836547050e-01,1.206777785334600811e-01,2.815468475347854271e-01
1.529999999999999971e-01,2.189999999999999933e-02,3.332999999999999852e-01,0.000000000000000000e+00,1.529999999999999971e-01,3.387999999999999901e-01
1.529999999999999971e-01,2.189999999999999933e-02,3.332999999999999852e-01,0.000000000000000000e+00,1.529999999999999971e-01,3.387999999999999901e-01
2.287408499603620082e-02,1.209573945306092503e-02,2.019178210269660378e-01,3.099848835700200200e-01,1.728384581192830005e-01,2.802890128346336995e-01
1.281657532081754980e-01,2.516558344637741945e-02,3.032594372459719301e-01,1.427509256678196892e-01,1.835068691916622863e-01,2.171514312399931146e-01
1.376216050227858090e-01,6.691073984619785864e-02,1.641374454875038358e-01,2.171080380341066374e-01,2.126494492056618113e-01,2.015727224037439924e-01
3.552653451451590755e-02,6.271922188711752388e-02,1.658430254969453510e-01,1.843303025824171160e-01,3.405527849390785899e-01,2.110281305799255880e-01
7.655175466106434179e-02,2.421762715770478178e-02,1.027301476137497394e-01,4.237837954885127489e-01,8.527830545481238089e-02,2.874383696241559205e-01
1.181379894309254747e-01,8.469166233431577040e-02,1.548308670728171521e-01,1.637528965628056998e-01,2.700396691930153636e-01,2.085469154061205532e-01
1.180098313125210463e-01,2.711387325239450474e-02,1.259865653123781737e-01,3.238590270798468174e-01,1.369141848253493943e-01,2.681165182175100914e-01
1.260497803549838480e-01,7.594479744299398316e-02,2.649496133555480082e-01,1.971119074422952311e-01,1.651008378745627281e-01,1.708430635296161737e-01
8.477977954996514243e-02,2.399128959919735044e-02,7.224451239603679742e-02,4.168529437072353017e-01,1.641850905411358086e-01,2.379463842064296619e-01
3.478918018893395470e-02,6.364265438196865798e-02,3.603785529806766835e-02,4.248353692277690996e-01,1.562036547948504328e-01,2.844912861084102351e-01
1.529999999999999971e-01,2.189999999999999933e-02,3.332999999999999852e-01,0.000000000000000000e+00,1.529999999999999971e-01,3.387999999999999901e-01
1.400794634906584735e-01,8.424275848474929718e-02,2.994745471445365848e-01,1.583372995897492502e-02,3.849602179145703573e-01,7.540928300651050797e-02
7.733854739880317852e-02,2.251179415500261308e-02,1.226257454405637048e-01,3.409740286936699394e-01,2.808365525029838938e-01,1.557133318089768403e-01
1.958004522951665716e-01,5.911036842157107313e-02,1.451057935799225651e-01,2.424024751916440124e-01,1.227732378696681781e-01,2.348076726420276761e-01
5.806051796021428207e-02,2.872510780711309136e-02,2.059467436238758276e-01,3.226981579083980090e-01,2.135390455903842799e-01,1.710304271100143436e-01
2.387097939104587674e-02,8.172523626497128768e-02,1.440174178980290765e-01,1.675662710692981672e-01,1.531108123416922984e-01,4.297092830349633075e-01
9.472573186815474999e-02,4.429574188016076330e-02,9.250407975347722800e-02,2.160615290919778164e-01,2.322219178205978674e-01,3.201909995856315749e-01
1.544270932194971857e-01,8.716083522379279580e-02,2.065830301202765951e-01,9.111239291036592192e-02,2.863068521231763586e-01,1.744097964028910874e-01
5.504590714437571780e-02,2.374155305091782756e-02,6.111273473901237402e-02,4.236894557899464342e-01,1.589209917243536163e-01,2.774893575513939781e-01
1.080191522725403863e-01,9.820995996620410229e-02,2.166997205228962109e-01,1.275568681688630801e-01,2.687878374338713017e-01,1.807264616356248632e-01
5.758870411112334414e-02,2.736666255642295972e-02,1.877331691487684751e-01,4.253989302800642580e-01,2.087627247855548540e-01,9.314980911806604313e-02
1.012485881421789219e-01,7.955456546899829229e-02,1.385111162343737323e-01,2.887388668463380936e-01,1.929538684271720761e-01,1.989929948809390781e-01
2.549866640922763064e-02,7.723820084221362514e-02,1.190449317565858006e-01,3.586132527153664262e-01,1.242159522838936492e-01,2.953889959927128439e-01
1.529999999999999971e-01,2.189999999999999933e-02,3.332999999999999852e-01,0.000000000000000000e+00,1.529999999999999971e-01,3.387999999999999901e-01
1.529999999999999971e-01,2.189999999999999933e-02,3.332999999999999852e-01,0.000000000000000000e+00,1.529999999999999971e-01,3.387999999999999901e-01
1.200255626350752169e-01,5.329708969081016490e-02,2.128676212620248254e-01,1.543505234196123344e-01,2.397967640450688886e-01,2.196624389474085282e-01
1.529999999999999971e-01,2.189999999999999933e-02,3.332999999999999852e-01,0.000000000000000000e+00,1.529999999999999971e-01,3.387999999999999901e-01
6.399044362663032504e-02,4.805576932611551472e-02,2.038315205401913799e-01,1.249721621593001680e-01,3.324082470368190934e-01,2.267418573109436231e-01
1.209815679772633240e-01,1.344379420839287298e-01,1.633016565478171145e-01,1.717785320197577625e-01,2.967687448127962480e-01,1.127315565584368212e-01
1.529999999999999971e-01,2.189999999999999933e-02,3.332999999999999852e-01,0.000000000000000000e+00,1.529999999999999971e-01,3.387999999999999901e-01
1.041966305447898644e-01,8.844451443232977106e-02,2.309362121724904682e-01,1.881774788124568054e-01,1.694965654274125377e-01,2.187485986105206504e-01
1.529999999999999971e-01,2.189999999999999933e-02,3.332999999999999852e-01,0.000000000000000000e+00,1.529999999999999971e-01,3.387999999999999901e-01
6.060836006953333743e-02,5.672430178818001212e-02,1.647716300362394581e-01,2.430498664927610297e-01,1.661982977766825742e-01,3.086475438366034774e-01
1.529999999999999971e-01,2.189999999999999933e-02,3.332999999999999852e-01,0.000000000000000000e+00,1.529999999999999971e-01,3.387999999999999901e-01
3.472761217823008145e-02,4.624220225634062542e-02,1.348568624057230048e-01,3.466198117201431117e-01,1.024037598749499844e-01,3.351497515646131298e-01
5.347526017614078614e-02,2.826953805929880922e-02,1.865434641873263133e-01,3.692381883980368484e-01,1.945626415629481687e-01,1.679109076162491887e-01
5.029498456115304855e-02,5.806936455437524541e-02,1.833882520282974216e-01,2.616602021579894632e-01,3.089156772830824460e-01,1.376715194151024446e-01
1.744988948115304694e-01,5.943114264331560148e-02,3.281768507828781156e-01,1.285753733832012136e-01,1.665705993142118924e-01,1.427471390648626381e-01
4.566601921680721321e-02,2.165629081610875861e-02,7.205568901496908762e-02,4.126252599944030264e-01,1.474691881431058060e-01,3.005275528146060249e-01
1.338671996821740318e-01,4.477649864048900696e-02,2.887300793121361231e-01,3.120142289261339241e-02,4.037692781208047088e-01,9.765552135178272308e-02
1.529999999999999971e-01,2.189999999999999933e-02,3.332999999999999852e-01,0.000000000000000000e+00,1.529999999999999971e-01,3.387999999999999901e-01
1.545089207248265262e-01,7.636015037436739983e-02,2.229382493046331570e-01,8.935626116674311170e-02,2.911244177809153566e-01,1.657120006485143515e-01
1.529999999999999971e-01,2.189999999999999933e-02,3.332999999999999852e-01,0.000000000000000000e+00,1.529999999999999971e-01,3.387999999999999901e-01
1.529999999999999971e-01,2.189999999999999933e-02,3.332999999999999852e-01,0.000000000000000000e+00,1.529999999999999971e-01,3.387999999999999901e-01
1.515591735360372894e-01,1.288219289703064763e-01,1.776332423014594653e-01,1.763052176633785884e-01,2.161128455364093037e-01,1.495675919924089325e-01
1.529999999999999971e-01,2.189999999999999933e-02,3.332999999999999852e-01,0.000000000000000000e+00,1.529999999999999971e-01,3.387999999999999901e-01
4.695786953584574208e-02,5.515521879122745746e-02,1.267806420595446182e-01,2.183104412404130446e-01,2.129810201389331081e-01,3.398148082340359255e-01
1.597355705060030384e-01,7.381632809402471906e-02,2.388914292552747065e-01,8.360967070230396203e-02,2.903721666330190687e-01,1.535748348093743942e-01
1.529999999999999971e-01,2.189999999999999933e-02,3.332999999999999852e-01,0.000000000000000000e+00,1.529999999999999971e-01,3.387999999999999901e-01
1.544347026313700189e-01,7.154353878626211471e-02,2.329974374196656650e-01,8.127490750066798664e-02,3.051277665760507296e-01,1.546216470859833880e-01
5.555224614180713505e-02,4.668099285336179544e-02,1.447665047603034216e-01,3.888274198485004440e-01,1.320171348177681947e-01,2.321557015782590161e-01
1.529999999999999971e-01,2.189999999999999933e-02,3.332999999999999852e-01,0.000000000000000000e+00,1.529999999999999971e-01,3.387999999999999901e-01
6.988387524131123296e-02,5.931647934451362431e-02,1.954013370215388623e-01,2.750870536302858493e-01,2.095343131696230932e-01,1.907769415927272061e-01
1.534720876661710143e-01,7.359672343094221525e-02,2.171347439691614090e-01,1.095757651507980324e-01,2.707317302395455538e-01,1.754889495433817892e-01
7.712511473190876432e-02,4.525125671014833262e-02,2.191220569406137353e-01,2.767686505800149299e-01,2.129180827018197220e-01,1.688148383354945437e-01
1.305416949189060205e-01,2.163255198149834427e-02,2.989586831120658594e-01,2.157466894898491527e-01,1.848912648838179074e-01,1.482291156138626775e-01
1.053147221330298505e-01,4.864576227172610901e-02,2.147200899570812505e-01,2.860331302282764776e-01,1.831492020220953643e-01,1.621370933877908094e-01
8.453584682743180145e-02,3.245785679661213063e-02,1.128254705738488267e-01,1.966084087746446385e-01,3.300466052587323618e-01,2.435258117687301438e-01
1.194331000021602862e-01,9.069298825739234571e-02,1.851151119815315493e-01,1.882964225393581881e-01,2.340699136148665371e-01,1.823924636046910241e-01
1.529999999999999971e-01,2.189999999999999933e-02,3.332999999999999852e-01,0.000000000000000000e+00,1.529999999999999971e-01,3.387999999999999901e-01
8.908450217435330554e-02,6.896362798494538870e-02,1.852533989334001208e-01,3.111595280475089043e-01,1.945609591156056417e-01,1.509779837441867223e-01
1.601995707850830952e-01,4.238980247393486778e-02,3.122195136857525699e-01,1.229556379777866221e-01,1.801339742604533278e-01,1.821015008169895033e-01
2.153271848913226871e-02,2.700837608392081535e-02,8.218083201865088172e-02,5.102713970666499232e-01,1.402565603971006325e-01,2.187501159445455201e-01
2.802658922934406563e-02,1.804246439375192107e-02,6.902740332450482685e-02,4.835630664345862417e-01,1.174868319003696121e-01,2.838536447174432875e-01
8.544573981365129189e-02,2.417974545072780132e-02,5.466281506698089654e-02,4.618858361830665560e-01,1.367331722975318464e-01,2.370926911880415489e-01
6.896846413141688448e-02,6.792581956801900522e-02,1.877389359747435593e-01,2.686934068490104965e-01,2.240466265908381827e-01,1.826267468859718857e-01
3.564721333258195901e-02,6.521232364444910778e-02,3.692668550630490848e-02,4.179451777641080001e-01,1.600562294242338091e-01,2.842123703283221947e-01
3.211534820340825741e-02,3.599027804135709885e-02,5.302200061448197194e-02,5.519931628703574900e-01,1.172084948955857825e-01,2.096707153748093300e-01
8.420311629033715162e-02,9.027026169261614941e-02,4.792627240341412742e-02,3.862924023478260804e-01,1.518833463112994053e-01,2.394246009545071829e-01
6.679658228887032367e-02,7.849697954520516718e-02,2.071074875977815810e-01,2.307859918240418584e-01,1.847436114679103514e-01,2.320693472761907183e-01
6.321211940882839886e-02,5.822304119246691362e-02,6.290230241733796301e-02,3.664514701815470010e-01,1.254258322051523267e-01,3.237852345946675148e-01
4.528570636743631944e-02,1.324742113127857016e-02,1.355796634361988162e-01,5.148360409634930024e-01,1.047431421619191561e-01,1.863080259396741323e-01
1.426909288063330505e-01,2.441681805731011137e-02,3.368315680926180500e-01,1.215521223359950359e-01,1.986195102295799930e-01,1.758890524781637210e-01
7.978890848663583446e-02,2.146245408342947053e-02,1.160285467179530960e-01,3.724219610025786831e-01,2.408685266903546063e-01,1.694296030190482472e-01
8.248559997725177229e-02,1.141456874729548515e-01,5.558739096107467859e-02,4.648668533641466816e-01,1.134460141278973572e-01,1.694684540966745756e-01
7.804292455340533508e-02,5.174403107929065326e-02,6.772438688382041716e-02,4.162847208336339921e-01,1.323016423401277564e-01,2.539022943097217766e-01
9.284978820101565111e-02,3.955543649678471690e-02,1.751482019479188579e-01,2.548342803841051052e-01,2.192976289459618866e-01,2.183146640242138448e-01
8.379145700283671672e-02,6.923871989307821273e-02,1.778580749150306395e-01,2.646239918250170020e-01,1.556079971285309338e-01,2.488797592355065369e-01
5.254476743710843889e-02,6.599467022848524642e-03,1.177720520397829707e-01,4.549796309829066132e-01,1.124028385364144317e-01,2.557012439809391857e-01
8.494854626467111813e-02,5.512172814782621832e-02,2.241452330112660984e-01,2.352970602628794705e-01,2.915439452402303622e-01,1.089434870731266769e-01
7.858495151716979321e-02,1.065789522180672078e-01,2.631426613998755909e-02,3.732640330987851418e-01,1.428033249294294316e-01,2.724544720965608735e-01
2.618219566012981725e-02,5.006029632241074806e-02,1.169156988380049278e-01,3.069285736234858564e-01,2.387020366269913818e-01,2.612111989289772063e-01
1.529999999999999971e-01,2.189999999999999933e-02,3.332999999999999852e-01,0.000000000000000000e+00,1.529999999999999971e-01,3.387999999999999901e-01
1.642788243975642770e-01,8.263186397686118900e-02,2.286501191747444262e-01,8.487528533482252557e-02,2.799440304040119454e-01,1.596198767119956785e-01
2.568710374047819892e-02,3.744882508878563665e-02,2.350544765537909697e-02,6.212801052427179282e-01,6.606250898509197222e-02,2.260160092875470594e-01
1.679625735978412249e-01,8.674355203303095452e-02,2.050881500727347040e-01,1.021678050794541937e-01,2.754988212316427654e-01,1.625390979852960882e-01
1.529999999999999971e-01,2.189999999999999933e-02,3.332999999999999852e-01,0.000000000000000000e+00,1.529999999999999971e-01,3.387999999999999901e-01
6.123920107395829093e-02,6.372539643398159037e-02,7.236169543005857574e-02,3.842059525216564020e-01,1.298032320393686934e-01,2.886645225009764615e-01
6.979170950642228644e-02,9.190337225598091409e-02,1.132772612302150317e-01,2.691599665137008324e-01,2.293744500926815644e-01,2.264932404009993294e-01
1.529999999999999971e-01,2.189999999999999933e-02,3.332999999999999852e-01,0.000000000000000000e+00,1.529999999999999971e-01,3.387999999999999901e-01
8.477977954996515630e-02,2.399128959919735737e-02,1.104677713286879026e-01,3.779587874144275106e-01,1.561164316229866622e-01,2.466859404847353276e-01
1.529999999999999971e-01,2.189999999999999933e-02,3.332999999999999852e-01,0.000000000000000000e+00,1.529999999999999971e-01,3.387999999999999901e-01
1.529999999999999971e-01,2.189999999999999933e-02,3.332999999999999852e-01,0.000000000000000000e+00,1.529999999999999971e-01,3.387999999999999901e-01
3.905471535351317386e-02,2.551030581238221059e-02,6.594536697938697956e-02,4.297975380201141671e-01,1.421154910867853949e-01,2.975765827478180636e-01
7.722602909084455569e-02,9.605520020317336038e-02,9.272628513803371497e-02,2.695656212883218439e-01,1.716242640059487123e-01,2.928026002736776601e-01
8.484058965604222846e-02,3.895135831038171181e-02,6.685209351681248302e-02,4.039329419852622505e-01,1.769144457884005150e-01,2.285085707431009638e-01
2.568710374047819892e-02,3.744882508878563665e-02,2.350544765537909697e-02,6.212801052427179282e-01,6.606250898509197222e-02,2.260160092875470594e-01
7.967879674714836713e-02,2.510284593448288554e-02,1.165382536888419085e-01,3.637562665418499486e-01,2.329809849794343135e-01,1.819428521082424033e-01
8.649352046881349232e-02,7.922068057235455429e-02,8.155683899073824794e-02,2.959787979386029888e-01,1.695604115628436548e-01,2.871897504666470202e-01
6.103735689506274709e-02,4.024211496715997260e-02,2.319498480230516579e-01,2.694189762371780872e-01,2.549814651780449304e-01,1.423702386995027158e-01
1.529999999999999971e-01,2.189999999999999933e-02,3.332999999999999852e-01,0.000000000000000000e+00,1.529999999999999971e-01,3.387999999999999901e-01
1.529999999999999971e-01,2.189999999999999933e-02,3.332999999999999852e-01,0.000000000000000000e+00,1.529999999999999971e-01,3.387999999999999901e-01
2.523892984970417530e-02,1.717804139286463819e-02,1.421816663439424422e-01,4.403762131010137137e-01,9.293739304012021973e-02,2.820877562723548282e-01
1.397024422701314411e-02,4.426415221462809413e-02,1.784375887581055031e-01,3.081883600832684977e-01,2.252511185193658561e-01,2.298885361976188424e-01
1.621973897821163690e-01,9.094037137184070307e-02,1.653549740516792876e-01,1.556836071599999871e-01,2.536404039780492115e-01,1.721832536563145111e-01
9.880236300609421263e-02,4.766123219303680658e-02,2.032463780002746745e-01,2.686238808371030351e-01,2.178508497552910095e-01,1.638152962082002062e-01
1.529999999999999971e-01,2.189999999999999933e-02,3.332999999999999852e-01,0.000000000000000000e+00,1.529999999999999971e-01,3.387999999999999901e-01
1.406594898387923398e-01,7.796038405576390107e-02,2.427627600240928885e-01,1.778199776181827729e-01,2.460577042889563193e-01,1.147396841742116952e-01
1.124475801539501080e-01,5.121620477409814104e-02,2.136568646286966799e-01,2.828797644228152608e-01,1.860838509750424585e-01,1.537157350453973448e-01
4.820705208882083981e-02,5.893352166983537033e-02,1.174017804116224278e-01,4.198771829848900738e-01,1.435728642555370027e-01,2.120075985892941051e-01
4.504898277670756762e-02,6.684202584237276812e-02,2.073818215957698996e-01,2.497666932426226283e-01,1.935260472663727360e-01,2.374344292761544073e-01
1.529999999999999971e-01,2.189999999999999933e-02,3.332999999999999852e-01,0.000000000000000000e+00,1.529999999999999971e-01,3.387999999999999901e-01
5.144049460133733043e-02,5.963362460880289317e-02,2.949420485988737961e-02,4.471670933253180102e-01,9.805009754253325716e-02,3.142144850621211294e-01
1.355946123360997624e-01,8.804587062483716642e-02,1.155256661690655939e-01,2.629663778703725252e-01,1.482160942505761358e-01,2.496513787490488578e-01
2.924720735078855174e-02,1.731145748130196935e-02,1.231178573951923760e-01,4.619600522957589828e-01,1.175657324097816037e-01,2.507976930671765303e-01
4.263569706416729665e-02,2.438885689914346844e-02,1.286642037443498643e-01,4.234995280743756307e-01,2.442958911829156976e-01,1.365158230350480839e-01
1.510376794215098906e-01,7.912002995955801088e-02,2.335554550292686382e-01,9.671081979548799834e-02,2.618126064517093399e-01,1.777634093424660666e-01
1.529999999999999971e-01,2.189999999999999933e-02,3.332999999999999852e-01,0.000000000000000000e+00,1.529999999999999971e-01,3.387999999999999901e-01
5.487944765687730042e-02,3.522414359335850065e-02,2.745795150046282385e-01,2.293058092109570567e-01,2.585527408494064927e-01,1.474583436847724804e-01
1.072389151772756011e-01,4.843565623729739061e-02,1.263285510505763043e-01,2.500418631133057845e-01,3.074469794368422937e-01,1.605080349847026744e-01
1.529999999999999971e-01,2.189999999999999933e-02,3.332999999999999852e-01,0.000000000000000000e+00,1.529999999999999971e-01,3.387999999999999901e-01
1.365693969164153143e-01,8.869384639369727596e-02,1.555883736277448581e-01,2.929117443060662018e-01,1.379422605836861659e-01,1.882943781723901422e-01
1.122680861860772539e-01,3.472238551353461905e-02,2.959619491164758864e-01,1.961367566261466022e-01,1.685569396567565548e-01,1.923538829010091322e-01
2.080034227732389940e-01,7.252783587768539542e-02,1.322619954267041098e-01,1.938811241661504980e-01,2.197283930703393950e-01,1.735972286858816493e-01
3.652678561969806281e-02,3.289792097113151959e-02,1.620137787708625099e-01,2.395700206015275724e-01,2.895850227366539298e-01,2.394064713001264333e-01
1.529999999999999971e-01,2.189999999999999933e-02,3.332999999999999852e-01,0.000000000000000000e+00,1.529999999999999971e-01,3.387999999999999901e-01
5.024765746060919774e-02,7.324923080017053945e-02,3.721956261791520282e-02,3.995762756673771343e-01,1.321438229082775306e-01,3.075634505456502632e-01
0.000000000000000000e+00,2.177806096397998104e-03,4.880792102198377308e-02,5.656817509343797790e-01,6.634778907172392270e-02,3.169847328755144855e-01
1.582541522724878469e-02,5.959162511433056808e-02,7.740875047762908745e-02,3.684200241883529570e-01,4.649030439142134291e-02,4.322638806010172807e-01
1.634686519328720222e-01,1.047025310396438313e-01,2.536805260409097373e-01,1.018968265013671659e-01,2.977641784626710586e-01,7.848728602253629560e-02
4.936624731055756082e-02,1.787414702206801403e-02,8.425753122159765351e-02,3.779599274067701464e-01,1.361783981209962469e-01,3.343637489180105726e-01
1.529999999999999971e-01,2.189999999999999933e-02,3.332999999999999852e-01,0.000000000000000000e+00,1.529999999999999971e-01,3.387999999999999901e-01
5.597186401016820273e-02,6.419740643890327336e-02,5.176253488162443905e-02,4.043054734215986157e-01,1.233739845240705429e-01,3.003887367236348638e-01
4.096528176389906822e-02,6.991023860517819877e-02,1.935192935701127714e-01,3.096852939340936639e-01,1.829224648493632810e-01,2.029974272773528710e-01
1.529999999999999971e-01,2.189999999999999933e-02,3.332999999999999852e-01,0.000000000000000000e+00,1.529999999999999971e-01,3.387999999999999901e-01
1.529999999999999971e-01,2.189999999999999933e-02,3.332999999999999852e-01,0.000000000000000000e+00,1.529999999999999971e-01,3.387999999999999901e-01
1.070093671826642390e-01,6.445858007039045878e-02,9.736071901063586553e-02,3.437605290266836366e-01,1.487119139869657047e-01,2.386988907226600398e-01
9.538413653471330966e-02,5.179992510082877255e-02,2.187673256213572837e-01,2.733918965552099567e-01,2.338833732871264670e-01,1.267733429007641965e-01
4.412195363396832076e-02,3.887431553670071815e-02,5.462498446912113226e-02,4.152430480207124908e-01,1.085803582175716986e-01,3.385553401219256187e-01
6.854258963130012428e-02,3.922567097036749884e-02,2.594318189387550544e-01,2.660796208793496653e-01,2.192243849316584670e-01,1.474959146485692874e-01
9.912189349514323455e-02,4.217623151561809142e-02,1.866891368038948451e-01,2.273263062720024819e-01,2.417165862343264859e-01,2.029698456790149097e-01
1.529999999999999971e-01,2.189999999999999933e-02,3.332999999999999852e-01,0.000000000000000000e+00,1.529999999999999971e-01,3.387999999999999901e-01
7.278187329887259027e-02,6.190646643523792930e-02,1.998701732250411089e-01,2.804521188890639061e-01,1.557978960646558275e-01,2.291914720871286448e-01
4.121235538234821472e-02,4.877821477704415848e-02,5.409474715123100547e-02,5.362081542529528733e-01,6.054766761608470355e-02,2.591588608203390098e-01
4.852480807783597638e-02,2.840657469439996849e-02,1.920286886789361047e-01,3.236886433371095606e-01,2.432364145829525315e-01,1.641148706287657855e-01
7.804292455340533508e-02,5.174403107929065326e-02,6.772438688382041716e-02,4.162847208336339921e-01,1.323016423401277564e-01,2.539022943097217766e-01
3.775742589107227570e-02,9.951739057446864350e-03,5.910025755232119204e-02,4.313826310158089816e-01,1.569305609388499667e-01,3.048773855445008341e-01
7.408393005058019898e-02,4.836713962594939298e-02,1.497938241747825694e-01,2.813197909161616606e-01,2.175593302633605231e-01,2.288759849691656689e-01
1.529999999999999971e-01,2.189999999999999933e-02,3.332999999999999852e-01,0.000000000000000000e+00,1.529999999999999971e-01,3.387999999999999901e-01
1.503954725547644589e-01,4.117317701145858932e-02,3.115529911683728170e-01,1.322628595242658911e-01,2.133356569541444425e-01,1.512798427869936901e-01
1.312245031993948541e-01,4.541463552401959342e-02,3.148368789391906564e-01,1.309188051970116284e-01,2.375454704535249484e-01,1.400597066868583540e-01
1.529999999999999971e-01,2.189999999999999933e-02,3.332999999999999852e-01,0.000000000000000000e+00,1.529999999999999971e-01,3.387999999999999901e-01
1.529999999999999971e-01,2.189999999999999933e-02,3.332999999999999852e-01,0.000000000000000000e+00,1.529999999999999971e-01,3.387999999999999901e-01
1.469618591536548946e-01,7.047477797106108111e-02,2.079239694059017984e-01,9.210671354044352999e-02,3.151961720335398898e-01,1.673365078953988339e-01
9.827316788897891287e-02,4.433838927316374051e-02,8.393590009681166364e-02,3.688881542508459233e-01,1.445412794707541249e-01,2.600231090194456418e-01
1.623942455592649881e-01,2.202761761427855791e-02,2.780885826150084617e-01,1.846350765593853804e-01,1.997535748952489754e-01,1.531009027568137337e-01
1.030415019847756436e-01,9.039582216661787295e-02,1.018193937531154808e-01,1.690675874779031806e-01,2.668806845595685928e-01,2.687950100580192014e-01
1.529999999999999971e-01,2.189999999999999933e-02,3.332999999999999852e-01,0.000000000000000000e+00,1.529999999999999971e-01,3.387999999999999901e-01
5.909003754927660834e-02,2.848367439128304812e-02,2.155383730660903330e-01,3.135192129322566523e-01,2.372289371648066414e-01,1.461397648962867446e-01
7.887019006194521953e-02,5.208608745229799386e-02,2.624537586868538330e-01,2.448490612627955976e-01,2.490535068991372725e-01,1.126873956369701668e-01
1.426070129738458148e-01,4.022068970571995861e-02,2.788551605392853294e-01,1.760709463814034426e-01,2.157854797604119024e-01,1.464607106393334690e-01
4.791969980370357901e-02,5.464077703777716483e-02,5.054132900653721810e-02,3.920655805621105494e-01,1.496652962605486692e-01,3.051673173293228403e-01
1.529999999999999971e-01,2.189999999999999933e-02,3.332999999999999852e-01,0.000000000000000000e+00,1.529999999999999971e-01,3.387999999999999901e-01
1.529999999999999971e-01,2.189999999999999933e-02,3.332999999999999852e-01,0.000000000000000000e+00,1.529999999999999971e-01,3.387999999999999901e-01
5.688468390648618311e-02,9.207519239297187741e-02,1.240570265923486293e-01,2.700233429508902550e-01,2.487124906894405962e-01,2.082472634678625700e-01
9.235894356754559276e-02,1.814040777701586907e-02,5.691105590093922112e-02,3.818736275216301768e-01,1.343069550328310768e-01,3.164090102000380877e-01
4.098477538585831165e-02,2.268002853983619449e-02,1.462938061474286233e-01,2.877140210624699601e-01,1.773742188712716661e-01,3.249531499931352929e-01
8.849004874490996875e-02,8.826103205126120677e-02,9.995721065317267340e-02,3.520073784198209932e-01,1.171100134511717378e-01,2.541743166796633924e-01
8.145954852263982693e-02,4.944141325307281620e-02,1.313055702845074002e-01,3.160443191016935049e-01,1.765848416169389368e-01,2.451643072211475705e-01
1.529999999999999971e-01,2.189999999999999933e-02,3.332999999999999852e-01,0.000000000000000000e+00,1.529999999999999971e-01,3.387999999999999901e-01
1.529999999999999971e-01,2.189999999999999933e-02,3.332999999999999852e-01,0.000000000000000000e+00,1.529999999999999971e-01,3.387999999999999901e-01
