1.721227579489544024e-01,3.496732434068726414e-02,2.728241464553136097e-01,2.209637304081727149e-01,1.421741401536595062e-01,1.569479006932124054e-01
7.474309078829380337e-02,1.197161827157055929e-02,2.366336698527129745e-01,4.366698489343154854e-01,1.260356633502364154e-01,1.139461088028707048e-01
1.763278161334824734e-01,1.655213254485789556e-02,3.316074621955220070e-01,1.703608542285912908e-01,1.362800820861720386e-01,1.688716528113743676e-01
1.777966685118685941e-01,1.668191825821567498e-02,2.858205401813376234e-01,2.378699640063671739e-01,1.359177506273728797e-01,1.459131584148379845e-01
6.586094453205958155e-02,1.641426297953143751e-02,2.192387263366579186e-01,3.771942389119281591e-01,2.157598905157034619e-01,1.055319367241193407e-01
5.136752279204653826e-02,6.825113751895867109e-02,1.283188053134219075e-01,4.328405473424556948e-01,6.475107918465308754e-02,2.544709078484641562e-01
1.088055004009889776e-01,4.079001468526003565e-02,3.246502436777251588e-01,2.483040177211269517e-01,1.508100571938379986e-01,1.266401663210609263e-01
1.727414879913996004e-01,1.507475998081545844e-02,2.234552199452913834e-01,4.105072550665227471e-01,9.401844997601931098e-02,8.420282703995143891e-02
1.756565952584605295e-01,2.373363321270506240e-02,3.093501370167376918e-01,1.853524155070417345e-01,1.227718021531004622e-01,1.831354168519544745e-01
8.287693101194362755e-02,2.370838998397509917e-02,3.046502679228478283e-01,3.790845221699601919e-01,7.187529146640736499e-02,1.378045974448660060e-01
5.461306801603148936e-02,1.996845074481390023e-02,2.276173438711907027e-01,5.267419261007221243e-01,5.206591052760130289e-02,1.189933007396404563e-01
2.649999999999999925e-02,4.420000000000000318e-02,2.477999999999999925e-01,2.649999999999999925e-02,5.574999999999999956e-01,9.729999999999999760e-02
3.247825773912508401e-02,7.545921838675405391e-02,2.428599956974320517e-01,2.056306316376554089e-01,2.739420638802814723e-01,1.696298326587518668e-01
5.016974436781086732e-02,2.174117183607330098e-02,2.098095764587223078e-01,2.497202562550186189e-01,2.908999369863106699e-01,1.776593140960643635e-01
2.257368265211109615e-01,3.681052537373856459e-02,3.152893967898367511e-01,1.570895856757709708e-01,1.933105907804577306e-01,7.176307485908511863e-02
1.898717469438793159e-02,0.000000000000000000e+00,1.340428463718968677e-01,5.903899805594097216e-01,1.443308432651277950e-01,1.122491551091777534e-01
1.445243789483517116e-01,0.000000000000000000e+00,1.706940755888202432e-01,4.179903684614778570e-01,1.280837771124208879e-01,1.387073998889292725e-01
2.031028009008788160e-02,0.000000000000000000e+00,1.843303495317500373e-01,4.488622381135825568e-01,2.379796212771044805e-01,1.085175109874750576e-01
1.776610231159740094e-01,1.665887257955201914e-02,2.864893909675718664e-01,2.375413522322669946e-01,1.359377782945672963e-01,1.457115828100677690e-01
1.781101763723098308e-01,2.219305643649860035e-02,3.384403594943443672e-01,1.583214695228283009e-01,2.358442560395925813e-01,6.709068213442624662e-02
1.707813643694847949e-01,1.406857585560947477e-01,3.205101837094161410e-01,7.337269526970206790e-02,2.311994154014127001e-01,6.345058269388952066e-02
4.825701356127937158e-02,1.170935168365749846e-02,3.420334144343732397e-01,3.939944282539403764e-01,9.129413433575911396e-02,1.127116577309903445e-01
1.370983833647406065e-02,0.000000000000000000e+00,2.110315635883177610e-01,6.066064637190157205e-01,6.194438911332371400e-02,1.067077452428688011e-01
4.815589248661114596e-02,1.198730370911350353e-02,2.067132638607000750e-01,4.219070746470745537e-01,5.435622199132502524e-02,2.568802433051757816e-01
6.052052335959037105e-02,0.000000000000000000e+00,2.380596074720840727e-01,4.763451398463514619e-01,7.343518762056067128e-02,1.516395417014133051e-01
4.782798434172691460e-02,1.190567850566592520e-02,2.054003395975018409e-01,4.229965152251235483e-01,5.398609391362308579e-02,2.578833884163587165e-01
8.938039198507521932e-02,3.950982988526374751e-02,2.397144627077477941e-01,2.649625523052316356e-01,1.173085850413110032e-01,2.491241780753706281e-01
5.069059396694449576e-02,3.445710394573286983e-02,1.266278010874450632e-01,4.288958215773363003e-01,6.389777987072658982e-02,2.954308995518146186e-01
8.419073300704939256e-02,3.671872914421628331e-02,2.902779124064623906e-01,5.567668879497383178e-02,5.072496798329415579e-01,2.588625681435650569e-02
1.599565412209576765e-01,2.234908500337562387e-02,3.099519415560320068e-01,1.745871480875485215e-01,2.132879145693505341e-01,1.198673695627356928e-01
9.765222954061589244e-02,6.211954904791708310e-02,1.601758702611337792e-01,3.956535940218552927e-01,1.181228259829395638e-01,1.662759311455383193e-01
1.126203763872271335e-01,4.719615273487036411e-02,3.536922096160720619e-01,6.896934370528907954e-02,3.607555751615856288e-01,5.676634239495569056e-02
7.849624834585157418e-02,3.117529154839801184e-02,1.985805871771755271e-01,3.257366818620862636e-01,2.580973853251078975e-01,1.079138057413807500e-01
1.024850414173569674e-01,7.046784113068550737e-02,1.527692128202137178e-01,3.928398806646777874e-01,1.069684494741579145e-01,1.744695744929082304e-01
1.550998089223970255e-01,6.557518414544409591e-02,3.503191051838775993e-01,1.637057695972203297e-01,1.750022071433758875e-01,9.029792500768495100e-02
1.445243789483517116e-01,0.000000000000000000e+00,1.706940755888202432e-01,4.179903684614778570e-01,1.280837771124208879e-01,1.387073998889292725e-01
1.195279686049117995e-01,8.137264554773718239e-02,1.706475388073059318e-01,2.394347074439012457e-01,2.853448773369664515e-01,1.036722622591773196e-01
1.164194745294521577e-01,3.465522112732356136e-02,1.397765586139210203e-01,4.734286874843114945e-01,7.023496815215070355e-02,1.654850900928410973e-01
4.782798434172691460e-02,1.190567850566592520e-02,2.054003395975018409e-01,4.229965152251235483e-01,5.398609391362308579e-02,2.578833884163587165e-01
1.709943925217018712e-01,0.000000000000000000e+00,3.273426045251208727e-01,1.586449936187948051e-01,1.345276293637658882e-01,2.084903799706163963e-01
1.303304386858786246e-01,3.493623104701112925e-02,1.531158138209933461e-01,4.462256952737393423e-01,1.034105038836689028e-01,1.319813172887086827e-01
1.281313866022005532e-01,1.501489808878692100e-02,2.137510083926066340e-01,3.065582988226584482e-01,1.072244629159380541e-01,2.293199451778094866e-01
8.887916587112974776e-02,2.283352602239900261e-02,2.021521600880817893e-01,4.490259208562439874e-01,1.174670444350213866e-01,1.196421827271240967e-01
1.558054282986830741e-01,0.000000000000000000e+00,2.372128039462279847e-01,3.171389544134882721e-01,1.531731903512737747e-01,1.366696229903268944e-01
2.169028181504688846e-01,5.438667847764309948e-02,2.718000997070187941e-01,2.088266513827687076e-01,1.615357016858074979e-01,8.654805059629290531e-02
4.191832696973911421e-02,1.962808173991052382e-02,2.550090279288100836e-01,2.462870985452783601e-01,2.604991056861446497e-01,1.766583591301172929e-01
4.070140246144237500e-02,0.000000000000000000e+00,1.712170561608944985e-01,5.409823182682733655e-01,1.047302389209910506e-01,1.423689841883987728e-01
8.276795946078505106e-02,2.958892194911424533e-03,1.676907585117446420e-01,4.024715080241594856e-01,2.049962215766097107e-01,1.391146602317897552e-01
9.718963224769262832e-02,6.185981946966673944e-02,1.600963176680860744e-01,3.966267535287992807e-01,1.176035742907708126e-01,1.666239027949844853e-01
1.228321761374783772e-01,0.000000000000000000e+00,3.103683542146494778e-01,3.134386436650029584e-01,1.300325581362399563e-01,1.233282678466292442e-01
1.622346609535954276e-01,1.069559897663996829e-03,2.988160520157796540e-01,2.732358016599966688e-01,1.591354519666237644e-01,1.055084735063403084e-01
1.776610231159740094e-01,1.665887257955201914e-02,2.864893909675718664e-01,2.375413522322669946e-01,1.359377782945672963e-01,1.457115828100677690e-01
3.353665769910826877e-02,1.038813197851945307e-03,2.957468171487647735e-01,4.125335218312520813e-01,1.812559789658364784e-01,7.588821115718639987e-02
1.776580957336005850e-01,1.665859808552347734e-02,2.688374314609294213e-01,3.228736196694683702e-01,1.241707124529481121e-01,8.980154259753012069e-02
2.837274570593257064e-02,0.000000000000000000e+00,2.106669300290291424e-01,5.121060939942998491e-01,1.013872419333094882e-01,1.474669883374288837e-01
1.742490795647703150e-01,0.000000000000000000e+00,3.564423108491547310e-01,1.583214695228283009e-01,2.222149143172521824e-01,8.877222574599438754e-02
4.782798434172691460e-02,1.190567850566592520e-02,2.054003395975018409e-01,4.229965152251235483e-01,5.398609391362308579e-02,2.578833884163587165e-01
1.776610231159740094e-01,1.665887257955201914e-02,2.864893909675718664e-01,2.375413522322669946e-01,1.359377782945672963e-01,1.457115828100677690e-01
5.777080146686935924e-02,5.038456044193803662e-02,2.232055693607185864e-01,3.009675009667905909e-01,8.547881959753224346e-02,2.821927481661511417e-01
1.571642529044225134e-01,0.000000000000000000e+00,1.397895985848529865e-01,3.074532629952786977e-01,1.555219077846070608e-01,2.400709777308388526e-01
1.162101582629566643e-01,3.483375442013578183e-02,1.340925376403127034e-01,4.599834796002573722e-01,6.163007640069157606e-02,1.932499936756460202e-01
2.055962833642123802e-02,0.000000000000000000e+00,1.451438219176846567e-01,6.096567451986963926e-01,1.562838359458698367e-01,6.835596860132785169e-02
5.180512500202565096e-02,1.182563693060342640e-02,2.340856178787400210e-01,2.819185065862192530e-01,1.719134977928814534e-01,2.484516158095302629e-01
8.667609986548796552e-02,4.947396468272519110e-02,2.555734573807240673e-01,3.535736153326530795e-01,9.176974964423947889e-02,1.629331130941703287e-01
7.402118263689770605e-02,1.180025955128531819e-02,2.337283260612061930e-01,3.775253914232897245e-01,1.251683972387467869e-01,1.777564430885743008e-01
0.000000000000000000e+00,0.000000000000000000e+00,4.328000000000000180e-01,5.672000000000000375e-01,0.000000000000000000e+00,0.000000000000000000e+00
4.681923896506326455e-02,9.223246629565348687e-02,2.053258084840634823e-01,4.370744280734880083e-01,9.961255618034964288e-02,1.189355020013821429e-01
1.739658269644012434e-01,2.083056430353255866e-03,2.658670938757402014e-01,2.951988541300613611e-01,1.652129670873246914e-01,9.767220151211933321e-02
6.492789081211930435e-02,1.167068778740028810e-02,2.259287312437348871e-01,3.072456926108533271e-01,2.177461467519438976e-01,1.724808507939483981e-01
1.763247731830439313e-01,1.655184689895079775e-02,2.652299801378436017e-01,2.282735732538744011e-01,1.230068298444749048e-01,1.906129966818123633e-01
2.246875790709985388e-01,5.226850605340139372e-02,2.575933982357958008e-01,1.732756456690980884e-01,1.661879399931320833e-01,1.259869309775741852e-01
4.607061054110692805e-02,1.146822064971760209e-02,2.887809471738437828e-01,3.759881603239622616e-01,5.200244880820224097e-02,2.256896125031671307e-01
1.777937348416891439e-01,1.668164300420478877e-02,2.897758580495815584e-01,2.097167978075597239e-01,1.620022315949830594e-01,1.440297347019817986e-01
9.718963224769262832e-02,6.185981946966673944e-02,1.600963176680860744e-01,3.966267535287992807e-01,1.176035742907708126e-01,1.666239027949844853e-01
4.693458801259389745e-02,1.168328800313495931e-02,2.293180997281992484e-01,4.849219184747956546e-01,5.297766801421541910e-02,1.741644377670607535e-01
1.325703960028779861e-02,3.570933473263826225e-03,2.122098277520953480e-01,5.327284424710765354e-01,1.250325939171364753e-01,1.132011627861399944e-01
6.585502886393948541e-02,1.932821234736809349e-02,2.476380678250728606e-01,2.956342833383780455e-01,2.697522845423764304e-01,1.017921230828650186e-01
1.755589005813237846e-01,2.317513608131890890e-02,2.397539188002134336e-01,2.077649718550197422e-01,1.956692069874942097e-01,1.580778656946299765e-01
1.776610231159740094e-01,1.665887257955201914e-02,2.864893909675718664e-01,2.375413522322669946e-01,1.359377782945672963e-01,1.457115828100677690e-01
1.440277440021201227e-01,0.000000000000000000e+00,1.752788147083131354e-01,4.147925853724717116e-01,1.282546196605179878e-01,1.376462362565770425e-01
6.006174838834329316e-02,1.803794618753464321e-02,2.217484131984580331e-01,4.117882146793824805e-01,1.489570036637029304e-01,1.394066738825786023e-01
1.292035162855181274e-01,5.126584105516410195e-02,2.578775238061740138e-01,2.282112010124406620e-01,1.918266055351701138e-01,1.416153123055330088e-01
7.963952536078011679e-02,1.915343979492265675e-02,2.262012343039461748e-01,2.250274880347527817e-01,1.627121152391473313e-01,2.872661972664509178e-01
4.893292507880535325e-02,0.000000000000000000e+00,3.592626066527803141e-01,3.918908918261183039e-01,1.282573765445761960e-01,7.165619989771986054e-02
1.774823741729811277e-01,1.662852074853954365e-02,2.873702869625491818e-01,2.371085609405994554e-01,1.359641553164432914e-01,1.454461018588874555e-01
4.815589248661114596e-02,1.198730370911350353e-02,2.067132638607000750e-01,4.219070746470745537e-01,5.435622199132502524e-02,2.568802433051757816e-01
1.443079448680223975e-01,0.000000000000000000e+00,1.726921101661426095e-01,4.165967709162117227e-01,1.281582304912237402e-01,1.382449435583995856e-01
5.505345488536336762e-02,3.460586479597554943e-02,1.700075907643985584e-01,3.934806424461973484e-01,1.857778667672966288e-01,1.610745803407684362e-01
4.743251939898658620e-02,0.000000000000000000e+00,1.897148806747220862e-01,5.049016478964847288e-01,1.194632336755919871e-01,1.384877183542145840e-01
1.186288949524348796e-01,4.988459597616613783e-02,2.577337147096752101e-01,2.542921601133750764e-01,1.643766372040248724e-01,1.550839970443238514e-01
1.315983327980491460e-02,0.000000000000000000e+00,1.272833623382136070e-01,6.506196523842748825e-01,2.486481061912888466e-02,1.840723413785777807e-01
5.671261780905089561e-02,0.000000000000000000e+00,1.894470273950563111e-01,3.757633881326405412e-01,1.969494727210986951e-01,1.811274939421534669e-01
9.107056629194382191e-02,7.982470624808267814e-03,1.525168008204305092e-01,2.360991866574217724e-01,3.500862146838825129e-01,1.622447609215130204e-01
1.776610231159740094e-01,1.665887257955201914e-02,2.864893909675718664e-01,2.375413522322669946e-01,1.359377782945672963e-01,1.457115828100677690e-01
1.778973017085366815e-01,1.669946229597256762e-02,2.743841998482049460e-01,2.127983904639115520e-01,1.557849263771484416e-01,1.624357193062257732e-01
1.576720358276268441e-01,0.000000000000000000e+00,2.576493197351601983e-01,2.865968086724322017e-01,1.017386912554459899e-01,1.963431445093346828e-01
1.587825492447955678e-01,3.323785936183508427e-02,2.827566421671002250e-01,1.846937435538089645e-01,2.250282837997634733e-01,1.155009218726967130e-01
4.750643801432068158e-02,1.182563693060342987e-02,2.278329822602600530e-01,3.749944248417445558e-01,5.362314677152935083e-02,2.842173711815421111e-01
1.373684879780124810e-02,0.000000000000000000e+00,1.684401494092609142e-01,3.017626041981507079e-01,3.920247804730159213e-01,1.240356171217712189e-01
1.395712469707220509e-02,0.000000000000000000e+00,1.472186034386729070e-01,6.531887010399224369e-01,4.557536315080566031e-02,1.400602076735267820e-01
1.819967140692347607e-01,1.669973813835376811e-02,2.976296139975130872e-01,1.980843321020162306e-01,1.964549133841745343e-01,1.091346883087075670e-01
3.780148289902206249e-02,0.000000000000000000e+00,1.613248957184206245e-01,4.571106182032845244e-01,1.961960343053377465e-01,1.475669688739351670e-01
1.097167114372527702e-01,1.129863900153839102e-03,3.632554579021842756e-01,1.445472549596811540e-01,2.730666101430922477e-01,1.082841016576358006e-01
2.036883247398622171e-02,0.000000000000000000e+00,1.674226901196498030e-01,5.555821622182475217e-01,1.548335028573517569e-01,1.017928123307648286e-01
3.678394639910665537e-02,0.000000000000000000e+00,1.586859780996350000e-01,4.317738628977149662e-01,1.904198403306722187e-01,1.823363722728712222e-01
1.776610231159740094e-01,1.665887257955201914e-02,2.864893909675718664e-01,2.375413522322669946e-01,1.359377782945672963e-01,1.457115828100677690e-01
1.804175096712461179e-01,0.000000000000000000e+00,3.168219658007727091e-01,1.514852709941303111e-01,2.761949955519574229e-01,7.508025798189356392e-02
3.241011771440231032e-02,0.000000000000000000e+00,1.636921286209415682e-01,4.597267183176887428e-01,1.930816670124533563e-01,1.510893683345140293e-01
1.241125391918325854e-01,5.766650642448930414e-02,2.471102755069407020e-01,2.109233301569269914e-01,1.856851594543273976e-01,1.745021892654831097e-01
1.817643845837992600e-01,0.000000000000000000e+00,3.325642846937805763e-01,1.727767715945371929e-01,1.877018609415149197e-01,1.251926981863681065e-01
2.044590363068825994e-02,3.087652694007875925e-02,1.410846606211326182e-01,3.800237638801308715e-01,1.625391479802278938e-01,2.650299969477414863e-01
1.592475758538294262e-01,6.880558983930165802e-03,2.627651264987573843e-01,1.755120045852881783e-01,2.271942904571127575e-01,1.684004436210821687e-01
5.287644745072932195e-02,5.921414504042148835e-02,2.683607374558588110e-01,2.781172799217384028e-01,7.239927461039769030e-02,2.690321155208543757e-01
1.012894883768908905e-01,3.861586203063400308e-02,2.599901491872294024e-01,2.657987808765708837e-01,2.143330746029106781e-01,1.199726449257642741e-01
1.438661277469227839e-01,7.893235044271987300e-02,2.682605344964803518e-01,2.447059425821466738e-01,1.510672489625713433e-01,1.131677957691590020e-01
2.109438569486695239e-02,0.000000000000000000e+00,2.954352747819450342e-01,4.509443362396056698e-01,1.755523037234148764e-01,5.697369956016736653e-02
7.023450390839847124e-02,4.661744362406040204e-02,1.536692278204636608e-01,4.019566992783213388e-01,2.112035200586676320e-01,1.163186053100885159e-01
5.355360524428330604e-02,1.352378278702910143e-02,2.617827935981644760e-01,4.591588696637375344e-01,6.452522293601582748e-02,1.474557257707697633e-01
2.102391748427588636e-01,2.861568469989820770e-02,3.348527342692430575e-01,1.557594751646769193e-01,1.515691411906004704e-01,1.189637898328226168e-01
1.776610231159740094e-01,1.665887257955201914e-02,2.864893909675718664e-01,2.375413522322669946e-01,1.359377782945672963e-01,1.457115828100677690e-01
1.779890351785628766e-01,1.671460068253973613e-02,2.848720037756963808e-01,2.383359875761551505e-01,1.358893482215673965e-01,1.461990245654786191e-01
1.552483195705599561e-01,1.454538747965404381e-02,2.549102008275023756e-01,1.531981290543293073e-01,1.086588737776208596e-01,3.134390892903335391e-01
5.345089084818079733e-02,1.160019333655560800e-02,2.072367872797879762e-01,4.367739462324372046e-01,1.804530075501258046e-01,1.104851747529125572e-01
1.639474110111156790e-01,2.318231622332787151e-02,2.850026145875765859e-01,3.020961051479786885e-01,1.021875327362462005e-01,1.235840202937549953e-01
1.777966685118685941e-01,1.668191825821567498e-02,2.858205401813376234e-01,2.378699640063671739e-01,1.359177506273728797e-01,1.459131584148379845e-01
8.041276883723044722e-02,2.346673514539213481e-02,2.924695002573088898e-01,2.814408139901549699e-01,1.391340709945592391e-01,1.830761107753542671e-01
1.626881164276700598e-01,0.000000000000000000e+00,3.723810975162462067e-01,2.112016593939818332e-01,1.515181194562204570e-01,1.022110072058813324e-01
1.356546199614535632e-02,4.226902144468334260e-02,2.256130207595826720e-01,3.621402455910323059e-01,1.960630926133759278e-01,1.603491575951805359e-01
1.776610231159740094e-01,1.665887257955201914e-02,2.864893909675718664e-01,2.375413522322669946e-01,1.359377782945672963e-01,1.457115828100677690e-01
1.345872190796859255e-02,7.431997451927523264e-03,1.784376732906656771e-01,5.991395703230701919e-01,2.542954491153864849e-02,1.761024921148294509e-01
1.742490795647703150e-01,0.000000000000000000e+00,3.564423108491547310e-01,1.583214695228283009e-01,2.222149143172521824e-01,8.877222574599438754e-02
1.247692208686675686e-01,0.000000000000000000e+00,2.890851256550633352e-01,3.158056648012999568e-01,1.471094879590729987e-01,1.232305007158960991e-01
4.239416784862756055e-02,2.012733794289085776e-02,2.543938595837439975e-01,3.020092970681253486e-01,2.391901762343304483e-01,1.418851613222818775e-01
5.692023278303207784e-02,0.000000000000000000e+00,1.943055715561847474e-01,2.562535250478084059e-01,2.717921077761198401e-01,2.207285628368549635e-01
1.505302218644425510e-02,0.000000000000000000e+00,1.716398529380159521e-01,1.583719276815572508e-01,5.146098665109583026e-01,1.403253306830241631e-01
6.281999999999999806e-01,0.000000000000000000e+00,0.000000000000000000e+00,0.000000000000000000e+00,1.794999999999999929e-01,1.922999999999999987e-01
4.698486759130456741e-02,1.169580394976680107e-02,2.713853653416536393e-01,2.608236134995327582e-01,1.314455999699975230e-01,2.776647496477448462e-01
1.817444778554697937e-01,1.665859808552347388e-02,2.987932487897935752e-01,1.975963484090974276e-01,1.963414934762841568e-01,1.088658333838314618e-01
1.573448867632255554e-01,3.470138786508849150e-03,2.267740129301389351e-01,3.809631554703486467e-01,7.865393164474421273e-02,1.527938744050337805e-01
8.675473952317096227e-02,5.296830430989214050e-02,2.820507225542499552e-01,2.991073203755035270e-01,2.009557698232439515e-01,7.816314341393952592e-02
1.776610231159740094e-01,1.665887257955201914e-02,2.864893909675718664e-01,2.375413522322669946e-01,1.359377782945672963e-01,1.457115828100677690e-01
4.665666038735565707e-02,7.878217728480790827e-02,1.631757615181912702e-01,1.459131851950065673e-01,3.129271072564733247e-01,2.525451083581652378e-01
4.782798434172691460e-02,1.190567850566592520e-02,2.054003395975018409e-01,4.229965152251235483e-01,5.398609391362308579e-02,2.578833884163587165e-01
1.849084315827793090e-01,1.658618138616898066e-02,3.228125654497609465e-01,1.574128688430181666e-01,2.135130345067443591e-01,1.047669182315282971e-01
4.839580457411019748e-02,1.204702431458536983e-02,2.076738572635362101e-01,4.211099917829748684e-01,5.462702404717159621e-02,2.561462980176216209e-01
7.282999227809137943e-02,5.305467891134560410e-02,1.861412521613083904e-01,4.753511143796523286e-01,1.105407271390904944e-01,1.020822351305117753e-01
1.776610231159740094e-01,1.665887257955201914e-02,2.864893909675718664e-01,2.375413522322669946e-01,1.359377782945672963e-01,1.457115828100677690e-01
6.477633345603710235e-02,4.809010765491866790e-03,2.576688589351180392e-01,3.503129080498573744e-01,1.727862422766603956e-01,1.496466465168351800e-01
4.695558643245643926e-02,1.168851507760717938e-02,2.016126333350177213e-01,3.617633785329794627e-01,5.300137009328773768e-02,3.249785165286515065e-01
5.668671879948120051e-02,0.000000000000000000e+00,1.995298533306768818e-01,4.873446690906133583e-01,2.528375595326801117e-02,2.311550028259605483e-01
1.155019250320838547e-01,3.216720278671311023e-02,2.206703445057417168e-01,2.489374822913714980e-01,2.341872364539408502e-01,1.485358089301488382e-01
1.721596801571396718e-01,0.000000000000000000e+00,4.065554830554081178e-01,1.563242562924059831e-01,1.492345746143576013e-01,1.157260058806886538e-01
0.000000000000000000e+00,0.000000000000000000e+00,3.309999999999999748e-02,4.966999999999999749e-01,9.270000000000000462e-02,3.775000000000000022e-01
5.134409739798555250e-02,1.168191599386773742e-02,2.339048744726276163e-01,3.049374594359349211e-01,1.309464156970591708e-01,2.671852370025250556e-01
1.772334629751012858e-01,1.658645349885570774e-02,2.710077525577919144e-01,3.049052801940982937e-01,1.242843706528789227e-01,1.059826801212738756e-01
1.743517416363678518e-01,0.000000000000000000e+00,3.559937285819345099e-01,1.584932089343129291e-01,2.222927993188174300e-01,8.886852152856732079e-02
4.238524878223923903e-02,2.012963131073597714e-02,2.541792867129568090e-01,2.846158338179344272e-01,2.391309196805234127e-01,1.595590796956101176e-01
3.259126867997189786e-02,3.387395807887173121e-02,1.890975907194855921e-01,4.375714570393248737e-01,1.941597808583498397e-01,1.127059446239960933e-01
4.700901641884430021e-02,0.000000000000000000e+00,2.450274237539561695e-01,4.294250111716997886e-01,1.524540976561345185e-01,1.260844509993652440e-01
2.031060231208414377e-02,0.000000000000000000e+00,1.433857848394937406e-01,5.654983477645435519e-01,1.543908667882120944e-01,1.164143982956663825e-01
5.164999999999999453e-02,1.261666666666666492e-02,2.713166666666666504e-01,4.128666666666666596e-01,1.323999999999999899e-01,1.191499999999999782e-01
3.678394639910665537e-02,0.000000000000000000e+00,1.586859780996349722e-01,4.317738628977149107e-01,1.904198403306721632e-01,1.823363722728711944e-01
1.164194745294521577e-01,0.000000000000000000e+00,1.457067545446822654e-01,4.846956759338846288e-01,7.471120419906139565e-02,1.784668907929196913e-01
9.718963224769262832e-02,6.185981946966673944e-02,1.600963176680860744e-01,3.966267535287992807e-01,1.176035742907708126e-01,1.666239027949844853e-01
1.226168833046638595e-01,5.056968587762890668e-03,3.313047300112681448e-01,2.258728009773169343e-01,1.538379534015823225e-01,1.613106637174059332e-01
3.803283404677675755e-02,4.663963095669250436e-03,2.486850172862860309e-01,4.373672907570203550e-01,1.313610165856418655e-01,1.398898782286058240e-01
1.592475758538293706e-01,0.000000000000000000e+00,2.180827434568319567e-01,4.427317953400819461e-01,7.593749380078701483e-02,1.040003915484696007e-01
4.103676173402042576e-02,1.630544279781426242e-02,1.876485896190362435e-01,3.481825382467281793e-01,2.098488967675400940e-01,1.969777708348607048e-01
6.510199035576565152e-02,1.426400714308868195e-02,2.301737213814282479e-01,3.279950782670212339e-01,2.387220189660916592e-01,1.237431838866045325e-01
2.171328585479817552e-01,5.365148059207946324e-02,2.705259945326182747e-01,2.106229348488354303e-01,1.607742125335546168e-01,8.729251894493039732e-02
9.718963224769262832e-02,6.185981946966673944e-02,1.600963176680860744e-01,3.966267535287992807e-01,1.176035742907708126e-01,1.666239027949844853e-01
7.207156272498239924e-02,1.168191599386773742e-02,2.015399215717114390e-01,2.758665113686545323e-01,5.297144666184853967e-02,3.858686416789353646e-01
1.092524562209093719e-01,2.774578414248232358e-02,2.154532644869666114e-01,3.658075655278976157e-01,1.608474026514886968e-01,1.208935269702554327e-01
6.146152833513928576e-02,0.000000000000000000e+00,2.070600881076663236e-01,4.655312677588837600e-01,1.055071483441660241e-01,1.604399674541446552e-01
1.593339635985905056e-01,0.000000000000000000e+00,3.010158121363484263e-01,3.024287888972494454e-01,1.221567708062168134e-01,1.150646645615948233e-01
5.136752279204653826e-02,3.491724862081034553e-02,1.283188053134219075e-01,4.805580093001549646e-01,6.475107918465308754e-02,2.400873347889131981e-01
1.164194745294521577e-01,0.000000000000000000e+00,2.160196010625787533e-01,4.723834260121213546e-01,1.011765414107231725e-01,9.400095698512465903e-02
1.573474502256198559e-01,0.000000000000000000e+00,3.634465115532382606e-01,2.393144394280229958e-01,7.518501775234931461e-02,1.647065810407696840e-01
9.127266291821108102e-02,4.872330496078699363e-02,2.488784529624059882e-01,2.608236134995327027e-01,9.078795180103416129e-02,2.595140138580290246e-01
2.171328585479817552e-01,5.365148059207946324e-02,2.705259945326182747e-01,2.106229348488354303e-01,1.607742125335546168e-01,8.729251894493039732e-02
5.134409739798555250e-02,1.168191599386773742e-02,2.339048744726276163e-01,3.049374594359349211e-01,1.309464156970591708e-01,2.671852370025250556e-01
1.776610231159740094e-01,1.665887257955201914e-02,2.864893909675718664e-01,2.375413522322669946e-01,1.359377782945672963e-01,1.457115828100677690e-01
1.024850414173569813e-01,1.007683461391023216e-01,1.527692128202136901e-01,3.284388073134552610e-01,1.297021617026950513e-01,1.858364306071768335e-01
4.656015336628548801e-02,5.251552914394153060e-02,1.933678472422414307e-01,4.183100843888201692e-01,1.548599465793042418e-01,1.343864392794071050e-01
1.771505085291854020e-01,0.000000000000000000e+00,3.480397485403755597e-01,1.578120993080803225e-01,2.074913427163453672e-01,1.095063009060134179e-01
2.031060231208414377e-02,0.000000000000000000e+00,1.669440642404198538e-01,5.567368774489415140e-01,1.543908667882120944e-01,1.016175892103423767e-01
1.774823741729811277e-01,1.662852074853954365e-02,2.873702869625491818e-01,2.371085609405994554e-01,1.359641553164432914e-01,1.454461018588874555e-01
1.772363707128076504e-01,1.658672562047113982e-02,2.885832998087882184e-01,2.365125979670741341e-01,1.360004770463223711e-01,1.450805288445363994e-01
4.218473949131637535e-02,1.723390779692656263e-02,2.099736657888596203e-01,3.387946264875495994e-01,2.242074735824527709e-01,1.676055868528950610e-01
8.846693944600488024e-02,9.293801246890460999e-02,2.695829509677359348e-01,1.191283119371928656e-01,2.916499253789924806e-01,1.382338598011691455e-01
2.799529575124968042e-02,0.000000000000000000e+00,1.952897397371088362e-01,4.602332146078514374e-01,2.430729156514444267e-01,7.340883425234574766e-02
2.171328585479817552e-01,5.365148059207946324e-02,2.705259945326182747e-01,2.106229348488354303e-01,1.607742125335546168e-01,8.729251894493039732e-02
3.241011771440231032e-02,0.000000000000000000e+00,1.636921286209415682e-01,4.597267183176887428e-01,1.930816670124533563e-01,1.510893683345140293e-01
1.779002402232291447e-01,1.669973813835377158e-02,2.675998178199392452e-01,3.236709879535530354e-01,1.241058994910098356e-01,9.002331637391497443e-02
1.741183350797685381e-01,0.000000000000000000e+00,3.570135993162193988e-01,1.581027521274002423e-01,2.221157244776108819e-01,8.864958899900086953e-02
1.774823741729811277e-01,1.662852074853954365e-02,2.873702869625491818e-01,2.371085609405994554e-01,1.359641553164432914e-01,1.454461018588874555e-01
1.772363707128076504e-01,1.658672562047113982e-02,2.885832998087882184e-01,2.365125979670741341e-01,1.360004770463223711e-01,1.450805288445363994e-01
1.395712469707220162e-02,0.000000000000000000e+00,1.349948530687925530e-01,7.509462371985138329e-01,2.637125068391531213e-02,7.373053435170603964e-02
1.593339635985905056e-01,0.000000000000000000e+00,3.010158121363484263e-01,3.024287888972494454e-01,1.221567708062168134e-01,1.150646645615948233e-01
9.840152052540152017e-02,5.923083081082672341e-02,2.154659405034871911e-01,2.649625523052316356e-01,1.128149777796822878e-01,2.491241780753706003e-01
6.719511890485381500e-02,4.891477388215604606e-03,2.658722711933721450e-01,4.681773456621807217e-01,7.853019502950843445e-02,1.153335918218691414e-01
1.776610231159740094e-01,1.665887257955201914e-02,2.864893909675718664e-01,2.375413522322669946e-01,1.359377782945672963e-01,1.457115828100677690e-01
1.776610231159740094e-01,1.665887257955201914e-02,2.864893909675718664e-01,2.375413522322669946e-01,1.359377782945672963e-01,1.457115828100677690e-01
1.743517416363678518e-01,0.000000000000000000e+00,3.559937285819345099e-01,1.584932089343129291e-01,2.222927993188174300e-01,8.886852152856732079e-02
5.136666666666667158e-02,3.491666666666666530e-02,2.304333333333333234e-01,2.787666666666666626e-01,1.930166666666666697e-01,2.115000000000000213e-01
2.726999999999999980e-01,2.172000000000000042e-01,2.172000000000000042e-01,0.000000000000000000e+00,2.172000000000000042e-01,7.580000000000000626e-02
1.776610231159740094e-01,1.665887257955201914e-02,2.864893909675718664e-01,2.375413522322669946e-01,1.359377782945672963e-01,1.457115828100677690e-01
0.000000000000000000e+00,0.000000000000000000e+00,0.000000000000000000e+00,1.000000000000000000e+00,0.000000000000000000e+00,0.000000000000000000e+00
1.756596546478113030e-01,1.647120878188216772e-02,2.901969599990144033e-01,2.608229727185274460e-01,1.227739404545034330e-01,1.340752633982613962e-01
2.129947247230789750e-02,0.000000000000000000e+00,1.834851505499693058e-01,5.913259050276856721e-01,1.152132518275558598e-01,8.867622012248133068e-02
1.310217179749275929e-01,0.000000000000000000e+00,2.081430542390835525e-01,4.264039674453966589e-01,1.294883527668958256e-01,1.049429075736965089e-01
4.649999999999999967e-02,0.000000000000000000e+00,3.952999999999999847e-01,0.000000000000000000e+00,5.000000000000000000e-01,5.809999999999999887e-02
2.035800968249473486e-01,3.601921445944821637e-02,3.300142577599882721e-01,1.583162449557515561e-01,1.821458988702297499e-01,8.992428712963479454e-02
1.776610231159740094e-01,1.665887257955201914e-02,2.864893909675718664e-01,2.375413522322669946e-01,1.359377782945672963e-01,1.457115828100677690e-01
2.031451491832385048e-01,1.927653807771346345e-02,2.434659711524968240e-01,2.938928108126176442e-01,1.567980803964531822e-01,8.342145037748038838e-02
1.500344453634042952e-01,1.407710489975778738e-02,2.262782895636161473e-01,4.289716236755382606e-01,1.047530550894937712e-01,7.588548140818984766e-02
5.136837894596486820e-02,3.783459448648288093e-02,1.283209440314677097e-01,5.215007166905563096e-01,6.475215840528017464e-02,1.962232074402480153e-01
4.806865713563464315e-02,2.278464851658084864e-02,2.115445518778571454e-01,3.865321224560488433e-01,1.194920885520150827e-01,2.115779314618634332e-01
1.291762262356070945e-01,6.914209470098874044e-02,1.517598130246513577e-01,3.622772704550116241e-01,9.627332590319315209e-02,1.913712696805480451e-01
1.254125044119926147e-01,0.000000000000000000e+00,1.761698166007493183e-01,4.350793631560319619e-01,9.985225611315473593e-02,1.634860597180713693e-01
2.044527806998049924e-01,4.745232311609311193e-02,2.708244510590324117e-01,1.784415044274460238e-01,1.817759628009352479e-01,1.170529778966882817e-01
0.000000000000000000e+00,1.474000000000000032e-01,0.000000000000000000e+00,6.320000000000000617e-02,0.000000000000000000e+00,7.894999999999999796e-01
1.336789942783809908e-02,0.000000000000000000e+00,1.412183419094374115e-01,5.958464588428646902e-01,4.398883803629536488e-02,2.055784617835645367e-01
3.573741400138012725e-02,4.898597984178940795e-02,1.500012751312283510e-01,2.841946001487979934e-01,8.647825182483805107e-02,3.946024790519662151e-01
1.716956502087212122e-01,1.002566070388791336e-01,2.972182697429879839e-01,1.637337642876697530e-01,2.055737944418090102e-01,6.152191427993290718e-02
4.002152796038997012e-02,0.000000000000000000e+00,2.030495992246819092e-01,4.571493767983261236e-01,1.178849759901375305e-01,1.818945200264643625e-01
1.776610231159740094e-01,1.665887257955201914e-02,2.864893909675718664e-01,2.375413522322669946e-01,1.359377782945672963e-01,1.457115828100677690e-01
1.361648546677923267e-02,0.000000000000000000e+00,2.106995510580337294e-01,6.066866815115674605e-01,6.203035350212561527e-02,1.069669284614938876e-01
1.988778519985060292e-02,0.000000000000000000e+00,2.957167847563052510e-01,2.862555859792912383e-01,2.439886533596084262e-01,1.541511907049445129e-01
1.772363707128076504e-01,1.658672562047113982e-02,2.885832998087882184e-01,2.365125979670741341e-01,1.360004770463223711e-01,1.450805288445363994e-01
1.549124871481712407e-01,3.029117452448335749e-03,2.142073696318096132e-01,4.267462876863886145e-01,7.422101165361209840e-02,1.268837264275701204e-01
5.136752279204653826e-02,6.468441140685678159e-02,1.283188053134218798e-01,4.464074401240020751e-01,7.070117835297254349e-02,2.385206420107001957e-01
7.337881611963827100e-02,2.158497133965991618e-02,2.281719750725888229e-01,4.255571412488709515e-01,9.370298305861711474e-02,1.576041131606249757e-01
3.992302714859020246e-02,0.000000000000000000e+00,1.679426940604455964e-01,5.432401518565990184e-01,1.027273734776581043e-01,1.461667534567070714e-01
1.760318297673248988e-01,1.651633081542596901e-02,2.654869103693144883e-01,2.962718650400212872e-01,1.229042565289393402e-01,1.227888074789740963e-01
4.762611501958060461e-02,1.185542777311448213e-02,2.044391490291623259e-01,3.983871307159814190e-01,5.375823283326050528e-02,2.839339446289005919e-01
1.776610231159740094e-01,1.665887257955201914e-02,2.864893909675718664e-01,2.375413522322669946e-01,1.359377782945672963e-01,1.457115828100677690e-01
6.670765864853046845e-02,2.681404468791546286e-02,2.565678872968483737e-01,4.115433935959225131e-01,1.344179040445171724e-01,1.039491117262659470e-01
1.737861149728449905e-01,5.326867861425502865e-02,1.866408189616913793e-01,3.514061993373920334e-01,1.396046656671167396e-01,9.529352244669990479e-02
1.336035219988321830e-02,0.000000000000000000e+00,2.411241453561837889e-01,4.056409417837472109e-01,1.882612128342316116e-01,1.516133478259542033e-01
9.718963224769262832e-02,6.185981946966673944e-02,1.600963176680860744e-01,3.966267535287992807e-01,1.176035742907708126e-01,1.666239027949844853e-01
4.074355997232714799e-02,0.000000000000000000e+00,1.842904537707673318e-01,4.828106389179390168e-01,1.180293546353334555e-01,1.741259927036331590e-01
4.022156591275284632e-02,0.000000000000000000e+00,2.500667434068383210e-01,2.618036112149685346e-01,3.420318546730001796e-01,1.058762247924400768e-01
1.776580957336005850e-01,1.665859808552347734e-02,2.688374314609294213e-01,2.811529763929644377e-01,1.304321044138768149e-01,1.252607939131053227e-01
1.155019250320838547e-01,3.216720278671311023e-02,2.206703445057417168e-01,2.489374822913714980e-01,2.341872364539408502e-01,1.485358089301488382e-01
1.813196929374987776e-01,2.406094448907119404e-02,3.718183149060665937e-01,1.474187740691248749e-01,1.383638916105607575e-01,1.370183819876778786e-01
1.779890351785628766e-01,1.671460068253973613e-02,2.848720037756963808e-01,2.383359875761551505e-01,1.358893482215673965e-01,1.461990245654786191e-01
1.776580957336005850e-01,1.665859808552347734e-02,2.931744733722234098e-01,1.655973400192986555e-01,2.046790311926787731e-01,1.422324615966752137e-01
4.839580457411019748e-02,1.204702431458536983e-02,2.076738572635362101e-01,4.211099917829748684e-01,5.462702404717159621e-02,2.561462980176216209e-01
4.613434931343798895e-02,1.148408695355966971e-02,1.915994507251938261e-01,4.959772168113472657e-01,5.207439428941713910e-02,2.027305019070441416e-01
4.662730808820775980e-02,1.819957330957776634e-02,3.894500185071324561e-01,1.726747847728811458e-01,2.531382971406954119e-01,1.199100181815056093e-01
1.359453661018075049e-02,4.262354128232275635e-02,2.134221235627934976e-01,4.360646119081550975e-01,1.776505764652357711e-01,1.166446101713121547e-01
1.431838891290236893e-01,1.339991262912638113e-02,2.189425368322919230e-01,3.977109711710384299e-01,1.004072213526195634e-01,1.263554688858999908e-01
1.741183350797685381e-01,0.000000000000000000e+00,3.570135993162193988e-01,1.581027521274002423e-01,2.221157244776108819e-01,8.864958899900086953e-02
7.107673127993403839e-02,5.176886015448876888e-02,3.706791857473890062e-01,2.868567593889563283e-01,1.147958925642813266e-01,1.048225708649505872e-01
1.155019250320838825e-01,3.216720278671311717e-02,2.206703445057417723e-01,2.489374822913715257e-01,2.341872364539409335e-01,1.485358089301488382e-01
2.050796519430795814e-02,0.000000000000000000e+00,1.447790981115974207e-01,6.105092106322628220e-01,1.558911190205265196e-01,6.831260704130520667e-02
1.776610231159740094e-01,1.665887257955201914e-02,2.864893909675718664e-01,2.375413522322669946e-01,1.359377782945672963e-01,1.457115828100677690e-01
2.134718591796615217e-01,3.576345101315003827e-02,2.230962284866795375e-01,2.438452720699242904e-01,1.978731271582359341e-01,8.595006209234858086e-02
1.327274622260767312e-01,0.000000000000000000e+00,2.919023816377950276e-01,3.029154187471001514e-01,1.772570029703916805e-01,9.519773441863640939e-02
7.291837639314252550e-02,1.170026483832032824e-02,2.384019305111061970e-01,4.011039066700043398e-01,1.228273870076846963e-01,1.530481345797418957e-01
8.887916587112974776e-02,2.283352602239900261e-02,2.021521600880817893e-01,4.490259208562439874e-01,1.174670444350213866e-01,1.196421827271240967e-01
1.347642710649269229e-02,7.488141026665922316e-03,1.852374561599610669e-01,5.685976729246202677e-01,4.006279560549909358e-02,1.851375071767609737e-01
5.574310831798001686e-02,0.000000000000000000e+00,2.468630634180862260e-01,4.171799597650513447e-01,1.735056930529073060e-01,1.067081754459750648e-01
1.779890351785628766e-01,1.671460068253973613e-02,2.848720037756963808e-01,2.383359875761551505e-01,1.358893482215673965e-01,1.461990245654786191e-01
1.768759327617503430e-01,1.652548847236546409e-02,2.903605750739258196e-01,2.356394083260341943e-01,1.360536947119894979e-01,1.445449006539345493e-01
