9.505615611943458998e-02,1.406915723815801433e-01,1.742916619187429295e-01,2.796381597986771217e-01,1.464771027693523020e-01,1.638453470122127886e-01
4.222245201798233843e-02,3.217745500800203717e-02,1.420529700182910082e-01,3.817901406340854509e-01,7.644891147798152375e-02,3.253080708436575930e-01
6.788789521215410350e-02,5.954451761648749814e-02,2.419545558419369524e-01,1.849002660858518887e-01,1.946641558479589584e-01,2.510486093956106335e-01
1.529999999999999971e-01,2.189999999999999933e-02,3.332999999999999852e-01,0.000000000000000000e+00,1.529999999999999971e-01,3.387999999999999901e-01
1.573684578856097971e-02,7.748924354010160512e-03,1.025575318764959387e-01,4.993505326547480472e-01,7.422057216414545966e-02,3.003855931620393882e-01
7.183569184169254218e-02,8.264945103163616469e-02,3.340410312435409396e-02,3.961420714041261060e-01,9.890921667218537106e-02,3.170594659260058124e-01
1.375429163167992408e-01,7.191390026455003748e-02,2.847118644714768387e-01,1.334429012121711722e-01,2.612518274778117267e-01,1.111365902571911368e-01
3.888192575097150841e-03,9.045626475122140603e-03,5.134422295739577563e-02,6.742176476439207811e-01,2.033030782551244198e-02,2.411740025229516249e-01
8.955179117230752106e-02,1.224291049794538205e-01,2.171550370166560329e-01,1.776370888232758072e-01,2.256646586844827107e-01,1.675623193238240383e-01
8.712258266977347676e-02,4.509158725994828060e-02,1.488901268692649493e-01,2.510618383360546102e-01,1.967668315261043022e-01,2.710670333388544018e-01
5.176865888678002653e-02,2.998766962668002536e-02,1.668127261186409527e-01,4.433462531834838627e-01,1.241049440008874932e-01,1.839797481835275250e-01
2.750807661760154565e-02,1.187930685893998951e-02,3.946746668401460156e-02,3.040519847880846505e-01,1.667515672068730359e-01,4.503415978444861856e-01
1.158660913154285349e-01,1.317711743831404825e-01,1.438722003420215279e-01,3.993416040942895928e-02,2.948717633942691263e-01,2.736846101557113831e-01
9.725322644058548294e-02,5.707391135727835768e-02,2.080651817198489184e-01,1.448134382526246322e-01,3.225087598941307476e-01,1.702854823355317848e-01
9.984149795230169711e-02,6.135033215381319183e-02,2.073515577556168665e-01,3.087896537446754852e-01,2.450494256561179807e-01,7.761753273747473703e-02
3.084858485556625507e-02,2.531570907321709779e-02,2.241311734197096520e-02,6.139861495334757446e-01,1.628720350571815079e-01,1.445644041385883427e-01
2.045025562819535389e-02,9.475118438980488500e-03,7.975099688746109874e-03,5.301191264890811050e-01,1.082388529856623122e-01,3.237415467693346427e-01
2.090756102818533066e-02,5.530487796288479328e-03,1.350310793772358242e-01,5.404952092037261790e-01,1.806957157547675330e-01,1.173399468397966633e-01
1.529999999999999971e-01,2.189999999999999933e-02,3.332999999999999852e-01,0.000000000000000000e+00,1.529999999999999971e-01,3.387999999999999901e-01
6.977190819805013933e-02,8.499478786935821262e-02,2.170865900097708190e-01,2.461840367183118217e-01,2.750880247842726889e-01,1.068746524202364850e-01
2.048546841847786737e-01,1.736905012747581578e-01,2.558619844058323545e-01,4.126024028615319500e-02,2.492974047302359553e-01,7.503518511824168458e-02
4.644949052151361307e-02,8.828626724153865180e-02,2.214851677339874925e-01,2.585173053483398875e-01,1.075677207486550047e-01,2.776940484059653991e-01
7.612661794312655661e-02,1.801935487978708131e-02,4.364837629004019587e-02,4.936345626891409655e-01,1.451040152851226783e-01,2.234670729127826161e-01
9.783071559817080320e-02,6.460039153567902204e-02,2.162540937051359025e-01,1.266001266908904355e-01,2.972244462581011271e-01,1.974902262120226681e-01
6.142732425945526126e-02,4.068237795154023423e-02,2.021791946381573390e-01,2.371750946942331184e-01,2.063337046844806733e-01,2.522023037721334293e-01
9.484918219434755604e-02,9.614159765326057983e-02,2.140682652943767250e-01,1.230160478920189482e-01,2.644428028019936705e-01,2.074821041640025898e-01
1.240904614962671793e-01,7.208670546032512616e-02,2.554367793736997960e-01,1.300700370399640315e-01,2.781515170136470982e-01,1.401644996160967827e-01
5.371136957395711287e-02,6.139041019541657818e-02,2.358602443813243021e-02,4.671649122978931423e-01,7.892125820725641450e-02,3.152260252873443913e-01
1.489544178317941669e-01,5.858503332437451500e-02,2.427748912944387716e-01,5.772945591579853319e-02,4.611512970543875656e-01,3.080490457920649974e-02
9.130663264479528529e-02,4.488790232867063967e-02,2.679480256243195191e-01,1.391979413056944510e-02,4.441046661027622244e-01,1.378329791688828465e-01
7.832441013614746539e-02,6.553733296158706367e-02,4.754820044511626209e-02,3.999860156825289503e-01,1.416111587250666048e-01,2.669928820495536814e-01
1.334503347924728411e-01,9.836471634439804268e-02,2.183627437009077743e-01,1.610895735165791820e-01,2.934036174794992791e-01,9.532901416614289469e-02
4.890268889445367057e-02,1.678868392532741755e-02,1.139001403477904600e-01,3.675173457629734020e-01,2.743939498658432563e-01,1.784971912036119324e-01
1.028871637202829897e-01,8.675749748919027449e-02,4.933160626889428191e-02,3.859625823934789146e-01,1.219626525997023203e-01,2.530984975284511496e-01
1.646597921758033434e-01,8.098872047486237180e-02,2.519108103667704324e-01,2.109995194359505846e-02,4.135420968749126680e-01,6.779862816405624049e-02
6.732365985238186745e-02,1.425397497157903683e-02,1.790655344293483331e-02,3.771653011636895703e-01,1.515197898898866802e-01,3.718307206795279929e-01
7.797964750703499648e-02,6.171217984725840128e-02,3.232431423447703484e-02,4.568226354571130465e-01,1.898034580673458871e-01,1.813577648867705783e-01
8.408343856459335464e-02,5.146268628374088550e-02,9.338422454951780804e-02,3.483571855076835755e-01,2.610579803860288983e-01,1.616544847084353531e-01
9.276799199659149786e-02,4.653431035738187643e-02,2.513770214045073503e-01,1.224935710771894865e-01,2.962845847439407598e-01,1.905425204203889389e-01
7.680957167082623493e-02,1.020135757025415479e-01,2.407991228344222578e-01,1.020039269869697507e-01,1.779803846915954946e-01,3.003934181136446169e-01
5.159479027926615335e-02,8.431605534452761563e-02,1.797956865235566803e-01,3.448351631498529635e-01,1.845200750111761767e-01,1.549382296916203827e-01
6.556271350734589609e-02,1.669980649667694370e-02,2.278226802424782316e-01,1.859629293264910277e-01,2.568236380671217733e-01,2.471282323598860964e-01
6.743043315430473361e-02,3.731444503465151247e-02,1.884733974671679024e-01,3.109845343150864361e-01,1.441753117932282890e-01,2.516218782355612027e-01
7.395694165427590949e-02,7.213688101485020432e-02,9.245872102187792374e-02,2.590570477932140903e-01,2.025739357382840278e-01,2.998164727774978444e-01
4.010581176857740127e-02,5.846963305553477819e-02,3.669954654005043448e-02,5.619169486337048935e-01,8.764028457076870893e-02,2.151677754313637003e-01
9.496995448122884376e-02,3.760627579697636835e-02,2.837955545926276746e-01,2.461961837365103933e-01,1.634155269947110412e-01,1.740165043979457482e-01
2.155039558246252263e-02,9.984840985028480692e-03,2.716306056354341608e-02,4.769399457840101664e-01,1.205532480777237458e-01,3.438085090072316996e-01
1.621612595267504439e-02,1.553302908076581099e-02,6.041807431053638350e-02,4.747263804201422577e-01,2.417476911299720754e-01,1.913586991059083586e-01
4.225724567990803843e-02,4.975871723013343406e-02,3.886112311040527956e-02,3.962902183869838613e-01,7.900353434819823439e-02,3.938291612443712286e-01
1.542367714180232011e-02,7.017431127775176913e-02,2.620264202053742067e-02,3.281664148347954169e-01,1.275178928329479544e-01,4.325150618921650425e-01
1.529999999999999971e-01,2.189999999999999933e-02,3.332999999999999852e-01,0.000000000000000000e+00,1.529999999999999971e-01,3.387999999999999901e-01
1.529999999999999971e-01,2.189999999999999933e-02,3.332999999999999852e-01,0.000000000000000000e+00,1.529999999999999971e-01,3.387999999999999901e-01
1.088392848601670848e-01,7.840292132532593328e-02,2.788110383042343710e-01,2.426073310360043755e-01,1.162518711756212880e-01,1.750875532986470029e-01
1.624339924020182235e-03,4.767846683454923795e-03,7.568956609984692219e-02,6.017334442194797184e-01,8.653408012496006940e-02,2.296507229482383505e-01
5.241163888303180390e-02,9.734063107528097281e-02,1.160886531720122655e-01,3.150708437744952350e-01,1.204132134081583871e-01,2.986750196870212037e-01
7.250619133242758307e-02,6.148111490846085159e-02,1.927344816246324699e-01,2.898571067658750611e-01,2.362054612161992861e-01,1.472156441524047343e-01
9.778396526371732622e-02,4.850406951115190934e-02,3.276434214532524258e-01,1.199818952578676767e-01,2.675887075753908828e-01,1.384979409386197791e-01
8.436594284559946477e-02,9.136054082569036727e-02,2.150728443071403539e-01,2.422994747817076577e-01,1.752793295085907643e-01,1.916218677312714891e-01
1.062406897905334019e-01,8.356347657538694407e-02,1.619087271931585192e-01,2.180897766320537279e-01,2.268029391517818183e-01,2.033943906570856441e-01
1.796984177753902512e-01,9.624409482216213230e-02,7.706688758693505670e-02,2.749097044206094687e-01,1.857265362322653712e-01,1.863543591626377061e-01
1.747237529086929086e-01,1.066872023586191154e-01,7.516000329433741856e-02,3.514729210126845693e-01,1.035475684708015293e-01,1.884085519548645282e-01
4.352593837229774137e-02,2.425819409538406551e-02,4.061359812638824784e-02,4.667495187130934475e-01,1.365215478919885594e-01,2.883312028008478967e-01
6.245304794672033172e-02,5.689119526944413918e-02,2.799979473049118428e-01,1.026316271851457074e-01,2.448405720235442562e-01,2.531856102702336186e-01
9.777201012186528817e-02,8.570104576408715813e-02,2.002739667179929406e-01,2.894559705555033724e-01,1.437036613925197770e-01,1.830933454480314082e-01
2.070910360569149650e-02,6.025666185724606189e-02,1.189045283654098367e-01,3.960377856740281977e-01,1.387446133185659958e-01,2.653473071790584115e-01
6.999808732329074190e-02,9.044551680712992203e-02,1.022531495257730655e-01,2.828298883012656528e-01,1.220103071413243256e-01,3.324630509012161395e-01
7.662842968362489071e-02,1.110202001037680491e-01,7.943384521411311905e-02,2.573026443141204767e-01,1.828564964563305917e-01,2.927583842280430115e-01
1.070260092862453521e-01,6.165920778236198135e-02,1.723288534420602813e-01,2.857165537514272380e-01,2.232239653968823012e-01,1.500454103410228390e-01
1.078671976875547334e-01,4.764324720654247031e-02,2.475233962221597139e-01,1.819677123471463154e-01,2.803796713448060696e-01,1.346187751917906350e-01
1.659143967873359660e-02,0.000000000000000000e+00,1.192391807346679378e-01,3.789256418699233908e-01,1.024474058477027189e-01,3.827963318689723837e-01
1.529999999999999971e-01,2.189999999999999933e-02,3.332999999999999852e-01,0.000000000000000000e+00,1.529999999999999971e-01,3.387999999999999901e-01
8.876470064424990536e-02,5.559884450678862639e-02,1.525964174094817660e-01,3.144526645452392355e-01,1.470039704172291795e-01,2.415834024770114608e-01
8.158042249524335987e-02,1.420032393541907634e-02,3.114443579489039604e-01,1.772899721052816624e-01,2.817592095919704276e-01,1.337257139231815273e-01
6.525271309075644788e-02,6.037214028175636599e-02,3.132873107077496777e-02,4.465683486363862253e-01,9.036545682914957911e-02,3.061126100911763515e-01
1.021623132913276888e-01,9.336211281316424138e-02,2.303083215510947357e-01,2.100837026618324055e-01,2.174083716830780832e-01,1.466751779995028315e-01
1.799211438543036473e-02,5.313214581709222589e-02,7.889669547544192474e-02,3.900497781140151443e-01,1.748463864156178937e-01,2.850828797924024327e-01
1.511027410205504351e-01,7.587979205253854442e-02,2.614596515676608224e-01,2.128862133294028361e-02,2.908769980981207315e-01,1.993921959281891865e-01
1.015608539343187261e-01,4.534917765626796105e-02,3.581306822780267463e-01,1.077276450710583505e-01,2.457829585733029565e-01,1.414486824870253845e-01
1.529999999999999971e-01,2.189999999999999933e-02,3.332999999999999852e-01,0.000000000000000000e+00,1.529999999999999971e-01,3.387999999999999901e-01
2.045025562819535389e-02,9.475118438980486765e-03,7.975099688746108140e-03,5.301191264890811050e-01,1.082388529856623122e-01,3.237415467693345872e-01
3.224191562322693133e-02,1.982272677150041448e-02,1.352129500044441379e-01,3.699274850008516524e-01,1.564036540006739640e-01,2.863912685993028617e-01
1.059786478162014350e-01,6.951647712376866906e-02,2.076426171232432227e-01,3.108123144832150020e-01,1.430087116212581111e-01,1.630412318323136434e-01
1.154359767955440708e-01,7.351752453255994135e-02,2.322852932856783181e-01,2.003800489401180163e-01,1.989683882028941142e-01,1.794127682432054005e-01
8.047350604866657098e-02,9.722563852677425233e-03,3.719853584234097399e-01,2.281758279718901494e-01,1.675985012629663817e-01,1.420442424403896564e-01
1.529999999999999971e-01,2.189999999999999933e-02,3.332999999999999852e-01,0.000000000000000000e+00,1.529999999999999971e-01,3.387999999999999901e-01
1.245533860349878480e-01,6.400366649520321249e-02,2.461674979380306660e-01,1.307210444722723963e-01,3.313954260626043036e-01,1.031589789969014903e-01
3.844222391660893218e-02,9.881731586345175039e-03,8.317341361593960300e-03,4.400108238816917705e-01,1.271384790609670079e-01,3.762094001927930864e-01
9.039259458480508602e-02,5.594534826229340813e-02,3.284757372854813645e-02,4.667503118433207199e-01,1.006496176724886310e-01,2.534145539085441712e-01
1.092841497018940539e-01,6.414217931527201044e-02,2.345095867006026236e-01,1.698543276002267011e-01,2.128470169608447649e-01,2.093627397211597907e-01
1.516980551056654747e-01,1.123662425392340375e-01,2.075322293494195613e-01,4.721139653211371690e-02,4.089783956993722214e-01,7.221368077419498821e-02
1.499045553147618781e-01,5.459677009832575312e-02,1.326223105352849763e-01,3.182482602351600076e-01,8.287137771670827213e-02,2.617567260997590850e-01
1.089496098817880620e-01,1.659392667847444658e-01,1.594922042965162545e-01,1.772612698196079639e-01,1.808636134609983570e-01,2.074940357563450910e-01
3.876591941652336032e-02,2.460861683659631635e-02,7.801926490653562918e-02,5.030753984808918888e-01,1.891261958073902072e-01,1.664046045520626016e-01
1.529999999999999971e-01,2.189999999999999933e-02,3.332999999999999852e-01,0.000000000000000000e+00,1.529999999999999971e-01,3.387999999999999901e-01
1.905136862118705088e-01,2.013659754697062487e-01,1.399989955087502236e-01,6.610496899554842154e-02,2.505632013605062491e-01,1.514531724536183066e-01
3.442046773779332269e-02,0.000000000000000000e+00,1.893544736397976824e-01,3.607882671630165405e-01,2.138316219817449904e-01,2.016051694776475056e-01
1.391563528548050988e-01,2.571586873553177027e-02,3.322493698436305154e-01,1.857991210306500218e-01,1.318463869095785335e-01,1.852329006258039978e-01
1.001523502068715626e-01,4.569536525295243845e-02,2.224562455685977769e-01,2.422493744267480986e-01,2.636424348383111238e-01,1.258042297065189719e-01
5.625748943736319507e-02,9.931804525973286779e-02,2.309176293460061258e-01,5.741466530628684672e-02,3.342814152707797581e-01,2.218107553798312204e-01
3.908003777058520478e-02,2.355481950048559162e-02,1.348262488113476099e-01,3.782721119192510861e-01,1.151802075966925076e-01,3.090865744016378924e-01
1.465703451243891842e-01,6.246755055656114108e-02,1.447414743060838338e-01,1.287727827308658701e-01,3.308760677479646861e-01,1.865717795341352847e-01
1.293507332478362193e-01,3.251372000479072627e-02,1.467780072873440811e-01,2.448614732202952227e-01,1.389183033073950191e-01,3.075777629323386830e-01
1.088222280134926168e-01,1.232582563367827094e-01,2.665523772972307470e-01,5.473023292262161471e-02,2.387157405216592254e-01,2.079211649082131075e-01
3.850949375203260860e-02,2.487826486614011165e-02,3.920145090277537409e-02,4.964123337417265525e-01,1.185874908068847711e-01,2.824109659304406827e-01
5.108758969653248022e-02,9.138067462332467861e-02,4.659977853544822191e-02,4.390476351288803425e-01,5.664584135804338200e-02,3.152384806577708254e-01
1.529999999999999971e-01,2.189999999999999933e-02,3.332999999999999852e-01,0.000000000000000000e+00,1.529999999999999971e-01,3.387999999999999901e-01
1.209052560036883717e-01,5.678363002582938190e-02,3.221222335525622538e-01,0.000000000000000000e+00,4.150285850585500591e-01,8.516029535936996131e-02
8.806582583351822702e-02,2.542571943387317290e-02,1.105690427687634203e-01,3.040147245743934912e-01,2.617557177622278908e-01,2.101689696272237562e-01
1.794237628719475841e-01,6.071956914095355540e-02,1.306018623632445030e-01,2.550992368579176328e-01,1.739642796697647709e-01,2.001912890961718705e-01
7.047686432419628111e-02,3.703054406695316381e-02,2.037229854148886465e-01,2.905189012591564701e-01,2.274205677098459499e-01,1.708301372249594607e-01
2.813595263400064939e-02,6.331547325552284999e-02,1.368211631844578058e-01,2.024830628610716499e-01,1.640631577668596186e-01,4.051811902980873570e-01
1.442875618539387339e-01,6.902526717461873740e-02,1.098122479736528823e-01,1.260676056253367538e-01,2.643887732948310143e-01,2.864185440776219616e-01
9.883340154013375844e-02,6.439803722078914217e-02,2.322862616748506137e-01,1.310270914039210477e-01,3.480074571644998782e-01,1.254477509958057679e-01
6.256764417407249812e-02,3.612480446067716650e-02,6.364906699507902332e-02,3.588769493811830302e-01,1.847634659109699817e-01,2.940180690780181960e-01
1.378024199659602100e-01,7.764328969359804433e-02,2.314179938922358015e-01,2.024553536175815738e-01,2.288264831112147013e-01,1.218544597194098217e-01
5.039499186111797563e-02,2.630109978326983927e-02,2.376371854899259339e-01,4.172006693663330434e-01,1.679627672321650778e-01,1.005032862671880883e-01
5.983986969802192885e-02,8.011632382263150776e-02,1.913441756214867839e-01,2.506684304539775754e-01,1.319827337737382034e-01,2.860484666301439938e-01
4.423835290388464930e-02,8.727351712143925633e-02,1.933732125814204283e-01,3.437217849990434337e-01,9.869265590852639713e-02,2.327004764856858143e-01
2.191382095242914441e-01,1.271857586671546747e-01,2.233103740032338635e-01,1.328198211206290669e-01,2.193850839789875662e-01,7.816075270570330136e-02
1.529999999999999971e-01,2.189999999999999933e-02,3.332999999999999852e-01,0.000000000000000000e+00,1.529999999999999971e-01,3.387999999999999901e-01
1.470627030362517407e-01,6.370270731921506835e-02,2.197883920884112774e-01,1.154182503861509446e-01,2.566810033401409896e-01,1.973469438298300072e-01
1.529999999999999971e-01,2.189999999999999933e-02,3.332999999999999852e-01,0.000000000000000000e+00,1.529999999999999971e-01,3.387999999999999901e-01
6.645722214581273324e-02,2.075888734132708136e-02,2.883005974969992113e-01,6.200265770679515287e-02,3.641902772409866818e-01,1.982903580680790423e-01
8.648412950325114201e-02,8.982055071707345517e-02,2.054723912767608129e-01,1.148802557428080240e-01,3.645256099549579187e-01,1.388170628051484945e-01
3.906035919635440085e-02,1.453860451964948328e-02,2.684442793960853391e-01,1.697853415192033810e-01,4.064435560796663682e-01,1.017278592890408923e-01
5.091699235596993528e-02,1.984925428130802222e-02,2.413195591484423586e-01,2.975294998624372078e-01,1.900060823979032310e-01,2.003786119539392174e-01
1.529999999999999971e-01,2.189999999999999933e-02,3.332999999999999852e-01,0.000000000000000000e+00,1.529999999999999971e-01,3.387999999999999901e-01
6.775509151517079831e-02,8.537659948984917258e-02,1.132912935154913592e-01,2.036589153896046778e-01,1.650279381148268276e-01,3.648901619750571923e-01
1.529999999999999971e-01,2.189999999999999933e-02,3.332999999999999852e-01,0.000000000000000000e+00,1.529999999999999971e-01,3.387999999999999901e-01
5.971608336354430197e-03,6.683969592383130764e-02,1.046080599884563200e-01,2.794505096783285736e-01,1.133659545920114170e-01,4.297641714810179758e-01
6.316582834974407423e-02,3.613268820770610540e-02,1.807231055881731718e-01,3.766749333391448129e-01,1.980726882121869314e-01,1.452307563030450777e-01
3.790139644837851873e-02,4.702038661504963357e-02,2.006405664178017023e-01,1.887132955959058278e-01,3.960229373016906917e-01,1.297014176211735148e-01
1.602112597133008298e-01,5.164790723026456420e-02,2.620966488312399534e-01,1.891249856473381785e-01,1.580158156973102968e-01,1.789033828805460802e-01
4.889641101623606184e-02,2.349067807579210618e-02,1.100918265588562289e-01,4.108896471436968012e-01,1.006835750368504506e-01,3.059478621685683408e-01
5.333006703247795965e-02,1.087865739921408878e-02,2.644177513643863331e-01,1.903465194597748003e-02,5.172958762648628417e-01,1.350429959930813939e-01
2.413901992851945899e-01,4.008467243881236319e-02,5.375725047824768399e-02,1.491079290803414559e-01,1.359838036005099615e-01,3.796761451168940704e-01
9.895580139139452391e-02,4.731516330327202591e-02,2.581533459105878059e-01,1.282550027497991185e-01,3.556336379842721662e-01,1.116870486606744289e-01
1.018976156850111003e-01,4.313434950986073935e-02,1.526640793528711015e-01,1.382329813969812304e-01,3.542105772280371156e-01,2.098603968272386988e-01
1.529999999999999971e-01,2.189999999999999933e-02,3.332999999999999852e-01,0.000000000000000000e+00,1.529999999999999971e-01,3.387999999999999901e-01
1.231336813656131596e-01,1.205171068177711552e-01,1.955961381063639482e-01,1.571882906201323149e-01,2.221399716373352318e-01,1.814248114527840794e-01
1.529999999999999971e-01,2.189999999999999933e-02,3.332999999999999852e-01,0.000000000000000000e+00,1.529999999999999971e-01,3.387999999999999901e-01
1.521828000497489966e-02,7.942254680661248178e-02,9.869776951629805062e-02,1.375880925914261810e-01,2.162527022986877046e-01,4.528206087820006998e-01
1.049207627490148093e-01,4.806343059288568226e-02,2.456124007462300862e-01,1.211927416405276930e-01,2.979964272098693523e-01,1.822142370614724671e-01
1.529999999999999971e-01,2.189999999999999933e-02,3.332999999999999852e-01,0.000000000000000000e+00,1.529999999999999971e-01,3.387999999999999901e-01
9.484918219434756992e-02,9.614159765326060758e-02,2.140682652943766973e-01,1.230160478920189343e-01,2.644428028019936705e-01,2.074821041640026176e-01
8.169885749925126506e-02,6.365603858335820708e-02,1.522632639779734620e-01,2.854166417314862314e-01,1.877358141473711994e-01,2.292293840605596766e-01
1.279111582111639167e-01,1.014520742848555312e-01,1.285126993898474401e-01,1.094596639670254723e-01,2.308053007910465804e-01,3.018591033560609760e-01
5.993634991957810798e-02,7.527954400772141064e-02,1.847601938548903699e-01,2.501181879819828202e-01,2.815129095612552423e-01,1.483928146745721321e-01
9.393465815766703642e-02,4.711953381705251409e-02,2.120728541881966300e-01,1.622905872220697376e-01,2.677557396672470280e-01,2.168266269477671648e-01
1.056777505241290743e-01,6.718985711861644172e-02,1.467527148098531353e-01,3.867118999526042988e-01,1.012827574533482627e-01,1.923850201414487315e-01
1.486070407016605033e-01,2.976475525397045616e-02,2.906973988752933891e-01,1.782375968089558727e-01,1.993630943435357461e-01,1.533301140165841403e-01
9.448133404926385703e-02,5.649535947077003600e-02,3.299581564830572078e-01,1.718709669453163391e-01,2.063856037702122004e-01,1.408085792813802140e-01
7.725624742916008258e-02,2.935268642073613279e-02,1.562079297594071714e-01,2.832725439962646696e-01,3.438649153992373586e-01,1.100456769951947411e-01
1.123786685664900503e-01,9.809846938850157183e-02,1.812928232619988311e-01,1.546149392958218738e-01,2.447921163724719740e-01,2.088229831147156712e-01
1.529999999999999971e-01,2.189999999999999933e-02,3.332999999999999852e-01,0.000000000000000000e+00,1.529999999999999971e-01,3.387999999999999901e-01
6.316582834974406035e-02,3.613268820770609846e-02,1.807231055881731441e-01,3.766749333391447019e-01,1.980726882121869037e-01,1.452307563030450499e-01
1.592108458252483594e-01,3.129142014166901714e-02,2.986856086481755046e-01,1.762501158422260517e-01,1.463872209806475755e-01,1.881747885620335681e-01
2.277315634886839177e-02,8.047128386998459934e-03,1.137897129980363908e-01,3.958608657295512590e-01,1.930818642070287194e-01,2.664472723295168710e-01
2.013181105873937393e-02,1.748566065932863345e-02,1.015749467662998839e-01,5.210779483769026887e-01,6.122852787129874630e-02,2.785011052674307153e-01
1.883292845514931285e-02,0.000000000000000000e+00,2.356492164702242778e-02,6.291420664627093151e-01,1.200461305585726196e-01,2.084139528765463489e-01
7.051400838966374873e-02,3.462571763873773661e-02,1.830624396075871962e-01,4.073325157076505554e-01,1.672832875151539223e-01,1.371820311412067783e-01
5.320977298529457750e-02,9.517663645580445864e-02,4.853553772579919517e-02,4.280331809131350806e-01,5.899891494444645113e-02,3.160459569755200704e-01
0.000000000000000000e+00,0.000000000000000000e+00,4.934871189629010807e-02,5.755233284494609691e-01,9.190436469724196089e-02,2.832235949570068301e-01
4.209914781264519762e-02,4.748546301831953198e-02,3.329905774465842516e-02,4.599074211339593821e-01,1.283228956211587002e-01,2.888860146692587838e-01
7.872879396004205110e-02,1.896610737271147915e-02,2.304885532438396278e-01,3.208347445711277612e-01,1.109596005213287079e-01,2.400222003309503693e-01
1.086223729731941590e-01,1.000492461760191104e-01,1.041029870270011037e-01,2.331752786853396320e-01,2.103208579660892641e-01,2.437292571723566059e-01
0.000000000000000000e+00,5.242532527193701289e-03,1.468937055168587635e-01,6.044945329382150900e-01,3.163508598517375536e-02,2.117341430325587193e-01
1.589506210005883213e-01,3.020897796021741744e-02,3.387109278828351333e-01,1.712561978034945476e-01,1.301847474961715101e-01,1.706885278566930009e-01
6.089885343143165708e-02,3.177651499216142122e-02,1.053022833382874224e-01,3.293852740442104743e-01,2.468153238818585060e-01,2.258217503120505121e-01
1.016780728266732381e-01,1.289416249114049562e-01,5.308864233824442391e-02,3.704243855273330888e-01,1.550839967502862793e-01,1.907832776460578195e-01
1.110317223934179365e-01,7.517872674401816779e-02,3.132873107077496777e-02,3.805853430113336766e-01,1.442339826214424914e-01,2.576414941590127183e-01
9.094459928223738721e-02,3.734792260985653894e-02,1.382367352831081475e-01,2.873964496748601105e-01,1.739661547105054440e-01,2.721081384394322678e-01
1.144353506393566838e-01,3.951155268058517689e-02,1.883529272998620829e-01,2.719952429792640847e-01,2.189573043050817291e-01,1.667476220958502842e-01
3.204977398858526588e-02,7.280474320635330239e-03,1.236082149318403628e-01,3.968986149901777560e-01,1.331904434512171664e-01,3.069724783175440952e-01
5.372814152406551330e-02,3.258172386759339290e-02,2.573465472712754276e-01,1.601897349712565477e-01,3.834605067009960733e-01,1.126933456648130383e-01
4.059762641443202813e-02,4.815996136703010189e-02,1.340983796706553266e-02,4.875056719970363717e-01,6.570046091127616783e-02,3.446264413431597839e-01
0.000000000000000000e+00,3.459385494178432441e-02,8.684116132428328083e-02,4.080854711503801302e-01,2.746693807700147372e-01,1.958101318135375690e-01
1.529999999999999971e-01,2.189999999999999933e-02,3.332999999999999852e-01,0.000000000000000000e+00,1.529999999999999971e-01,3.387999999999999901e-01
1.106723126422773928e-01,6.111331051730052588e-02,2.299080597865519049e-01,1.240340712135975659e-01,2.820239041459312035e-01,1.922483416943412682e-01
4.010581176857740821e-02,5.846963305553479900e-02,3.669954654005043448e-02,5.024898488428025667e-01,1.031447755684864465e-01,2.590903842245482758e-01
1.320418361646503724e-01,7.509466217998142512e-02,2.634833326210513915e-01,1.508412201402850594e-01,2.838210760266699495e-01,9.471787286736184364e-02
1.529999999999999971e-01,2.189999999999999933e-02,3.332999999999999852e-01,0.000000000000000000e+00,1.529999999999999971e-01,3.387999999999999901e-01
8.285015318863472866e-02,8.267390502503740857e-02,8.468400083469118655e-02,3.974878353373151318e-01,1.517369601896093045e-01,2.005671454247121566e-01
5.134113619523839739e-02,1.044371467281829668e-01,1.048050808915150511e-01,1.747301929980557278e-01,3.194014470893501989e-01,2.452849960976575261e-01
1.529999999999999971e-01,2.189999999999999933e-02,3.332999999999999852e-01,0.000000000000000000e+00,1.529999999999999971e-01,3.387999999999999901e-01
3.850949375203260860e-02,2.487826486614011512e-02,3.920145090277536715e-02,4.964123337417264969e-01,1.185874908068847572e-01,2.824109659304406827e-01
1.529999999999999971e-01,2.189999999999999933e-02,3.332999999999999852e-01,0.000000000000000000e+00,1.529999999999999971e-01,3.387999999999999901e-01
1.529999999999999971e-01,2.189999999999999933e-02,3.332999999999999852e-01,0.000000000000000000e+00,1.529999999999999971e-01,3.387999999999999901e-01
2.295553972985483332e-02,1.143087523674308700e-02,9.419081370725786162e-02,4.442450554996690282e-01,2.012888367100935105e-01,2.258888791163818077e-01
4.429925295717480893e-02,9.538194101824293281e-02,7.555723732753975852e-02,3.365276519865285643e-01,1.287664782417830556e-01,3.194674384687307689e-01
2.639129136285567334e-02,1.505675759188539013e-02,9.135178554428714792e-02,5.067791474879101976e-01,2.028001400458519787e-01,1.576208779672095828e-01
4.010581176857740821e-02,5.846963305553479900e-02,3.669954654005043448e-02,5.024898488428025667e-01,1.031447755684864465e-01,2.590903842245482758e-01
5.137529601157873882e-02,2.464904417861418437e-02,7.935788809591660942e-02,4.042882637446765792e-01,2.291347125717577426e-01,2.111947953974561698e-01
5.656212096351108387e-02,5.214272302040302148e-02,4.132538258832737371e-02,3.850113747588305158e-01,1.101141382311401212e-01,3.548442604377879395e-01
8.442692558060778396e-02,6.387405194672135522e-02,2.961490742586485592e-01,1.378598880975328289e-01,3.024182312100565095e-01,1.152718289064328938e-01
1.529999999999999971e-01,2.189999999999999933e-02,3.332999999999999852e-01,0.000000000000000000e+00,1.529999999999999971e-01,3.387999999999999901e-01
1.529999999999999971e-01,2.189999999999999933e-02,3.332999999999999852e-01,0.000000000000000000e+00,1.529999999999999971e-01,3.387999999999999901e-01
3.908003777058520478e-02,2.355481950048559162e-02,1.254018178422372787e-01,4.536425279829728319e-01,1.003739634579706996e-01,2.579468334457483691e-01
4.838969185439734137e-03,7.084588531524141364e-02,1.007175695507806779e-01,2.982978584889491858e-01,2.798074749996279365e-01,2.454922424599610131e-01
1.270618003166116561e-01,8.284575814953652750e-02,1.957643145525856665e-01,2.281523807191923603e-01,2.491650006374213633e-01,1.170107456246523153e-01
5.954042835212490503e-02,4.233776759187517225e-02,2.561150570149492434e-01,2.770379192093800902e-01,2.119556560603460260e-01,1.530131717713245076e-01
1.529999999999999971e-01,2.189999999999999933e-02,3.332999999999999852e-01,0.000000000000000000e+00,1.529999999999999971e-01,3.387999999999999901e-01
1.647021990869387831e-01,1.043616255992379366e-01,2.916165104562905563e-01,3.754293894147775479e-02,3.325273276941414502e-01,6.924939822191350514e-02
8.808874714340132750e-02,5.267289550125694997e-02,2.625244782346887185e-01,2.594720571144059074e-01,2.285113280564197435e-01,1.087304939498273115e-01
3.007912546934889825e-02,3.866027197524769810e-02,1.871954586142652588e-01,3.758869521703157024e-01,1.618635419167513967e-01,2.063146498540711637e-01
3.846882561869893746e-02,9.557127863238565335e-02,1.376750667475769296e-01,2.676846870735755668e-01,1.731910716919895510e-01,2.874090702357733895e-01
1.529999999999999971e-01,2.189999999999999933e-02,3.332999999999999852e-01,0.000000000000000000e+00,1.529999999999999971e-01,3.387999999999999901e-01
8.249382031443892871e-02,1.952648710528296847e-02,4.729911045539492848e-02,4.412006854431741454e-01,1.572404618418397904e-01,2.522394348398693253e-01
8.913506070351066846e-02,5.286486620094520833e-02,1.235331909198217892e-01,2.984320983287411244e-01,1.237622840143854930e-01,3.122724998325956958e-01
3.160417260763129232e-02,2.383929973850184431e-02,1.530427308398402131e-01,4.370934177151877265e-01,1.392610315223641315e-01,2.151593475764747854e-01
6.629993378071875887e-02,3.792548753142375995e-02,1.910714942965918706e-01,3.906484658792601650e-01,2.041186727058658945e-01,1.099359458061396622e-01
9.935896170151586881e-02,5.516998293032909784e-02,2.425022004298063583e-01,1.515923072443888520e-01,2.350733305193943301e-01,2.163032171745656596e-01
1.529999999999999971e-01,2.189999999999999933e-02,3.332999999999999852e-01,0.000000000000000000e+00,1.529999999999999971e-01,3.387999999999999901e-01
1.236747259978548084e-02,1.074655513830688816e-02,2.477862102096745067e-01,2.841546471082535552e-01,2.803451255019293598e-01,1.645999894420503429e-01
6.070553091069412488e-02,1.524157555212050236e-02,1.382524013975412747e-01,2.777116831914835937e-01,3.877829239007078987e-01,1.203058850474526542e-01
1.529999999999999971e-01,2.189999999999999933e-02,3.332999999999999852e-01,0.000000000000000000e+00,1.529999999999999971e-01,3.387999999999999901e-01
1.885429759102599800e-01,1.095979607097335023e-01,2.574102260070167958e-01,8.882523350374414706e-02,1.892599716538591603e-01,1.663636322153864422e-01
1.193739379790039884e-01,4.048505658422957287e-02,2.459522498106504751e-01,2.877251914899068841e-01,1.110668674277555112e-01,1.953966967084535822e-01
1.531451234021402596e-01,8.572703784750722311e-02,1.012979384881417255e-01,2.998133125481284855e-01,1.815831852451357531e-01,1.784334024689465947e-01
4.570319229191301819e-02,3.702539252757964389e-02,2.138236149195297253e-01,2.151927831011686831e-01,3.033983939730342527e-01,1.848566231867746212e-01
1.529999999999999971e-01,2.189999999999999933e-02,3.332999999999999852e-01,0.000000000000000000e+00,1.529999999999999971e-01,3.387999999999999901e-01
8.864906947531953074e-02,1.431045029547511893e-01,5.367847791754225967e-02,1.199441412933767437e-01,8.051771981518107690e-02,5.141060885438292205e-01
0.000000000000000000e+00,0.000000000000000000e+00,5.799028889419503147e-02,5.344665955937992763e-01,9.352569148725439763e-02,3.140174240247512460e-01
2.294053502476244011e-02,9.649657286670196288e-02,2.882856570806529434e-02,3.254435104852606009e-01,1.834763125346917587e-02,5.079431846617405988e-01
1.687337977074521989e-01,8.495961410839722450e-02,2.510347163088471056e-01,1.317505375323922701e-01,3.021244179952413678e-01,6.139691634766980544e-02
5.440952511899533467e-02,1.723291009106969751e-02,1.249524748351923537e-01,3.557823359195466106e-01,8.833733365940356352e-02,3.592854203757923637e-01
1.529999999999999971e-01,2.189999999999999933e-02,3.332999999999999852e-01,0.000000000000000000e+00,1.529999999999999971e-01,3.387999999999999901e-01
7.612661794312655661e-02,1.801935487978707784e-02,4.364837629004018199e-02,4.936345626891409100e-01,1.451040152851226506e-01,2.234670729127825883e-01
6.207256838762359452e-02,6.916205585943002720e-02,2.590883536490495298e-01,2.918535304009833298e-01,1.639210433689890778e-01,1.539024483339243299e-01
1.529999999999999971e-01,2.189999999999999933e-02,3.332999999999999852e-01,0.000000000000000000e+00,1.529999999999999971e-01,3.387999999999999901e-01
1.529999999999999971e-01,2.189999999999999933e-02,3.332999999999999852e-01,0.000000000000000000e+00,1.529999999999999971e-01,3.387999999999999901e-01
1.491614018918541174e-01,8.471155122327761466e-02,8.905528533137091474e-02,3.670431738180153225e-01,1.296655611379541051e-01,1.803630265975278979e-01
8.912338171061806591e-02,4.066784867363926192e-02,2.137757926952437715e-01,3.088968951424088116e-01,2.051083184630105027e-01,1.424277633150796141e-01
7.478734777707166104e-02,6.589252551592815477e-02,9.259013652705007369e-02,3.337303998466633059e-01,1.790064186586359241e-01,2.539931716746508528e-01
2.503441525841667778e-02,1.401285538631856335e-02,2.237934878580738196e-01,3.489730924329189077e-01,2.166165298484693247e-01,1.715696192158026601e-01
8.335010997190141213e-02,2.585428973793487198e-02,1.276889687946646257e-01,3.604385615381284769e-01,1.203928928181583757e-01,2.822751771392122966e-01
1.529999999999999971e-01,2.189999999999999933e-02,3.332999999999999852e-01,0.000000000000000000e+00,1.529999999999999971e-01,3.387999999999999901e-01
6.901856089115768200e-02,7.521772091957859563e-02,1.097498013896006652e-01,3.700159385386695421e-01,1.688047257515242483e-01,2.071932525094692112e-01
6.054711744257429418e-02,4.893765870662384471e-02,8.509626025217713330e-02,5.201661239570964934e-01,5.889867834645474975e-02,2.263541612950736026e-01
6.557555895896838294e-02,4.645630350295471694e-02,2.451338159738687683e-01,2.122945170791968039e-01,2.845827639029727130e-01,1.459570405820387051e-01
1.110317223934179365e-01,7.517872674401816779e-02,3.132873107077496777e-02,3.805853430113336766e-01,1.442339826214424914e-01,2.576414941590127183e-01
3.597355264869040586e-02,4.845294458816918476e-03,8.358618480764772041e-02,4.364881317383926818e-01,1.272524589367723391e-01,3.118543774096798615e-01
1.233426210460848577e-01,5.319583919210801176e-02,1.965102082945223982e-01,1.206032457035094152e-01,3.622153685609385554e-01,1.441327172028368242e-01
1.529999999999999971e-01,2.189999999999999933e-02,3.332999999999999852e-01,0.000000000000000000e+00,1.529999999999999971e-01,3.387999999999999901e-01
1.518557141408423405e-01,2.834443922967184656e-02,3.259462793917334844e-01,1.830661945043120242e-01,1.316423126274046118e-01,1.791450601060357029e-01
1.449714276849849992e-01,2.985880337477904087e-02,2.820901133451978460e-01,1.975961113979581019e-01,1.483238866248460242e-01,1.971596575722341371e-01
1.229118125219398477e-01,3.252398364489030719e-02,2.785443788198912474e-01,1.383714519800560150e-01,2.667717508369282786e-01,1.608766221962942833e-01
1.529999999999999971e-01,2.189999999999999933e-02,3.332999999999999852e-01,0.000000000000000000e+00,1.529999999999999971e-01,3.387999999999999901e-01
8.790353804465170229e-02,4.409420138178740678e-02,1.984566141187202037e-01,1.324652051825478682e-01,3.352472898363239584e-01,2.018331514359689993e-01
9.166504457246646420e-02,2.053192259020399785e-02,4.043715357661648024e-02,4.216030396396208690e-01,1.127420814659908510e-01,3.130207581551013307e-01
1.579487692942865007e-01,3.351975155173243792e-02,2.812107690595743170e-01,1.979467555426613345e-01,1.494440950962842019e-01,1.799298594554612218e-01
3.301022259236555817e-02,7.555282281243778930e-02,9.783778167319445718e-02,1.568742625335199647e-01,3.363797623400056058e-01,3.003451480484765623e-01
1.529999999999999971e-01,2.189999999999999933e-02,3.332999999999999852e-01,0.000000000000000000e+00,1.529999999999999971e-01,3.387999999999999901e-01
7.189694690835994606e-02,3.655280336960938653e-02,2.184744209416032146e-01,2.768447612230638399e-01,2.636044619740690043e-01,1.326266055832945323e-01
1.010428011128289699e-01,7.916442387907590694e-02,2.169770379937354665e-01,2.289348483648366572e-01,2.468588622799017529e-01,1.270220263696212049e-01
1.486070407016604478e-01,2.976475525397045963e-02,2.906973988752933336e-01,1.782375968089559004e-01,1.993630943435357739e-01,1.533301140165841125e-01
3.838216803977485131e-02,6.070298137607823413e-02,6.737516959111167214e-02,3.805627499355269672e-01,2.117609277338107499e-01,2.412160033236975254e-01
1.529999999999999971e-01,2.189999999999999933e-02,3.332999999999999852e-01,0.000000000000000000e+00,1.529999999999999971e-01,3.387999999999999901e-01
7.170492854673755911e-02,4.376784168454945362e-02,1.766341582026232648e-01,3.174692816318930300e-01,2.427045085780855094e-01,1.477192813561112872e-01
8.342010522744164325e-02,1.517197825877900086e-01,4.746863157965020702e-02,1.954583464721612318e-01,3.166815572112799404e-01,2.052515769216769204e-01
3.969489107873414718e-02,7.105746398728600942e-03,7.051934436690451835e-02,4.227890319699522115e-01,5.174789273406246726e-02,4.081430934516180331e-01
6.743043315430473361e-02,3.731444503465151247e-02,1.884733974671679024e-01,3.109845343150864361e-01,1.441753117932282890e-01,2.516218782355612027e-01
8.468412617373657914e-02,9.860304649142614952e-02,8.423655372249276574e-02,2.380938071662783428e-01,1.381623641157043170e-01,3.562201023303617764e-01
1.063120059931548234e-01,7.138825121075073610e-02,2.117658014608002071e-01,3.137178284400434225e-01,1.553978490964835202e-01,1.414182637987671520e-01
1.529999999999999971e-01,2.189999999999999933e-02,3.332999999999999852e-01,0.000000000000000000e+00,1.529999999999999971e-01,3.387999999999999901e-01
1.529999999999999971e-01,2.189999999999999933e-02,3.332999999999999852e-01,0.000000000000000000e+00,1.529999999999999971e-01,3.387999999999999901e-01
