1.272101270496802661e-01,3.435319613301258262e-02,3.134745631396579357e-01,2.134601668866399349e-01,1.489012142305312647e-01,1.626007325604779674e-01
1.193775142963665742e-01,8.321838630679279439e-03,1.632976046452729313e-01,4.512336560545832653e-01,1.048012530584604696e-01,1.529681333146374334e-01
1.493341333612861199e-01,4.847157310315661216e-02,2.734878688532490498e-01,1.799135150505258851e-01,1.788628759318096895e-01,1.699300336999726713e-01
1.712533031591146615e-01,4.898744217331088557e-02,2.266066470041083192e-01,2.061856235008212856e-01,2.079281298331605299e-01,1.390388543294844292e-01
1.120074018771909652e-01,1.194691846508218018e-02,1.513549923461184332e-01,4.167971008528172372e-01,1.692672332618436748e-01,1.386263531969474938e-01
6.486551629971420985e-02,6.445140471010264716e-02,1.085805716278431671e-01,5.006391164935645177e-01,7.859273855968654243e-02,1.828706523090888048e-01
1.019029029125280150e-01,4.972740122501177057e-02,2.600010577024779446e-01,2.704857739016721108e-01,1.284050808180847714e-01,1.894777834402253669e-01
1.276270838288395548e-01,2.592218210123462332e-02,2.343158771000454221e-01,3.439655452009772740e-01,1.165525200544876711e-01,1.516167917144154442e-01
1.596309498717678466e-01,5.327134292215453953e-02,2.324132721429307546e-01,2.231316337252862436e-01,1.399999692304378651e-01,1.915528321074226326e-01
7.549077489355646153e-02,1.713096689577187429e-02,2.218741947022465633e-01,3.468429443416654601e-01,5.096789578341289623e-02,2.876932233833467412e-01
6.272408320230753176e-02,3.491305089989043403e-02,1.880463644914578125e-01,4.447921361940117557e-01,5.697259296313608029e-02,2.125517722491964134e-01
2.649999999999999925e-02,4.420000000000000318e-02,2.477999999999999925e-01,2.649999999999999925e-02,5.574999999999999956e-01,9.729999999999999760e-02
2.243504272513304268e-02,5.388033484446196758e-02,1.669851244652111877e-01,3.865992649190135300e-01,2.022278519171236688e-01,1.678723811290565582e-01
5.939473892360365437e-02,3.608515350455937520e-02,1.753542412908620507e-01,2.713143651340693130e-01,2.306127752855964830e-01,2.272387258613091654e-01
1.640898729113753340e-01,3.666268259652132738e-02,3.006474917226122923e-01,1.563233458478117399e-01,2.167940605225236739e-01,1.254825463991556256e-01
7.106934840015767529e-02,0.000000000000000000e+00,9.368586415439232595e-02,5.795258322470817625e-01,1.235536185843805340e-01,1.321653366139878272e-01
1.242594772082167009e-01,2.340661912815288591e-03,1.803067915459247994e-01,4.304730005197807685e-01,1.016418699361208156e-01,1.609781988771416261e-01
1.410781052962406697e-02,0.000000000000000000e+00,1.264118524829253298e-01,6.128566400735585562e-01,1.619833272510743938e-01,8.464036966281776597e-02
1.621272373571255865e-01,4.889177090088048933e-02,2.697453846574529579e-01,2.057829480378446652e-01,1.718087142667406308e-01,1.416439447799557882e-01
1.311770951059967605e-01,2.582006233090174130e-02,3.172862084317955578e-01,1.579889722250761852e-01,2.448850988047536203e-01,1.228425631014760655e-01
1.432821180508747350e-01,1.117865085975104089e-01,2.625440513031930823e-01,1.929279183666666453e-01,1.805322774909789429e-01,1.089271261907761579e-01
3.412482095662733306e-02,8.386560750685157634e-03,2.377008011368549611e-01,5.600038722241228450e-01,6.343041462873642844e-02,9.635353030297334753e-02
7.627668214160171489e-02,0.000000000000000000e+00,1.469578419132352987e-01,6.034436781051891741e-01,6.699778179129443900e-02,1.063240160486793595e-01
6.225226972448151541e-02,4.433841622322694936e-02,2.019085079819149531e-01,2.841473836046498058e-01,2.121222681487048567e-01,1.952311543170220376e-01
1.232841948687281863e-01,1.066908548183250274e-02,2.151918008196165022e-01,3.637303356106042496e-01,1.089899017816985671e-01,1.781346814375199261e-01
6.193645162442409924e-02,4.455410183454564660e-02,2.000190478458076793e-01,2.842688603435755135e-01,2.132132525387206712e-01,1.960082858129263139e-01
9.280246212054367450e-02,4.901182236684983179e-02,2.270414435781688833e-01,2.809215069664787734e-01,1.610013658839598849e-01,1.892213990839989035e-01
6.260178368236714308e-02,3.995270928594291809e-02,1.052363250629101826e-01,4.371059204515982399e-01,7.587636188611440735e-02,2.792268996310670048e-01
8.012090725291771964e-02,3.432897350484733628e-02,2.399098887908538702e-01,1.904906509143043103e-01,3.740794225367279346e-01,8.107015700034871097e-02
1.542106713196804146e-01,2.754461689166437521e-02,3.337659819797756944e-01,1.151967837062887190e-01,2.477668595218416592e-01,1.215150865807491792e-01
6.578126247022771100e-02,4.191150381210353992e-02,1.230642600749824317e-01,5.121747884808991458e-01,1.039224905935419857e-01,1.531456945682452830e-01
1.027032513044620482e-01,4.962925815811155411e-02,2.619938866401595456e-01,2.031169777077288796e-01,2.891069957373643695e-01,9.344963045217372088e-02
6.452764895379148324e-02,2.473084200286378501e-02,1.833834745377156406e-01,2.920594674623914200e-01,3.001056037367975660e-01,1.351929633064402059e-01
1.002199006436599177e-01,6.591602524638559557e-02,1.250819028332911531e-01,4.741978730784735530e-01,1.078336088601938303e-01,1.267506893379959365e-01
1.157431067285672049e-01,6.723298027968556412e-02,2.592493861127195820e-01,2.073400748562874985e-01,1.463102739857970180e-01,2.041241780369431602e-01
1.242594772082167009e-01,2.340661912815288591e-03,1.803067915459247994e-01,4.304730005197807685e-01,1.016418699361208156e-01,1.609781988771416261e-01
8.813131695606180038e-02,5.933657214525638740e-02,1.442355857023904786e-01,3.655871458229965065e-01,2.102488087119819549e-01,1.324605706613128930e-01
1.456488454714127967e-01,4.785952413449207077e-02,1.983502680409027497e-01,3.149625877872808122e-01,1.353515342588300918e-01,1.578272403070815344e-01
6.193645162442409924e-02,4.455410183454564660e-02,2.000190478458076793e-01,2.842688603435755135e-01,2.132132525387206712e-01,1.960082858129263139e-01
1.583563406186358768e-01,4.832543450322508011e-02,2.696886279819942223e-01,1.713877210692678621e-01,1.522791739810239187e-01,1.999627018458532413e-01
1.271506831940602822e-01,3.431092769021380773e-02,2.070558506875844473e-01,3.494204680159810339e-01,1.228554145751318410e-01,1.592066558370285878e-01
1.256894976834829203e-01,2.107365902380664915e-02,2.473459750896667142e-01,2.566157020711455905e-01,1.253894907321023433e-01,2.238856753997958415e-01
1.292509680784124371e-01,1.842925912193710616e-02,1.480494585376285199e-01,4.480914586022439750e-01,1.013801559694707116e-01,1.547986996903071844e-01
1.464587151019159650e-01,4.750012381683760970e-02,2.050302464135338176e-01,2.876755661086085047e-01,1.625311842904991755e-01,1.508041642686049066e-01
1.904895646493854067e-01,8.648500284049201459e-02,2.320224515892924944e-01,2.028770886127122253e-01,1.726976588813780578e-01,1.154282334267397458e-01
4.219195722596112696e-02,1.301723721124398679e-02,3.435798257292824731e-01,2.220060118562578733e-01,2.072216568336220643e-01,1.719833111436324113e-01
9.649158108729401218e-02,2.337807729033815861e-03,1.255879580340951707e-01,5.119140389195597773e-01,9.256962508490862440e-02,1.710989891451087097e-01
1.496651136594664144e-01,2.043068473041873782e-03,1.691426022878593505e-01,2.729717548289529727e-01,2.681586039067478944e-01,1.380188568439315033e-01
6.570794420136548408e-02,4.191131492513471002e-02,1.236118200012208124e-01,5.114528502577330160e-01,1.034581282963390053e-01,1.538579423182070416e-01
1.098648628034570168e-01,1.236116360702584592e-02,2.724439103514788019e-01,3.043247970738636177e-01,1.028410506565332061e-01,1.981642155076416001e-01
1.253709861177083884e-01,1.159476708679021452e-02,2.526777072611491870e-01,2.319989142740815080e-01,2.020807365793204913e-01,1.762768886809501223e-01
1.680445635444580699e-01,5.036836800862519448e-02,2.461854574716594579e-01,2.057829480378446374e-01,1.880075314265177988e-01,1.416111315108947721e-01
1.177124582220971521e-01,7.176632414260322723e-04,2.980224063875950291e-01,2.767680055530664096e-01,2.020594582034693221e-01,1.047200083923461034e-01
1.200947532571432219e-01,1.552084602908225010e-02,2.613152327111244455e-01,2.838050682992228624e-01,1.724449902965414783e-01,1.468191094068858338e-01
1.138907437694829800e-01,0.000000000000000000e+00,1.979528569999967902e-01,4.531768996934339988e-01,1.002259190798932137e-01,1.347535804571931561e-01
1.610082537073187214e-01,4.898797904037809070e-02,2.871591492859345007e-01,1.724661803486420841e-01,2.112291516832768556e-01,1.191492859344498029e-01
6.193645162442409924e-02,4.455410183454564660e-02,2.000190478458076793e-01,2.842688603435755135e-01,2.132132525387206712e-01,1.960082858129263139e-01
1.730759314671437565e-01,5.628569419595771256e-02,2.673718915287077169e-01,2.635233638288397295e-01,1.259685773885325377e-01,1.137745415908185120e-01
4.036133752275388592e-02,3.642650929286136291e-02,2.076282043849783654e-01,3.961396653874247886e-01,8.965843082238635076e-02,2.297858525895952464e-01
1.480472147395200666e-01,0.000000000000000000e+00,2.339376512175692924e-01,2.041352897948641165e-01,2.139446456551628017e-01,1.999351985928837228e-01
1.167463334558976190e-01,3.779698122612496630e-02,1.886972133803282436e-01,3.884559822399726858e-01,8.873705959547630029e-02,1.795664301022001641e-01
1.181700677023009433e-01,1.056281269030077963e-02,1.862156563063439574e-01,4.136735961026400954e-01,1.714886147894303103e-01,9.988925240898398339e-02
6.179152121538280390e-02,2.971614137535839167e-02,1.902548845973175695e-01,3.830519045620277563e-01,1.417148360967432352e-01,1.934707121531702434e-01
8.548936615542042372e-02,5.557041360946057135e-02,2.083547483110268772e-01,3.474261328620100175e-01,8.524517726950313345e-02,2.179141617925789975e-01
5.014786993647213365e-02,8.093117361829788720e-03,1.639693484807962787e-01,4.405857432450764888e-01,8.417927340240390077e-02,2.530246475734213574e-01
0.000000000000000000e+00,0.000000000000000000e+00,4.328000000000000180e-01,5.672000000000000375e-01,0.000000000000000000e+00,0.000000000000000000e+00
1.266770539979935051e-01,6.393155114255268112e-02,1.942506228635270116e-01,4.011681984216847185e-01,9.899578377576268018e-02,1.149767897984793064e-01
1.356331160803473657e-01,1.249451922474640111e-02,2.660651275440962249e-01,2.491980760418417984e-01,2.075211071660518491e-01,1.290880539429164198e-01
7.535806554394100520e-02,2.571910617012863540e-02,1.798281746046979379e-01,2.986487368376603002e-01,1.823118884286575592e-01,2.381340284149145725e-01
1.493323341136724713e-01,4.847098909493108287e-02,1.920453600745077316e-01,2.685350628508363369e-01,1.126447472893957885e-01,2.289715065766565749e-01
1.969272051438081539e-01,7.573714964405375838e-02,1.921845788397105737e-01,2.110269287447671671e-01,1.722556947733454580e-01,1.518684428543149723e-01
5.558498296075113643e-02,5.006148504749270700e-02,1.961583954824505927e-01,4.035559763934918331e-01,6.446633010048546941e-02,2.301728300153283169e-01
1.510446133677085800e-01,4.898744217331088557e-02,2.920876239583661826e-01,2.201695107968268117e-01,1.527925992797092569e-01,1.349182104240783664e-01
6.570794420136548408e-02,4.191131492513471002e-02,1.236118200012208124e-01,5.114528502577330160e-01,1.034581282963390053e-01,1.538579423182070416e-01
5.807057085932752771e-02,2.960837557789794752e-02,1.895418740432471549e-01,4.380245313353385295e-01,5.841673269383140105e-02,2.263379154903574775e-01
9.048005417111641691e-03,2.536700011204457306e-03,2.005512647234420076e-01,5.535862653919204623e-01,1.159668120720181300e-01,1.183109523843031280e-01
9.506144578313253934e-02,3.912771084337349214e-02,2.305542168674698800e-01,2.883819277108433110e-01,2.538180722891565932e-01,9.305662650602408714e-02
1.567621764439625642e-01,2.679501889493573694e-02,2.634856682701923192e-01,1.894309413783302753e-01,1.862545921536016280e-01,1.772716028589774728e-01
1.680445635444580699e-01,5.036836800862519448e-02,2.461854574716594579e-01,2.057829480378446374e-01,1.880075314265177988e-01,1.416111315108947721e-01
1.237741821177872348e-01,2.315222424396574767e-03,1.867156232948332384e-01,4.257944039008780268e-01,1.021719612433940327e-01,1.592286070187109159e-01
1.089685997735809903e-01,1.535050425685347865e-02,1.606702159199764057e-01,4.216276141170391956e-01,1.240883797342267475e-01,1.692946861983230800e-01
9.384663284806023242e-02,5.035583770960803257e-02,2.337788346742938339e-01,3.237184419032641536e-01,1.512671526965215507e-01,1.470331001682521899e-01
1.436374867645437703e-01,1.383289956927157179e-02,2.414140487064786733e-01,1.550807313418605948e-01,1.841417772104931017e-01,2.618930564073520539e-01
1.330802335527304092e-01,1.007018281683059492e-02,3.385982962603420465e-01,2.717505071218404566e-01,1.470315783149483413e-01,9.946920193330814619e-02
1.678148756243329209e-01,5.023755106938891657e-02,2.475458510837528492e-01,2.052484876915272594e-01,1.879098960520885486e-01,1.412433384789095192e-01
8.307221905720069133e-02,5.344913271676018929e-02,2.201299409689814190e-01,2.841473836046497503e-01,1.728051249106049569e-01,1.863961987418029098e-01
1.240501938284278433e-01,2.329691140142406414e-03,1.830705985478102149e-01,4.284553569614952262e-01,1.018704716726119702e-01,1.602236878495122419e-01
6.725190411322286288e-02,4.095439214383359006e-02,1.879136112451170737e-01,3.764933092454052499e-01,1.886329575109110257e-01,1.387538257415101006e-01
3.188953488372093387e-02,0.000000000000000000e+00,1.299534883720930289e-01,6.132895348837209548e-01,8.015697674418605090e-02,1.447104651162790800e-01
9.937990975776661573e-02,4.617044499591480000e-02,2.061871804369331540e-01,2.613069608134178101e-01,1.805409690950395551e-01,2.064145349009282038e-01
5.584676754689612416e-02,3.067066671062319144e-02,1.276057978659106140e-01,5.560940230112418892e-01,6.084682249255485981e-02,1.689359223727733283e-01
1.479050603959460863e-01,2.406073451574455499e-02,1.994555054481885192e-01,2.571788620733695407e-01,2.020304509863509734e-01,1.693693865804004051e-01
7.621574723251134387e-02,4.784638970457427871e-03,8.593746321235153085e-02,3.465986085360034386e-01,3.074666465969883578e-01,1.789968954516878430e-01
1.680445635444580699e-01,5.036836800862519448e-02,2.461854574716594579e-01,2.057829480378446374e-01,1.880075314265177988e-01,1.416111315108947721e-01
1.624129562555640671e-01,4.906157392163318365e-02,2.073366748374980417e-01,2.425858851937218730e-01,1.632105269576457907e-01,1.753923828339369884e-01
1.490050339538497859e-01,4.832595695800533803e-02,2.204560964897462894e-01,2.596844487989459216e-01,1.301773708571235533e-01,1.923510929423291604e-01
1.193355129131561942e-01,2.351875842342609352e-02,2.069366317149969881e-01,3.385350449701656772e-01,1.673589663444868536e-01,1.443150856337682975e-01
6.125862016787040482e-02,4.387420377346574335e-02,2.148341230356675124e-01,3.573437053859848112e-01,1.134381854521961247e-01,2.092511621848153480e-01
1.050892179423848216e-01,0.000000000000000000e+00,1.710936276340678519e-01,2.809816985746816376e-01,3.024024385835973883e-01,1.404330172652681896e-01
1.043120181859415879e-01,4.467912991769539856e-03,1.874398429980374259e-01,4.495788340211395173e-01,6.369365331352355719e-02,1.905077384895882686e-01
1.651367531686709356e-01,4.906211241479984525e-02,2.227819912900420862e-01,2.328090528926889391e-01,1.902348956866073415e-01,1.399751945471907344e-01
4.627317073170731515e-02,1.960243902439024258e-02,1.221524390243902136e-01,4.475512195121950643e-01,1.488500000000000101e-01,2.155707317073170814e-01
1.049121743213470431e-01,1.036644374070163320e-02,3.500140682905277245e-01,1.376083360644150544e-01,2.564933456303981063e-01,1.406056319526105547e-01
1.038842833728535892e-01,0.000000000000000000e+00,1.690748873291717247e-01,4.782107584327271455e-01,1.394372475605642758e-01,1.093928233046832926e-01
2.546567845013596523e-02,0.000000000000000000e+00,1.098589599110759013e-01,5.773323025522090202e-01,1.318284441743558799e-01,1.555146149122233479e-01
1.842980694860035518e-01,5.628569419595771256e-02,2.727860809237717121e-01,2.057829480378446652e-01,1.540129846793284185e-01,1.268342226770939885e-01
1.465733117297301491e-01,1.655608261178765153e-02,2.897741152664648490e-01,1.479680638137202686e-01,2.852312000997089259e-01,1.138972264785882288e-01
1.171194266648728360e-01,0.000000000000000000e+00,1.793093541725451212e-01,3.075801475425607445e-01,2.302463957349015489e-01,1.657446758851196800e-01
9.426914060660079864e-02,3.947868998576072042e-02,2.180922256401337800e-01,3.032641659148468949e-01,1.803186266517389780e-01,1.645771512009188420e-01
1.333900420737084980e-01,1.096302043924373207e-02,3.127081395516956852e-01,1.672755225477486063e-01,2.128782657728212901e-01,1.627850096147822057e-01
3.886213680880897664e-02,4.513190647521114068e-02,9.440960031305367650e-02,4.531886909355739568e-01,1.422894224811678543e-01,2.261182429861843257e-01
1.510446133677085800e-01,5.355741161095532721e-02,2.249408547870292985e-01,1.838837342787434936e-01,2.145365029048621752e-01,1.720368830507011670e-01
6.500153951014629727e-02,7.690313717956476225e-02,2.430807571758278052e-01,2.898226536944296106e-01,1.265253650744359859e-01,1.986665473655954972e-01
1.357905533342434468e-01,2.698514982480130012e-02,1.827560886954284203e-01,3.304773071292788633e-01,1.688145384486745837e-01,1.551763625675733616e-01
1.284269108020223704e-01,7.743070474028247718e-02,2.198856745140254920e-01,2.650019104453001928e-01,1.287537079285858144e-01,1.805010915697835561e-01
8.076691237796004841e-02,0.000000000000000000e+00,2.132080878738680796e-01,4.862755111053300716e-01,1.492281138333370616e-01,7.052137480950476656e-02
5.292727154977010240e-02,3.514040160458976880e-02,1.323596079193286035e-01,5.093629641481617343e-01,1.606961222413970658e-01,1.095136325367528085e-01
4.262825142501583398e-02,1.126679185324281317e-02,1.966766297403304553e-01,5.877676418626872623e-01,4.655829509216768275e-02,1.151023900265558536e-01
1.840221290851394853e-01,5.659417093611100735e-02,2.514951239939497984e-01,2.015832510397562727e-01,1.603215788937957242e-01,1.459837460512476148e-01
1.680445635444580699e-01,5.036836800862519448e-02,2.461854574716594579e-01,2.057829480378446374e-01,1.880075314265177988e-01,1.416111315108947721e-01
1.671642971980672188e-01,4.912201270578771956e-02,2.176083184337221366e-01,2.299723400210334223e-01,1.591729039900920961e-01,1.769601276512974553e-01
1.272204649940139876e-01,3.831614678427237852e-02,1.831903263872816379e-01,1.781615107019484112e-01,1.117397130717777964e-01,3.613718380607058855e-01
4.624575100331147770e-02,3.099015329283536305e-02,2.093431873505997576e-01,3.891962543038223754e-01,1.782802254435404132e-01,1.459444286058904638e-01
1.494429383375959486e-01,2.647703875801208501e-02,2.950652816267597678e-01,2.534825771824584240e-01,1.220508198046277304e-01,1.534813442905460512e-01
1.721319223261070230e-01,5.178259529435939174e-02,2.998609541422651570e-01,1.724661803486420841e-01,1.873269632521661621e-01,1.164313846364601474e-01
1.458247642975313008e-01,1.574743950823375913e-02,2.540210751747901674e-01,2.937936883964641366e-01,1.282433838527796133e-01,1.623696487702011859e-01
1.515241138946929467e-01,4.755541748762708715e-02,3.014226197822025832e-01,2.073501312827409626e-01,1.652907157356302281e-01,1.268570018171063518e-01
7.678088215820425000e-02,3.085018524056482025e-02,1.531723675881276892e-01,4.114947244311942254e-01,1.609561304716229935e-01,1.667457101102861605e-01
1.621290106847423085e-01,5.335495907671826410e-02,2.416270559300476295e-01,2.225310870061158464e-01,1.555787855207522719e-01,1.647791017816237213e-01
1.146940276779174622e-01,1.613933936257038598e-02,2.108197961273368393e-01,4.000085614207052886e-01,8.047452440777316807e-02,1.778637510036968628e-01
1.610082537073187214e-01,4.898797904037809070e-02,2.871591492859345007e-01,1.724661803486420841e-01,2.112291516832768556e-01,1.191492859344498029e-01
1.229067341268554325e-01,1.092984789024746203e-02,2.985816062876355259e-01,2.617812084454966826e-01,1.526435420923469566e-01,1.531570611574178953e-01
1.044292489704029686e-01,3.095681485302707869e-02,2.492460191150770443e-01,2.535753877223984598e-01,2.097938854680779230e-01,1.519986438710164978e-01
3.900290171760195657e-02,0.000000000000000000e+00,1.323535798326626600e-01,4.346810682069350840e-01,1.822539225759115256e-01,2.117085276668887461e-01
1.159241324137262191e-01,1.072285724675450629e-02,2.049570297821791676e-01,1.044330840373822733e-01,4.150353337616213834e-01,1.489275627583364625e-01
6.281999999999999806e-01,0.000000000000000000e+00,0.000000000000000000e+00,0.000000000000000000e+00,1.794999999999999929e-01,1.922999999999999987e-01
6.012655757921067656e-02,4.282440379789811263e-02,2.474633849371895011e-01,2.744446764254800941e-01,1.699775997377530046e-01,2.051633775224685763e-01
1.570975877295782142e-01,5.168146405032673224e-02,2.504101703496057763e-01,1.983474431933597848e-01,2.136042176449815533e-01,1.288591170321479740e-01
1.167475907395783552e-01,1.318170069785474380e-02,2.026240322957821027e-01,3.645429482209012195e-01,9.233498258440105133e-02,2.105687454614826315e-01
1.669695982788980126e-01,4.754517284669678573e-02,2.809358492197878143e-01,1.979375424836248010e-01,1.997199965945531674e-01,1.068918405764394536e-01
1.731524957616194238e-01,4.889177090088048933e-02,2.599451549645695470e-01,2.057829480378446652e-01,1.679258107611897310e-01,1.443018195738962339e-01
3.203870815838320146e-02,5.489226847745144050e-02,1.609868251624812230e-01,3.093737756543878392e-01,2.377204539939125061e-01,2.049879685533837481e-01
6.193645162442409924e-02,4.455410183454564660e-02,2.000190478458076793e-01,2.842688603435755135e-01,2.132132525387206712e-01,1.960082858129263139e-01
1.699518901538950022e-01,5.513175315061881465e-02,2.617758250740778725e-01,1.710584383539606457e-01,2.232531647495918370e-01,1.188289285178558419e-01
6.248497788569333522e-02,4.417948992356045268e-02,2.033007422898175376e-01,2.840578743949486729e-01,2.113183846117408504e-01,1.946585308942390402e-01
1.443320525097273876e-01,3.711711657110994961e-02,1.826885780433702422e-01,4.251581837355604132e-01,1.085801040012606133e-01,1.021239651389713732e-01
1.680445635444580699e-01,5.036836800862519448e-02,2.461854574716594579e-01,2.057829480378446374e-01,1.880075314265177988e-01,1.416111315108947721e-01
4.590215652512509570e-02,3.149029464961764207e-03,2.295397670919145927e-01,4.316945254347929750e-01,1.419363540382116984e-01,1.477781674449938909e-01
6.023951850086241289e-02,4.314431018327941070e-02,1.949102179932964418e-01,3.500330965037116160e-01,1.115510217586637431e-01,2.401218350601865281e-01
1.175434312425870514e-01,3.076815739900927958e-03,2.102048884857787570e-01,3.716842252145398651e-01,1.023105188492755557e-01,1.951801204679178559e-01
7.778658740047082742e-02,2.166350846795218887e-02,1.486139130133093400e-01,4.535275395948321631e-01,1.577170764161638372e-01,1.406913751072716157e-01
1.265396674964383572e-01,1.088806082667413341e-02,3.657277630935201196e-01,1.552544855364335619e-01,1.855155097557148469e-01,1.560745132912190747e-01
0.000000000000000000e+00,0.000000000000000000e+00,3.309999999999999748e-02,4.966999999999999749e-01,9.270000000000000462e-02,3.775000000000000022e-01
3.565258727637421465e-02,8.069658778652503972e-03,2.154674257092835943e-01,3.990483947639972273e-01,1.229718605433106210e-01,2.187900729283817902e-01
1.616147342653846131e-01,4.858811841152723549e-02,2.083071551711019043e-01,3.022246184147882042e-01,1.422403579216024727e-01,1.370250158155956188e-01
1.611323313478996988e-01,4.906265091978750242e-02,2.864231949383637121e-01,1.727290687974711303e-01,2.113218500143907441e-01,1.193309039820871914e-01
7.767871566266912331e-02,2.332471408680859490e-02,1.914439783775229720e-01,3.550521495550995610e-01,1.746194142941760175e-01,1.778810280237236308e-01
8.819981304633418839e-02,2.226390783689555924e-02,1.297591076752058759e-01,5.007179189193741164e-01,1.514524699779360994e-01,1.076067825442541120e-01
1.007641007641007780e-01,2.343002343002342953e-03,1.738651738651738887e-01,4.383064383064382286e-01,1.242201242201242256e-01,1.605011605011604781e-01
7.937625244970394900e-02,0.000000000000000000e+00,9.959726802001581114e-02,5.848302123011827058e-01,1.258910818438137291e-01,1.103051853852837078e-01
3.593043478260869728e-02,8.776811594202897637e-03,1.929724637681159427e-01,4.643115942028985255e-01,9.210434782608696580e-02,2.059043478260869919e-01
2.536810767939861461e-02,0.000000000000000000e+00,1.094380395176955956e-01,5.785871101966688634e-01,1.313233485442361348e-01,1.552833940620007014e-01
1.170459321362788269e-01,1.092998082388379338e-02,2.007654229894470510e-01,3.793465525559371887e-01,1.028888501492602053e-01,1.890232613451930943e-01
6.570794420136548408e-02,4.191131492513471002e-02,1.236118200012208124e-01,5.114528502577330160e-01,1.034581282963390053e-01,1.538579423182070416e-01
8.980985292181509205e-02,1.862830193141491036e-02,2.849178240376491478e-01,3.218293627878281993e-01,1.244137570924102182e-01,1.604009012288824532e-01
8.696227961910253657e-02,4.221583589337032406e-03,1.682876730840262569e-01,4.887226241205033794e-01,1.094017171016477413e-01,1.424041224853830057e-01
1.186493384092506403e-01,1.107971007544011378e-02,2.777201660860595389e-01,3.604577092891204648e-01,1.049010730386872176e-01,1.271920031014421026e-01
9.763364932295226506e-02,4.107184767191501135e-02,1.458708762334309517e-01,3.459912856253634650e-01,1.802304105143930080e-01,1.892019306319452365e-01
1.104952536449933520e-01,1.043634466119152358e-02,1.729683218757784025e-01,2.972735504117264838e-01,2.477663676975132567e-01,1.610601617087968895e-01
1.904936267760025115e-01,8.582813449541143447e-02,2.297099163826857859e-01,2.053739701685423635e-01,1.717455018192727556e-01,1.168488503580851767e-01
6.570794420136548408e-02,4.191131492513471002e-02,1.236118200012208124e-01,5.114528502577330160e-01,1.034581282963390053e-01,1.538579423182070416e-01
7.679741214390889414e-02,4.339180744124569028e-02,1.948010991431784467e-01,2.957324142888613228e-01,1.119943419633850634e-01,2.772829250194204787e-01
8.304673710316964885e-02,1.844783015235685469e-02,1.971828732292952857e-01,4.200319014355645697e-01,1.618912851078298798e-01,1.193993729717837127e-01
1.487483915120028088e-01,0.000000000000000000e+00,1.821965078339992661e-01,4.059209226335346310e-01,1.198462116794301452e-01,1.432879663410331905e-01
1.187088481318469557e-01,1.109659857972318878e-02,3.324747768545857074e-01,2.674598557771460938e-01,1.355970443217587029e-01,1.346628763349394797e-01
6.471879823474424587e-02,4.130379645934332405e-02,1.087951187344652487e-01,5.330970963136880680e-01,7.844228497720964755e-02,1.736429052805495976e-01
1.170459321362788130e-01,1.092998082388378991e-02,2.472962216699572668e-01,3.716842143670867626e-01,1.204027660094894037e-01,1.326408849933038980e-01
1.485834288483580679e-01,4.813957245167196225e-02,2.931759963691470405e-01,2.268621583575005929e-01,1.123887474326330793e-01,1.708500965406894168e-01
6.845836243936513632e-02,4.979033900884692609e-02,2.038921431275292906e-01,2.744446764254800941e-01,2.119815061249497312e-01,1.914329728738287384e-01
1.904936267760025115e-01,8.582813449541143447e-02,2.297099163826857859e-01,2.053739701685423635e-01,1.717455018192727556e-01,1.168488503580851767e-01
6.355551948428388165e-02,4.339180744124569722e-02,2.185144175584644577e-01,3.081186448538534295e-01,1.691254391355261899e-01,1.972941715266263996e-01
1.621272373571255865e-01,4.889177090088048933e-02,2.047969874293928960e-01,2.812534668781299652e-01,1.421892700610170590e-01,1.607412673734540387e-01
9.909645776442901899e-02,8.585753556042685641e-02,1.238492649273109369e-01,4.072985666735987054e-01,1.221026363069202675e-01,1.617955387673143119e-01
3.183413649582295807e-02,3.715017645688898501e-02,1.956676599208979905e-01,3.395702533295912318e-01,1.449347019938732606e-01,2.508430718029256434e-01
1.627638471454779800e-01,4.876478898592147282e-02,2.829030504357375464e-01,1.716804215372363107e-01,2.013393043835581542e-01,1.325485875120684665e-01
1.056103253154907079e-01,0.000000000000000000e+00,1.684396311125714307e-01,4.781549394733184966e-01,1.384834368193913756e-01,1.093116672792279337e-01
1.678148756243329209e-01,5.023755106938891657e-02,2.475458510837528492e-01,2.052484876915272594e-01,1.879098960520885486e-01,1.412433384789095192e-01
1.674953096704486499e-01,5.005554480650624416e-02,2.494385735311061558e-01,2.045048903343341384e-01,1.877740554665437989e-01,1.407316261910610822e-01
9.408032368560197145e-02,1.188533069725740757e-02,1.448079266190027414e-01,4.299777006367962451e-01,1.731936366353249435e-01,1.460550817260166945e-01
6.162634226537503507e-02,6.592711880154263071e-02,1.839821074314123561e-01,3.482541709114121975e-01,2.118175171824695224e-01,1.283927434077881125e-01
1.124060145953112988e-01,0.000000000000000000e+00,1.871661025483559448e-01,4.131675449029940106e-01,1.973696439642869949e-01,8.989069398905176478e-02
1.904936267760025115e-01,8.582813449541143447e-02,2.297099163826857859e-01,2.053739701685423635e-01,1.717455018192727556e-01,1.168488503580851767e-01
1.171194266648728360e-01,0.000000000000000000e+00,1.793093541725451212e-01,3.075801475425607445e-01,2.302463957349015489e-01,1.657446758851196800e-01
1.624147388780959600e-01,4.906211241479985219e-02,2.028278704018751932e-01,3.162585474541483310e-01,1.421606110385484623e-01,1.272761198125322568e-01
1.297747735078393361e-01,1.168165155677226320e-02,3.289659957061024098e-01,1.576804202644465913e-01,2.418458134498373546e-01,1.300513455150020814e-01
1.678148756243329209e-01,5.023755106938891657e-02,2.475458510837528492e-01,2.052484876915272594e-01,1.879098960520885486e-01,1.412433384789095192e-01
1.674953096704486499e-01,5.005554480650624416e-02,2.494385735311061558e-01,2.045048903343341384e-01,1.877740554665437989e-01,1.407316261910610822e-01
1.043120181859416157e-01,4.467912991769540723e-03,1.793718850057054170e-01,5.141010691205067928e-01,5.101849487404307854e-02,1.467286198220335014e-01
1.511535023372492792e-01,4.906211241479984525e-02,2.498923755550433445e-01,2.683708524953626884e-01,1.447838425524493877e-01,1.367373146450954480e-01
9.892469323168508188e-02,6.590312827209730828e-02,2.040576947964093946e-01,3.162154848880575631e-01,1.163366627842680467e-01,1.985623360274826610e-01
1.301822014191061638e-01,1.396297526896431510e-02,2.399795291670469011e-01,3.336449752625126330e-01,1.513323593811463086e-01,1.308979595012235986e-01
1.680445635444580699e-01,5.036836800862519448e-02,2.461854574716594579e-01,2.057829480378446374e-01,1.880075314265177988e-01,1.416111315108947721e-01
1.680445635444580699e-01,5.036836800862519448e-02,2.461854574716594579e-01,2.057829480378446374e-01,1.880075314265177988e-01,1.416111315108947721e-01
1.286887335160245283e-01,1.557509302249003927e-02,3.233828843496596717e-01,1.750359467439384642e-01,2.019835041337231518e-01,1.553338382341642177e-01
6.424270248218448554e-02,4.095837343791015883e-02,1.768029445755694984e-01,3.734299555336360599e-01,1.652721448287539363e-01,1.792938791419458056e-01
2.726999999999999980e-01,2.172000000000000042e-01,2.172000000000000042e-01,0.000000000000000000e+00,2.172000000000000042e-01,7.580000000000000626e-02
1.680445635444580699e-01,5.036836800862519448e-02,2.461854574716594579e-01,2.057829480378446374e-01,1.880075314265177988e-01,1.416111315108947721e-01
0.000000000000000000e+00,0.000000000000000000e+00,0.000000000000000000e+00,1.000000000000000000e+00,0.000000000000000000e+00,0.000000000000000000e+00
1.596329146057217097e-01,4.813957245167196225e-02,2.188773587082779026e-01,2.764648414963422618e-01,1.400016923467464758e-01,1.568836203912397920e-01
1.106883283095196069e-01,0.000000000000000000e+00,1.802547733233389737e-01,4.860819210772445720e-01,1.099614369423839999e-01,1.130135403475129030e-01
1.265383047301091579e-01,1.088794356792849131e-02,2.721324338253959807e-01,2.881143411001792498e-01,1.778241036331608127e-01,1.245028731432264030e-01
4.649999999999999967e-02,0.000000000000000000e+00,3.952999999999999847e-01,0.000000000000000000e+00,5.000000000000000000e-01,5.809999999999999887e-02
1.681719363663387867e-01,6.183089928505967892e-02,2.363577085196940653e-01,2.146108650654597050e-01,1.526046211528635232e-01,1.664239696105842270e-01
1.621254640683008896e-01,4.889123614045175203e-02,2.047947474343429497e-01,2.197480593507419033e-01,2.143323666545831896e-01,1.501081263515793851e-01
1.493600472093618570e-01,2.392336610662326377e-02,2.395072907474705692e-01,2.483326721531798620e-01,2.129410355509791797e-01,1.259355882323852094e-01
1.172970238112918534e-01,3.540653654566462694e-02,1.472212898632947187e-01,5.054659335850207880e-01,1.027581652364445569e-01,9.185105095828345612e-02
8.179353104873611502e-02,4.344167794098884039e-02,1.316882976558988727e-01,4.589175961037781915e-01,1.239730979538398448e-01,1.601857992967581357e-01
5.105877347179071934e-02,1.524508309305579179e-02,2.529272030125460646e-01,3.221565469053462305e-01,1.961645135642023918e-01,1.624478799530588435e-01
1.256186955704529651e-01,5.799472753297701261e-02,2.045611177244533452e-01,2.937099082860626376e-01,1.172545579850886588e-01,2.008609929009653461e-01
1.233582393109030895e-01,1.092998082388379338e-02,2.226416012259741228e-01,3.406740425117874560e-01,1.210622406190412642e-01,1.813338955084103643e-01
1.773813813270537221e-01,8.843188719988220869e-02,2.082297491315008020e-01,1.844796316648801837e-01,1.764506939199277091e-01,1.650266567567554021e-01
0.000000000000000000e+00,1.474000000000000032e-01,0.000000000000000000e+00,6.320000000000000617e-02,0.000000000000000000e+00,7.894999999999999796e-01
1.004337019081738003e-01,0.000000000000000000e+00,1.497357547786600795e-01,5.140481303201867025e-01,6.088647612717116436e-02,1.748959368658082325e-01
2.258628892183832046e-02,4.280816725533918149e-02,9.681683288982355362e-02,4.292254258526181365e-01,5.445963785704709820e-02,3.541036472233337062e-01
1.400197963800904888e-01,7.631934389140271335e-02,2.518947963800905465e-01,1.919356334841628708e-01,1.584311085972850697e-01,1.813993212669683108e-01
9.443767614455653159e-02,0.000000000000000000e+00,1.395650916301160449e-01,4.682291941087474707e-01,9.871837193773257135e-02,1.990496661788472565e-01
1.680445635444580699e-01,5.036836800862519448e-02,2.461854574716594579e-01,2.057829480378446374e-01,1.880075314265177988e-01,1.416111315108947721e-01
7.678424743151703036e-02,0.000000000000000000e+00,1.458386409362016078e-01,6.035238514744222238e-01,6.716984726008641549e-02,1.066834128977725699e-01
1.353040537835437616e-02,0.000000000000000000e+00,2.033228060666806558e-01,4.881296453439842864e-01,1.703543535250566232e-01,1.246627896859240081e-01
1.674953096704486499e-01,5.005554480650624416e-02,2.494385735311061558e-01,2.045048903343341384e-01,1.877740554665437989e-01,1.407316261910610822e-01
1.143162917997122552e-01,1.279167690094389249e-02,1.932716937436400606e-01,4.004087862732026437e-01,8.838906628302747870e-02,1.908224849994736572e-01
9.425770559172509666e-02,6.700051038843295170e-02,1.255338559232888895e-01,4.155307143456886676e-01,1.203950651759425061e-01,1.772821485749218884e-01
7.629158478586960113e-02,3.627949162199560484e-02,1.894010395469714891e-01,3.972174095047616982e-01,8.658240212095488775e-02,2.142280724194467467e-01
9.391565478521998744e-02,0.000000000000000000e+00,1.154197675936806111e-01,5.271204999465869401e-01,8.782300086647909509e-02,1.757210768080332830e-01
1.600955697630891683e-01,4.832543450322508011e-02,2.009383999362147621e-01,3.013312467989129884e-01,1.402518706510825497e-01,1.490574783474755693e-01
4.988268516639005057e-02,8.310546991605870584e-03,1.430091702587493740e-01,4.591696617273042236e-01,3.768403204814385621e-02,3.019439038078066684e-01
1.680445635444580699e-01,5.036836800862519448e-02,2.461854574716594579e-01,2.057829480378446374e-01,1.880075314265177988e-01,1.416111315108947721e-01
7.237040429454254242e-02,4.044394717619914648e-02,2.112986817238461101e-01,3.812021008939233679e-01,1.179709329963245928e-01,1.767139329151642402e-01
1.560333832175120061e-01,4.818180063755840570e-02,2.266332390036965294e-01,2.891732618463228044e-01,1.472823064385679337e-01,1.326960088563423346e-01
1.106157700865294524e-01,0.000000000000000000e+00,2.667003678921622267e-01,2.701126169735913463e-01,2.156850411777186949e-01,1.368862038699982797e-01
6.570794420136548408e-02,4.191131492513471002e-02,1.236118200012208124e-01,5.114528502577330160e-01,1.034581282963390053e-01,1.538579423182070416e-01
9.646588556970625561e-02,2.334249772944894333e-03,1.348207326311405829e-01,4.728883190250944835e-01,1.014576732296893630e-01,1.920331397714243327e-01
5.231648351648351264e-02,2.302197802197802207e-02,1.673967032967032809e-01,3.550219780219779908e-01,2.568901098901099633e-01,1.453527472527472719e-01
1.621272373571255587e-01,4.889177090088047545e-02,2.047969874293928405e-01,2.874661124870113715e-01,1.463456174754095562e-01,1.503722743501800518e-01
8.563448808596918482e-02,4.324582465542629178e-02,1.603911920561562898e-01,3.693568943824306339e-01,1.832294365491505261e-01,1.581421642708669972e-01
1.484315598241770784e-01,2.765261241734639011e-02,3.632178269529787729e-01,1.187926837444975570e-01,2.114402127681895005e-01,1.304651042928107463e-01
1.684610304193833175e-01,5.060556342509003186e-02,2.437188110934428442e-01,2.067520239478053690e-01,1.881845625008928824e-01,1.422780086133856037e-01
1.621272373571255587e-01,4.889177090088047545e-02,2.209520535637553851e-01,2.107596271787620101e-01,1.956311476050219267e-01,1.616381633944544982e-01
6.248497788569333522e-02,4.417948992356045268e-02,2.033007422898175376e-01,2.840578743949486729e-01,2.113183846117408504e-01,1.946585308942390402e-01
4.771482033412139528e-02,7.798406704837028067e-03,1.527972302210669209e-01,5.013706035921970949e-01,7.947988212753083481e-02,2.108390570202467174e-01
7.678930367496823728e-02,1.961537300865502653e-02,3.393844145654351663e-01,2.411418691468230069e-01,2.021330164893393733e-01,1.209360231147792314e-01
8.626782087667259069e-02,3.142058990054374945e-02,1.939604572684725248e-01,3.672937431229902905e-01,1.981285037882159761e-01,1.229288850431048130e-01
1.047072560279102699e-01,3.147936094784566791e-02,1.349584289334059828e-01,4.845990571684913317e-01,9.215494887948967595e-02,1.521009480428569816e-01
1.356797424939646945e-01,1.105807167355484823e-02,3.278139331390579891e-01,1.576786955944280144e-01,2.450588685672321076e-01,1.227106885317624796e-01
1.507485987730651511e-01,3.549354822410902971e-02,3.575708962543048264e-01,1.938899235934141707e-01,1.578330023847667185e-01,1.044640307703402077e-01
7.796337708799225275e-02,2.171274426837302082e-02,1.489516757063517050e-01,4.523775892478790750e-01,1.580755283496939612e-01,1.409190853397100929e-01
1.188316703750439268e-01,1.064223128958106251e-02,1.860140449031633669e-01,4.133930533387896178e-01,1.710533414211483916e-01,1.000656586722737662e-01
1.680445635444580699e-01,5.036836800862519448e-02,2.461854574716594579e-01,2.057829480378446374e-01,1.880075314265177988e-01,1.416111315108947721e-01
1.844535628875973998e-01,5.217596900407279331e-02,2.038260173928371222e-01,1.723538294918925684e-01,2.696745664926026853e-01,1.175160547309974518e-01
1.287949622841325081e-01,1.112125578888314287e-02,3.291925714291428218e-01,2.014036322835425219e-01,2.116088670039411035e-01,1.178787112103578255e-01
4.951801765136803340e-02,8.093117361829786985e-03,1.679938138815567639e-01,4.367260084419586352e-01,8.248351725020057479e-02,2.551855254130862005e-01
1.292509680784124371e-01,1.842925912193710616e-02,1.480494585376285199e-01,4.480914586022439750e-01,1.013801559694707116e-01,1.547986996903071844e-01
8.525585907486503412e-02,5.503055200057245695e-03,1.781505980778457510e-01,4.855105275073579585e-01,9.417335987546938958e-02,1.514066002644047504e-01
1.064287093950473384e-01,2.334275354079708067e-03,1.763788868629887208e-01,4.292984434054666343e-01,1.383030749694174333e-01,1.472566100130001665e-01
1.625158382775866162e-01,4.912201270578771262e-02,2.021354338946283191e-01,3.049850600947933699e-01,1.421505331441714481e-01,1.390911218830324647e-01
1.670202788716482201e-01,4.978499477014305258e-02,2.522520818073953341e-01,2.033995421510252921e-01,1.875721301328951152e-01,1.399709722668929790e-01
