1.438830685206033133e-01,6.520066656171191743e-02,2.824362177078475478e-01,2.054043778014751354e-01,1.547033097383161138e-01,1.483723596700460001e-01
1.076726545810338942e-01,9.594127053065738472e-03,1.535413270013009923e-01,4.820887079301058309e-01,9.661382020962765160e-02,1.504893632248658908e-01
1.447621718510692101e-01,4.372963930384762138e-02,2.542558406732385867e-01,1.924147609000718684e-01,1.864482684780281452e-01,1.783893187937445890e-01
1.596823637039295474e-01,4.548243605112699262e-02,2.415988977546441874e-01,1.858211839013904909e-01,2.287652950740941271e-01,1.386498235148145020e-01
1.012604356220904306e-01,1.080062699286813387e-02,1.368326753561376619e-01,4.365820040083108755e-01,1.530262597773073274e-01,1.614979982432856453e-01
5.883139550432973930e-02,5.845580668455074153e-02,1.106754435843499279e-01,4.830444322736612839e-01,9.263090084338876373e-02,1.963620211097196477e-01
9.470388387671509201e-02,5.750137555786512950e-02,2.613673481864470793e-01,2.456811849885151555e-01,1.638206447217879502e-01,1.769255626686696004e-01
1.440150051708326273e-01,5.714013931979160937e-02,2.114553454701555424e-01,3.232953325918554999e-01,1.254256180608402382e-01,1.386685593865246147e-01
1.493708966614953337e-01,4.940464698962350465e-02,2.466065642304855754e-01,2.014380695367871399e-01,1.671155136230491056e-01,1.860643089585592713e-01
6.856796752455047994e-02,1.555998840162517091e-02,2.015274395888865255e-01,4.030260579150174438e-01,4.629393495827031219e-02,2.650246116116500850e-01
5.906410003577079043e-02,4.418183805604627978e-02,1.961300327686912592e-01,4.033943056914439662e-01,9.956503174127634415e-02,1.976646917067713394e-01
2.649999999999999925e-02,4.420000000000000318e-02,2.477999999999999925e-01,2.649999999999999925e-02,5.574999999999999956e-01,9.729999999999999760e-02
7.967327740973659256e-02,4.878922613360770627e-02,1.512068368171844424e-01,3.500698170059527992e-01,2.000803158038404750e-01,1.701805268296779916e-01
5.607211356013908771e-02,4.516969404814408229e-02,1.845431748017928586e-01,2.462697053303111450e-01,2.568272495102514319e-01,2.111180627493615403e-01
1.769553855986921442e-01,6.691508002417463630e-02,2.712354289043579225e-01,1.539535985877831248e-01,2.158848312774736822e-01,1.150556756075184900e-01
8.651040275917533384e-02,0.000000000000000000e+00,1.287001684058676765e-01,5.302040125916098745e-01,1.233533087018917895e-01,1.312321075414551730e-01
1.230852703814558358e-01,1.211882388002364329e-02,1.924942499943069485e-01,3.878518691602664825e-01,1.204991292070586306e-01,1.639506573768885200e-01
7.190479047622409803e-02,0.000000000000000000e+00,1.145142523697086911e-01,5.551759472658203132e-01,1.636319572140673140e-01,9.477305267417963919e-02
1.514764396430910709e-01,4.540236765565469623e-02,2.804580378458700340e-01,1.854940597336563746e-01,1.961703416269357791e-01,1.409987534947921561e-01
1.474168955831970107e-01,5.743387141578445293e-02,2.859483317386339318e-01,1.554319577764746163e-01,2.411926294021420891e-01,1.125763140837680309e-01
1.334680547646956428e-01,1.041297271034831162e-01,2.474174079694020645e-01,1.839942994158316747e-01,1.681667763342649946e-01,1.628237344123224517e-01
3.092740300582289339e-02,7.600759121899032002e-03,2.154287778069282344e-01,5.775062436754038186e-01,6.104764273570088828e-02,1.074891736542452070e-01
9.317499369856108160e-02,0.000000000000000000e+00,1.813006169930629075e-01,5.455785816830869273e-01,7.219531172944361475e-02,1.077504958958454273e-01
1.165218248967111875e-01,4.008674067661015250e-02,1.825472059967780392e-01,2.569000756172670208e-01,2.089940711679031948e-01,1.949500816447303497e-01
1.308649495103308968e-01,1.610351120818380097e-02,2.539861042612234776e-01,3.290099115663729368e-01,1.089049548740769618e-01,1.611305685798118670e-01
1.167367391047215430e-01,4.024236819750749705e-02,1.806621576576092070e-01,2.567586748244604644e-01,2.099506446305874074e-01,1.956494155851137839e-01
8.615753846546644890e-02,5.719686935837164921e-02,2.316236506634581360e-01,2.540247383241897028e-01,1.948565902729683663e-01,1.761406129155456413e-01
5.700747461121596221e-02,3.638239881189214014e-02,9.583204784772475504e-02,4.874080567500229111e-01,6.909579119600162134e-02,2.542742307831426518e-01
7.323656913173715033e-02,3.137927823723899584e-02,2.228788298552582259e-01,1.794931354410634339e-01,3.419368854984316530e-01,1.510753018362705202e-01
1.399333333333333262e-01,2.499444444444444413e-02,3.127814814814814937e-01,1.491703703703703698e-01,2.314388888888889162e-01,1.416814814814814916e-01
6.230065009374010504e-02,4.071433788874318643e-02,1.337987874656083320e-01,4.997565191984612021e-01,1.108637655349447165e-01,1.525659398185024718e-01
1.119068983038021270e-01,5.151836196365446041e-02,2.742254137793104785e-01,1.839034172603539463e-01,2.773861904195630834e-01,1.010597182733159738e-01
1.161899858150410164e-01,2.246418285585597210e-02,1.665758045876648274e-01,2.652913022977276825e-01,2.890517223178488138e-01,1.404270021258616774e-01
9.076500572181146753e-02,5.969740909961424036e-02,1.256496590970198612e-01,4.588487130405412562e-01,1.193117976865579466e-01,1.457274153544551032e-01
1.050315632741074118e-01,6.101084740115846061e-02,2.434194763756168389e-01,1.881516127141536487e-01,2.171531664560391872e-01,1.852333337789244250e-01
1.230852703814558358e-01,1.211882388002364329e-02,1.924942499943069485e-01,3.878518691602664825e-01,1.204991292070586306e-01,1.639506573768885200e-01
7.996019200684502393e-02,5.383516172949207035e-02,1.308627344435663864e-01,4.206519775767952329e-01,1.907555190875221407e-01,1.239344151557791457e-01
1.314404670295161726e-01,4.319071794690429456e-02,1.894496403009301166e-01,3.312719285943382386e-01,1.291136122225731986e-01,1.755336339057380346e-01
1.167367391047215430e-01,4.024236819750749705e-02,1.806621576576092070e-01,2.567586748244604644e-01,2.099506446305874074e-01,1.956494155851137839e-01
1.529165848560274932e-01,4.361066022100457823e-02,2.508795914061632826e-01,1.846867557010328231e-01,1.624375139484598995e-01,2.054688938673118470e-01
1.346228235594062461e-01,3.760335482850021838e-02,2.480559841401713539e-01,3.148613363927681430e-01,1.213960429551678571e-01,1.434604581239862509e-01
1.132584086920496169e-01,1.898940747114499783e-02,2.972974160998965720e-01,2.434798089190873538e-01,1.252322850696882817e-01,2.017426737481331778e-01
1.412335294910131989e-01,1.663752310767098452e-02,1.827627538371581206e-01,4.045269507318760560e-01,1.033070879265110265e-01,1.515321549057707107e-01
1.323890807053318130e-01,4.293699914767518111e-02,1.905305323196460066e-01,3.353284949734448572e-01,1.469175395891928471e-01,1.518973532647093783e-01
1.721728728876957271e-01,7.816896126648834042e-02,2.097121285257957379e-01,2.612074486191054423e-01,1.560917634796120668e-01,1.226468252213027410e-01
3.814364956593400274e-02,1.176823658222733542e-02,3.106134280606103748e-01,2.790667501074103884e-01,1.873387910971427428e-01,1.730691445866751332e-01
1.119210021109913467e-01,2.106595721533759992e-03,1.631221572770959194e-01,4.612851222913432192e-01,9.540120373758650962e-02,1.661639188614492946e-01
1.460895285361494544e-01,1.154757432175125033e-02,1.820245904750289190e-01,2.467801335026031939e-01,2.704557792349847611e-01,1.431023939294823466e-01
6.229007130663735681e-02,4.073337247100262959e-02,1.341225965921991892e-01,4.993017573127244702e-01,1.103317564538918438e-01,1.532204458635444411e-01
1.101164439925312183e-01,2.116740178902674907e-02,2.755159215441996823e-01,2.741243036185119220e-01,1.216226738301019739e-01,1.974532552256283435e-01
1.418449210798813920e-01,4.394719948902730405e-02,2.282247892721542271e-01,2.223311838501663140e-01,2.026051865018048681e-01,1.610467198069658601e-01
1.531542208575658037e-01,4.590525272296164250e-02,2.243710902052496181e-01,2.648249606597609662e-01,1.713482803825714662e-01,1.403961951718905310e-01
1.171953057451611685e-01,1.048959403598480333e-02,2.985458996068061088e-01,2.498254389248630858e-01,2.108246451033959357e-01,1.131191165837888701e-01
1.373986236193233956e-01,4.809444799698018441e-02,2.355509607339945355e-01,2.688477671139105629e-01,1.759012251083836298e-01,1.342069754274075599e-01
1.028331645596657767e-01,4.048626234127103603e-03,2.050255393556567607e-01,4.192949564991130806e-01,9.049504892818202584e-02,1.783026644232552360e-01
1.518219698138831286e-01,4.510756504830395336e-02,2.703034044260625435e-01,2.100904348899657326e-01,2.018728973116454550e-01,1.208037285101391800e-01
1.167367391047215430e-01,4.024236819750749705e-02,1.806621576576092070e-01,2.567586748244604644e-01,2.099506446305874074e-01,1.956494155851137839e-01
1.661274533969027134e-01,5.073628316091183948e-02,2.485925758994908252e-01,2.678788988499756774e-01,1.388282851046148680e-01,1.278365035881039447e-01
5.960298795787880716e-02,5.226039118520928867e-02,2.125767724595533648e-01,3.587087528477989062e-01,1.008404287709057240e-01,2.160106667786537982e-01
1.447225385784797758e-01,9.429201196707499150e-03,2.404161325456148635e-01,1.850963904988802700e-01,2.212338895791730597e-01,1.991018476011444660e-01
1.053970044111601223e-01,3.412260136223736057e-02,1.807658973988599538e-01,3.975641396015510698e-01,8.705235613729041255e-02,1.950980010889009630e-01
1.069927093116752465e-01,9.563707372446737798e-03,1.787333527030953162e-01,4.201504084542254658e-01,1.620222031527666084e-01,1.225376190057906461e-01
5.813514668609544300e-02,3.969566340591744458e-02,1.983164105329699722e-01,3.465703799207372482e-01,1.772280893485763398e-01,1.800543101057035245e-01
7.960715375951325778e-02,6.304803208454826113e-02,2.146591016747544656e-01,3.145117317024390124e-01,1.259213254876367372e-01,2.022526552911083353e-01
4.768534803171192021e-02,7.300704406086997236e-03,1.519973090890273659e-01,4.504807346019123471e-01,8.001963637736810020e-02,2.625162674938933405e-01
0.000000000000000000e+00,0.000000000000000000e+00,4.328000000000000180e-01,5.672000000000000375e-01,0.000000000000000000e+00,0.000000000000000000e+00
1.143780601352066412e-01,6.177310411183140754e-02,2.016827527551532662e-01,3.723357466511453273e-01,8.938434667114572574e-02,1.604459896755176529e-01
1.514714371004327875e-01,4.550499554950054870e-02,2.397220195267519838e-01,2.376041956477184525e-01,2.075190173455617459e-01,1.181783348300344816e-01
6.816234196883995400e-02,2.326326315899123962e-02,1.626569026760695535e-01,3.617515113004649563e-01,1.649034538554221552e-01,2.192625270402122351e-01
1.347234345057126137e-01,4.372916397186463189e-02,1.759384161194633422e-01,3.240099523794513492e-01,1.016249248625786944e-01,2.199741081609294102e-01
1.836318543587970309e-01,6.994368238728164433e-02,2.095188068910948664e-01,1.913830728006542803e-01,1.952150641302685397e-01,1.503075194319035413e-01
5.065968220885745665e-02,4.562561304012998503e-02,1.787770985691787551e-01,4.319234511356679351e-01,5.875406669401925241e-02,2.342600883521465671e-01
1.392684959412327506e-01,4.666810704034075191e-02,2.940671008364455496e-01,1.984258773418932920e-01,1.842526003889009278e-01,1.373178184511867628e-01
6.229007130663735681e-02,4.073337247100262959e-02,1.341225965921991892e-01,4.993017573127244702e-01,1.103317564538918438e-01,1.532204458635444411e-01
6.121142817390094748e-02,2.677646710986856041e-02,2.148882792084976512e-01,3.961294474179649083e-01,9.630467014213477117e-02,2.046897079476331927e-01
8.184172273007458628e-03,2.294515635166873100e-03,1.814041906918014424e-01,5.962063747044644701e-01,1.048952033288959168e-01,1.070155433666637318e-01
1.053271739130434981e-01,4.210869565217392058e-02,2.462793478260870139e-01,2.601706521739130529e-01,2.451489130434782449e-01,1.009652173913043599e-01
1.418323031647920340e-01,2.424308802940980390e-02,3.100493814226801814e-01,1.831803160030095190e-01,1.803064791093248465e-01,1.603884322707835319e-01
1.531542208575658037e-01,4.590525272296164250e-02,2.243710902052496181e-01,1.894980351637258198e-01,2.443802201471075575e-01,1.426911809033895584e-01
1.226590640373804719e-01,1.200002352945790142e-02,1.981552905005695975e-01,3.840497726466129969e-01,1.207923937105759155e-01,1.623434555754030839e-01
1.229160096431180654e-01,1.385884616505845060e-02,1.941395707946738380e-01,3.806566966931949070e-01,1.238077065439103785e-01,1.646211701600443222e-01
1.428217208439538644e-01,4.574057422567128633e-02,2.123523036490004567e-01,2.940486762524791020e-01,1.538547777889434365e-01,1.511819472399517916e-01
1.408078687917396488e-01,2.173790670619581838e-02,2.470289870388606979e-01,1.410328910675071323e-01,1.939210699500077129e-01,2.554712764456890661e-01
1.210264582384055349e-01,9.158073498956913194e-03,3.176312505508748218e-01,2.908073319226144871e-01,1.401818760355188209e-01,1.211950097536293597e-01
1.531916871235396160e-01,4.585991067027173074e-02,2.259750002904626909e-01,1.892804326068446563e-01,2.433554582920462173e-01,1.423375110168352553e-01
7.510630253482231122e-02,4.832381724731229372e-02,1.990213591381823632e-01,2.569000756172670763e-01,2.441382919264868945e-01,1.765101535359291651e-01
1.229015815515233367e-01,1.206762263045440924e-02,1.949340773719399622e-01,3.862132200186197961e-01,1.206255220077774859e-01,1.632579764196851191e-01
6.097888421620524524e-02,3.713431120819184195e-02,1.721484427341324064e-01,4.152895514586409931e-01,1.763168620457773450e-01,1.381319483370521128e-01
3.748035507704809699e-02,0.000000000000000000e+00,1.607015224354756966e-01,5.551936807822389630e-01,1.156221479992968343e-01,1.310022937059403814e-01
1.112828076401708999e-01,5.916054251896502719e-02,2.106162227294013922e-01,2.398001973664175834e-01,1.828009734987436075e-01,1.963392562463014412e-01
5.073594744706270282e-02,2.786383890687760267e-02,1.159279460360669034e-01,5.967181036749119594e-01,5.527842208075288422e-02,1.534757418543279961e-01
1.444983155808055864e-01,3.145272639870121123e-02,2.094290800296083332e-01,2.325023020235738869e-01,2.106727111510267036e-01,1.714448648162842925e-01
7.110809258983888381e-02,4.463992852845872009e-03,8.017830058658875769e-02,3.813865720265433024e-01,2.868615419830151114e-01,1.760014999611680953e-01
1.531542208575658037e-01,4.590525272296164250e-02,2.243710902052496181e-01,1.894980351637258198e-01,2.443802201471075575e-01,1.426911809033895584e-01
1.517005681381113913e-01,4.554445653248935522e-02,2.242552115957318348e-01,2.185936109188012788e-01,1.884987747118099799e-01,1.714073781030560628e-01
1.344675142534833279e-01,4.361108570383243066e-02,2.016207811213756307e-01,3.158730449099058091e-01,1.174767523400103708e-01,1.869508216713924309e-01
1.130034833302143993e-01,2.410030814899575061e-02,2.112814508148444514e-01,3.380860948875935024e-01,1.659989237296778941e-01,1.475297390886740889e-01
5.542440335670262980e-02,3.969566340591744458e-02,1.943735111447622566e-01,3.233106068993595872e-01,1.899401303109199690e-01,1.972556848823379949e-01
1.058044109175099584e-01,9.890324894835812036e-03,1.840367830085109513e-01,2.534940597180404542e-01,3.013945803758736885e-01,1.453798410852291667e-01
1.050947349405557674e-01,1.381951086544525552e-02,1.986619203765203345e-01,4.060707137016063006e-01,8.579774287774218078e-02,1.905553772381301247e-01
1.541548669697498930e-01,4.554490698157433182e-02,2.381731047131753209e-01,2.097835009741961521e-01,2.128505979795182190e-01,1.394930223817859860e-01
5.158681318681319211e-02,1.766373626373626479e-02,1.199615384615384528e-01,4.032879120879120927e-01,1.563813186813186873e-01,2.511186813186813693e-01
1.159340128125385394e-01,1.738394005268916950e-02,3.562431768190896242e-01,1.263407252250327018e-01,2.456627287412401217e-01,1.384354163494099232e-01
1.046703579884706581e-01,9.332408195165179526e-03,1.814742620305141996e-01,4.340677514988622865e-01,1.535293457006460249e-01,1.169258745863417104e-01
2.309675333811633119e-02,0.000000000000000000e+00,9.963941483108544606e-02,6.166506393671561392e-01,1.195652047521427591e-01,1.410479877114992897e-01
1.714613689021598775e-01,5.206729719641962906e-02,2.831989408226934235e-01,1.854940597336563468e-01,1.801291576582603471e-01,1.276491756868102789e-01
1.604457535722121908e-01,4.721370772023377599e-02,2.627999228708019497e-01,1.464909539419004258e-01,2.779954387388046122e-01,1.050542231560469691e-01
1.166660977640067154e-01,9.711254169641971370e-03,1.912289961280885242e-01,2.780352514958566723e-01,2.361878010002509409e-01,1.681705994421552330e-01
9.126322738354346320e-02,3.560854134394792619e-02,2.421642254423289342e-01,2.735347751916704095e-01,1.875932207821068565e-01,1.698360098564024034e-01
1.492588904879713352e-01,4.372959177018429650e-02,2.821161948407124864e-01,1.638343340884287624e-01,2.123521150643715161e-01,1.487088737483314715e-01
3.505201133366667859e-02,4.836416757355607721e-02,8.515348490641881651e-02,4.685039756071257555e-01,1.298685255448689679e-01,2.330578350343637528e-01
1.361263137621406827e-01,4.826767969204292380e-02,2.027240077878177671e-01,2.096142758551722829e-01,1.933472677821633234e-01,2.099204551206630132e-01
5.881078404061040876e-02,6.957887192820798317e-02,2.199297127795595552e-01,2.622199047122438786e-01,2.017817048460562313e-01,1.876790216933220123e-01
1.229006542889118647e-01,2.644528561305072717e-02,1.714635932618903402e-01,3.718119665565705056e-01,1.548115396069114080e-01,1.525669606726652305e-01
1.188892356391343941e-01,8.261326600772908590e-02,2.248816204271610608e-01,2.409366292704935575e-01,1.637930761103175148e-01,1.688861725451644147e-01
9.814103288171066586e-02,1.102038531361713286e-02,2.045005271328855234e-01,4.403108507682207962e-01,1.728432082541389303e-01,7.318399564942698610e-02
4.790825422331955463e-02,3.180808766987244796e-02,1.198081359462339346e-01,5.426607861460636117e-01,1.454575392159229152e-01,1.123571967985875775e-01
3.875291669612825063e-02,1.024252770230002496e-02,1.787967555227830962e-01,6.022252750027778934e-01,4.578026040667077662e-02,1.242022646693401178e-01
2.014880957181360288e-01,7.915327256861837135e-02,2.307758065894929822e-01,1.820747854390495080e-01,1.746520491558694044e-01,1.318559905288336775e-01
1.531542208575658037e-01,4.590525272296164250e-02,2.243710902052496181e-01,1.894980351637258198e-01,2.443802201471075575e-01,1.426911809033895584e-01
1.559695795655157147e-01,4.559500742094637488e-02,2.335286179217587743e-01,2.072023279691953823e-01,1.848889927414332501e-01,1.728154743811504968e-01
1.214475384425092591e-01,3.635688965032646269e-02,1.986023058926320028e-01,1.640954990091662291e-01,1.359902943026398692e-01,3.435074727027261909e-01
4.184130637512650103e-02,2.803865156054683588e-02,1.933768527153316708e-01,3.580817079703962347e-01,1.613008194607036261e-01,2.173606619178952426e-01
1.638783640805885344e-01,5.802533608398117992e-02,2.659227077831728958e-01,2.414940412918168411e-01,1.304903387815420368e-01,1.401892119788985258e-01
1.652643600111114164e-01,4.666810704034074497e-02,2.778394394888731300e-01,1.858230192289885285e-01,1.941492021358683651e-01,1.302558720948177318e-01
1.427257805543773184e-01,2.366091931757638780e-02,2.585992521194530047e-01,2.665545474984942209e-01,1.434353829684162085e-01,1.650241175416829464e-01
1.468196731400174260e-01,4.298258772486528156e-02,2.798329929343164046e-01,2.169995653662270541e-01,1.740515944905361712e-01,1.393135863440376210e-01
9.380444420236554171e-02,2.786143792059786115e-02,1.872669041360074393e-01,3.716293639727700215e-01,1.571045805547335861e-01,1.623332692135255051e-01
1.461439650242683796e-01,4.809444799698019135e-02,2.178039319528211060e-01,2.005907225294304985e-01,1.402395567186588698e-01,2.471273757778409963e-01
1.036901489806137944e-01,1.459091233288176137e-02,2.008698256286827188e-01,4.078891355060352830e-01,7.960458904768978605e-02,1.933553885040967535e-01
1.518219698138831286e-01,4.510756504830395336e-02,2.703034044260625435e-01,2.100904348899657326e-01,2.018728973116454550e-01,1.208037285101391800e-01
1.397550220002146404e-01,4.361018156274695801e-02,2.694514092820418094e-01,2.491292597976565992e-01,1.579954438579888876e-01,1.400586834993512164e-01
9.410086584225384188e-02,2.789508791941809271e-02,2.245947992320718734e-01,3.204957026575280254e-01,1.890446064258484438e-01,1.438689379228797194e-01
3.536532162209493624e-02,0.000000000000000000e+00,1.337848536630607821e-01,3.983843506573581661e-01,2.108250889379159887e-01,2.216403851195700436e-01
1.048090029247176341e-01,9.694719754515504842e-03,1.955752515462646779e-01,1.406494653999739997e-01,3.820873031637637141e-01,1.671842572107646308e-01
6.281999999999999806e-01,0.000000000000000000e+00,0.000000000000000000e+00,0.000000000000000000e+00,1.794999999999999929e-01,1.922999999999999987e-01
5.453951723381132710e-02,3.884510277985252225e-02,2.244687554204115587e-01,2.489429091282385209e-01,2.393640463438549693e-01,1.938396690938310740e-01
1.517244196299040448e-01,4.658595055058043638e-02,2.333030037550459512e-01,2.091290152652617584e-01,2.178236508736890731e-01,1.414339599255187985e-01
1.053959797166385132e-01,1.190001652780073478e-02,1.908947095759855328e-01,3.832894212353072927e-01,1.088584845256729550e-01,1.996613884185950427e-01
1.506811726584575406e-01,4.290698709607394107e-02,2.639786434596814724e-01,2.256632149690908085e-01,1.872026615185924392e-01,1.295673202981037220e-01
1.614146777748825534e-01,4.540236765565468929e-02,2.716240483953886176e-01,1.854940597336563468e-01,1.926702676817115822e-01,1.433945787587061205e-01
2.902155136113411180e-02,4.972294079624688806e-02,1.458263358129929521e-01,3.686011647042816697e-01,2.153337872136165954e-01,1.914942201117277032e-01
1.167367391047215430e-01,4.024236819750749705e-02,1.806621576576092070e-01,2.567586748244604644e-01,2.099506446305874074e-01,1.956494155851137839e-01
1.633486212447719244e-01,4.972656272978435987e-02,2.436503532429130092e-01,1.844549588324453926e-01,2.265029245728829022e-01,1.323165793772022036e-01
1.163631976863234996e-01,3.997187270334748993e-02,1.839385516981934254e-01,2.570044429065084790e-01,2.082880285971431267e-01,1.944339064084839308e-01
1.304918410064767886e-01,3.755657596247630875e-02,1.911377110982038496e-01,3.943810343127048257e-01,9.816819910355183143e-02,1.482646385165865000e-01
1.531542208575658037e-01,4.590525272296164250e-02,2.243710902052496181e-01,1.894980351637258198e-01,2.443802201471075575e-01,1.426911809033895584e-01
4.158034690945021372e-02,2.852540000152720915e-03,2.097072971780774564e-01,4.656578556618943265e-01,1.339011774285110146e-01,1.463007828219141382e-01
5.458885077011701309e-02,3.909723000426973405e-02,1.766269895310453308e-01,3.171988247112155213e-01,1.870766810437028138e-01,2.254114239396496910e-01
1.303290595591486134e-01,2.785321796248341891e-03,2.381429082717530787e-01,3.364712941325080364e-01,1.041000863176066715e-01,1.881713299227351921e-01
9.583519679549322434e-02,1.965778964220600208e-02,1.584197470506370775e-01,4.241675069607834248e-01,1.599484804797129955e-01,1.419712790711671335e-01
1.142379345834762805e-01,1.379638902122446581e-02,3.629090616149817095e-01,1.550465227071645968e-01,1.793808361725680867e-01,1.746292559005848677e-01
0.000000000000000000e+00,0.000000000000000000e+00,3.309999999999999748e-02,4.966999999999999749e-01,9.270000000000000462e-02,3.775000000000000022e-01
5.533916366576025619e-02,2.658295625150919328e-02,2.196752721813352016e-01,3.613426387678610463e-01,1.310060998015727118e-01,2.060538693319614867e-01
1.510738466908109479e-01,4.514803260462479928e-02,2.249832839531832329e-01,2.725941147750245430e-01,1.693644372721764546e-01,1.368362847041798835e-01
1.519211580136531903e-01,4.516952169956877511e-02,2.696170871191641005e-01,2.103790006725481943e-01,2.019435762858637629e-01,1.209696562092020394e-01
8.978998573237660652e-02,2.790652082865088812e-02,2.112321147271378485e-01,3.198977404480686793e-01,1.736867796261110375e-01,1.774868586376548429e-01
7.979957484418571945e-02,2.014347103911738254e-02,1.220199091781844630e-01,5.140594760983191458e-01,1.481235618609328952e-01,1.158540069792603072e-01
1.158010052261308626e-01,2.110812712443885242e-03,2.066902762975462438e-01,3.948706260095729559e-01,1.239208323611102475e-01,1.566064473931958467e-01
9.567042474567377663e-02,0.000000000000000000e+00,1.377626351337837562e-01,5.297867859777338762e-01,1.254495635836143930e-01,1.113305905591941425e-01
5.509473684210525884e-02,2.675789473684210551e-02,1.991460526315789181e-01,4.215460526315789047e-01,1.027789473684210531e-01,1.946763157894737251e-01
2.298982281065427985e-02,0.000000000000000000e+00,9.917811643871290994e-02,6.180949801560433610e-01,1.190116563714205405e-01,1.407254242231689989e-01
1.056265800632452262e-01,9.863619123811104283e-03,2.127592889120872022e-01,3.423363655100167269e-01,1.440907921261782298e-01,1.853233542646615939e-01
6.229007130663735681e-02,4.073337247100262959e-02,1.341225965921991892e-01,4.993017573127244702e-01,1.103317564538918438e-01,1.532204458635444411e-01
8.146603353614297049e-02,1.689763228080535737e-02,2.584474225595569941e-01,2.919296804172837323e-01,1.980214192531386530e-01,1.532378119530723171e-01
7.912148261079827993e-02,3.840952123343250885e-03,1.531143187350923196e-01,5.008295013975294641e-01,9.953770870730567488e-02,1.635560364259309452e-01
1.069316954226982447e-01,1.401524738417852384e-02,2.835482576622735396e-01,3.399808636069014400e-01,1.066304515571468436e-01,1.488934843668014429e-01
8.859341290197131347e-02,3.726886360058889736e-02,1.323641885573014765e-01,3.833998462948731145e-01,1.635422550208798509e-01,1.948314336243854583e-01
1.228690906737084088e-01,9.526955141983164954e-03,2.019092084494465422e-01,2.713700890123003640e-01,2.367377813480807391e-01,1.575868753744806838e-01
1.719730272158447593e-01,7.748355868525039214e-02,2.073765425668590567e-01,2.641096689514365048e-01,1.550476746043320253e-01,1.240095279762772618e-01
6.229007130663735681e-02,4.073337247100262959e-02,1.341225965921991892e-01,4.993017573127244702e-01,1.103317564538918438e-01,1.532204458635444411e-01
6.954088756837339957e-02,3.929175109449967174e-02,1.763945028294260087e-01,2.677889006708731867e-01,1.880303205282994605e-01,2.589536373085281618e-01
7.481654661675474216e-02,1.661959268618998231e-02,1.776414359140685850e-01,4.641989990585204118e-01,1.458473541720159972e-01,1.208760715524503232e-01
1.341964755449078783e-01,0.000000000000000000e+00,1.643723939424243663e-01,4.271575656650420383e-01,1.081217689234020146e-01,1.661517959242237719e-01
1.362039427196831409e-01,4.420971426875944937e-02,2.995919695026599827e-01,2.540723377740853883e-01,1.427084741329764095e-01,1.232135616018356500e-01
5.875773863957840792e-02,3.749942433074336667e-02,1.108495562412415980e-01,5.126864346006828610e-01,9.235577017967458446e-02,1.878510760080790709e-01
1.344662023480974744e-01,4.361066022100458517e-02,2.231692608261390820e-01,3.483096600783187613e-01,1.289002332975195952e-01,1.215439832289206129e-01
1.441127245706507742e-01,4.345923873414028749e-02,2.721487253206664181e-01,2.347215566990978886e-01,1.263901331277734741e-01,1.791676215476711298e-01
1.204703058793544779e-01,4.516375395136938697e-02,1.849462118181786074e-01,2.489429091282385209e-01,2.089632810259931806e-01,1.915135381968657846e-01
1.719730272158447593e-01,7.748355868525039214e-02,2.073765425668590567e-01,2.641096689514365048e-01,1.550476746043320253e-01,1.240095279762772618e-01
5.755021050089764723e-02,3.929175109449967868e-02,1.978671692091255596e-01,2.790047664542410488e-01,2.397631471196548236e-01,1.865229556215813322e-01
1.514764396430910431e-01,4.540236765565468929e-02,2.219131390099790546e-01,2.535236659929435143e-01,1.694711860109720525e-01,1.582132016873595559e-01
8.990176096232813108e-02,7.789121642588874017e-02,1.123578709273686804e-01,4.622925603697392027e-01,1.107733038069817905e-01,1.467832875076934551e-01
2.880662260959781368e-02,3.361709255766955062e-02,1.770591276123986701e-01,3.985272762969007121e-01,1.311510134386668081e-01,2.308388674847664246e-01
1.568459655697580502e-01,4.396815014090463269e-02,2.626400234759100893e-01,1.850596815997717914e-01,2.067552259310444507e-01,1.447309532826109302e-01
1.062493602873442328e-01,9.515394868886847823e-03,1.811419179732491336e-01,4.331516451350662100e-01,1.529416193818522729e-01,1.170000623536014001e-01
1.531916871235396160e-01,4.585991067027173074e-02,2.259750002904626909e-01,1.892804326068446563e-01,2.433554582920462173e-01,1.423375110168352553e-01
1.532198289564856986e-01,4.578935391484415668e-02,2.281791391459415119e-01,1.889501560119355439e-01,2.420160895565045267e-01,1.418454324142885692e-01
1.089324777599533223e-01,1.077105773036938184e-02,1.785860122085876633e-01,3.896664513844038114e-01,1.683191316485759814e-01,1.437248692681097340e-01
5.593143955126926581e-02,5.983478046058895300e-02,1.669802837884288294e-01,3.850838713339758690e-01,1.957550053738182361e-01,1.364146194919188260e-01
1.124054387291901491e-01,9.679797531699500801e-03,1.982948918030763841e-01,3.736089080945830254e-01,2.064395813187035189e-01,9.957138252274737311e-02
1.719730272158447593e-01,7.748355868525039214e-02,2.073765425668590567e-01,2.641096689514365048e-01,1.550476746043320253e-01,1.240095279762772618e-01
1.166660977640067154e-01,9.711254169641971370e-03,1.912289961280885242e-01,2.780352514958566723e-01,2.361878010002509409e-01,1.681705994421552330e-01
1.517020685047270057e-01,4.554490698157433182e-02,2.201925095139349309e-01,2.849795764966521205e-01,1.695310121859687214e-01,1.280499263171428759e-01
1.169796810605398946e-01,1.122006597387524389e-02,3.241086343520502844e-01,1.421339816163317560e-01,2.697139911377535726e-01,1.358436458594491636e-01
1.531916871235396160e-01,4.585991067027173074e-02,2.259750002904626909e-01,1.892804326068446563e-01,2.433554582920462173e-01,1.423375110168352553e-01
1.532198289564856986e-01,4.578935391484415668e-02,2.281791391459415119e-01,1.889501560119355439e-01,2.420160895565045267e-01,1.418454324142885692e-01
1.050947349405557812e-01,1.381951086544525899e-02,1.913747413277246678e-01,4.643487910347374736e-01,7.434922652352528305e-02,1.510129953080115439e-01
1.463514073370762725e-01,4.420971426875946325e-02,2.327828822799597464e-01,2.722606296175415497e-01,1.558230336677359495e-01,1.485723328289272338e-01
9.169352865456015245e-02,7.247098373386950954e-02,2.108405408568176376e-01,2.859392121192779190e-01,1.544686645602612596e-01,1.845870700752135496e-01
1.176785598196601335e-01,1.262186998328096096e-02,2.272178454414420790e-01,3.479083020734042297e-01,1.436557624418062784e-01,1.509176602404062595e-01
1.531542208575658037e-01,4.590525272296164250e-02,2.243710902052496181e-01,1.894980351637258198e-01,2.443802201471075575e-01,1.426911809033895584e-01
1.531542208575658037e-01,4.590525272296164250e-02,2.243710902052496181e-01,1.894980351637258198e-01,2.443802201471075575e-01,1.426911809033895584e-01
1.451971124100650545e-01,4.824591769115887246e-02,2.913986612642491814e-01,1.707893617652586071e-01,2.025291138211114395e-01,1.418398330481568936e-01
5.828198405964592904e-02,3.715807672442322102e-02,1.603983954490299513e-01,4.186224408267705810e-01,1.499374736466627112e-01,1.756016292934677037e-01
2.726999999999999980e-01,2.172000000000000042e-01,2.172000000000000042e-01,0.000000000000000000e+00,2.172000000000000042e-01,7.580000000000000626e-02
1.531542208575658037e-01,4.590525272296164250e-02,2.243710902052496181e-01,1.894980351637258198e-01,2.443802201471075575e-01,1.426911809033895584e-01
0.000000000000000000e+00,0.000000000000000000e+00,0.000000000000000000e+00,1.000000000000000000e+00,0.000000000000000000e+00,0.000000000000000000e+00
1.493725563727021921e-01,4.477176607845995138e-02,2.343868275033507143e-01,2.495857552587900374e-01,1.671173705007742982e-01,1.547657242859225568e-01
9.978719680848244233e-02,4.106821293046434423e-03,1.891721130091765513e-01,4.484723094487192419e-01,9.913189328173735437e-02,1.593296661588380070e-01
1.142368239029526028e-01,9.829467011492018860e-03,2.560897694096208599e-01,3.069774354216379120e-01,1.674787285167047002e-01,1.453877757375919844e-01
4.649999999999999967e-02,0.000000000000000000e+00,3.952999999999999847e-01,0.000000000000000000e+00,5.000000000000000000e-01,5.809999999999999887e-02
1.515621778513588647e-01,5.572407594652286494e-02,2.130134779275325019e-01,2.163382062269827710e-01,1.375323923352234634e-01,2.258296697123794994e-01
1.514749461965768651e-01,4.540192002163404017e-02,2.219109511093082521e-01,1.980825136057871028e-01,2.345012338167190291e-01,1.486284352499746275e-01
1.638394081519699563e-01,5.580258794897765412e-02,2.157934393344878021e-01,2.368243614534415731e-01,2.124023132925209889e-01,1.153378898186019630e-01
1.126586377952683432e-01,3.379869227318223895e-02,1.641887992748510550e-01,4.683669378329753386e-01,1.259615975662005671e-01,9.502533525752236698e-02
7.412515586408340018e-02,3.936889760211506606e-02,1.193421467940177227e-01,4.818103880221381585e-01,1.123502689143734690e-01,1.730031428032721696e-01
4.608845478897807130e-02,1.376104976898250704e-02,2.932059352159865351e-01,2.907962028352187867e-01,1.770688698505576697e-01,1.790794875402764996e-01
1.422478075419686405e-01,8.616023096355104882e-02,1.845490949724556684e-01,2.778997621666746132e-01,1.260831851404173032e-01,1.830599192149326149e-01
1.310990593707430651e-01,1.645887780600329905e-02,2.615651787902920078e-01,3.074368614959090973e-01,1.197976055601153028e-01,1.636424169769373493e-01
1.702429216969472414e-01,7.999038149902247541e-02,1.956933116417044760e-01,1.962419662106970053e-01,1.840824718274742533e-01,1.737489471241545624e-01
0.000000000000000000e+00,1.474000000000000032e-01,0.000000000000000000e+00,6.320000000000000617e-02,0.000000000000000000e+00,7.894999999999999796e-01
1.015561805761099334e-01,9.483517162743928045e-03,1.641499734419307743e-01,4.658287013749056182e-01,8.257507575038061653e-02,1.764065516939291034e-01
7.275592925521333354e-02,3.926189623266389261e-02,8.879643045267986146e-02,3.936679659684472754e-01,6.481810544309102307e-02,3.406996726479046278e-01
1.312859342915811134e-01,7.206704312114990685e-02,2.524219712525667680e-01,2.049980492813141542e-01,1.577906570841889344e-01,1.814363449691991925e-01
8.526804394955722621e-02,2.067963172779779119e-03,1.322078953474712104e-01,4.971344632373429495e-01,9.120105941850428777e-02,1.921205748743445574e-01
1.531542208575658037e-01,4.590525272296164250e-02,2.243710902052496181e-01,1.894980351637258198e-01,2.443802201471075575e-01,1.426911809033895584e-01
9.378918052882288803e-02,0.000000000000000000e+00,1.806062430778825612e-01,5.451176894375208137e-01,7.239862794223594911e-02,1.080882590135377741e-01
2.054141835706517483e-02,0.000000000000000000e+00,2.260852145639295208e-01,4.439019196424309199e-01,1.961039185896721326e-01,1.133675288469022518e-01
1.532198289564856986e-01,4.578935391484415668e-02,2.281791391459415119e-01,1.889501560119355439e-01,2.420160895565045267e-01,1.418454324142885692e-01
1.315819549826978407e-01,4.451728626305596209e-02,1.748642814057588535e-01,3.748547572938824013e-01,9.973332486745611902e-02,1.744483951871487748e-01
8.539569581282366317e-02,6.070119327132070947e-02,1.137312955724770480e-01,4.704818983621045225e-01,1.090756484956541955e-01,1.606142684856197711e-01
7.128075032368760833e-02,4.558469036516174522e-02,1.975010263265929156e-01,3.595858903777934823e-01,1.271318645459425800e-01,1.989157780608216963e-01
8.485049313725805120e-02,2.055766279642122930e-03,1.104365795566536607e-01,5.501708312823928582e-01,8.140169587313227095e-02,1.710846338709210157e-01
1.497543241750133869e-01,4.492776069747787815e-02,2.182520857139721160e-01,2.719324668926063060e-01,1.674376176091455504e-01,1.476957449117847765e-01
6.824533238197169616e-02,2.682191158823337904e-02,1.540759900107027958e-01,4.157342241537745897e-01,5.379517616406662844e-02,2.813273657012508311e-01
1.531542208575658037e-01,4.590525272296164250e-02,2.243710902052496181e-01,1.894980351637258198e-01,2.443802201471075575e-01,1.426911809033895584e-01
6.553218406492455905e-02,3.662243173156673470e-02,1.913332423437516805e-01,4.264905668300979502e-01,1.068239561570200197e-01,1.731976188726390697e-01
1.693257162449384179e-01,7.653649995952298279e-02,2.050486756075918793e-01,2.742135948837040038e-01,1.530174432170822996e-01,1.218580700871605416e-01
1.001636778056465144e-01,0.000000000000000000e+00,2.777840187888261925e-01,2.445896558566522661e-01,2.361246576047186241e-01,1.413379899441563337e-01
6.229007130663735681e-02,4.073337247100262959e-02,1.341225965921991892e-01,4.993017573127244702e-01,1.103317564538918438e-01,1.532204458635444411e-01
1.118766813292362272e-01,2.103706300871976530e-03,1.713915696192217508e-01,4.261832422015335853e-01,1.034075350710309676e-01,1.850372654781055615e-01
4.713663366336633131e-02,2.074257425742574365e-02,1.508227722772277068e-01,4.119702970297029476e-01,2.314554455445544945e-01,1.378722772277227726e-01
1.514764396430910709e-01,4.540236765565469623e-02,2.219131390099790824e-01,2.591237843053022516e-01,1.732177440368458665e-01,1.488665253491270879e-01
7.770521463843278742e-02,3.924150376998071510e-02,1.455398669788949551e-01,4.240008370533130955e-01,1.662634180849812959e-01,1.472491594743971788e-01
1.346164505903576503e-01,2.507887498846917557e-02,3.294117148231203163e-01,1.837496633826046222e-01,1.917606403155744377e-01,1.353826558998739715e-01
1.530441403596814187e-01,4.597434155857510474e-02,2.214146253315793511e-01,1.898442463186416074e-01,2.463901905430962436e-01,1.433324558884262745e-01
1.514764396430910709e-01,4.540236765565469623e-02,2.364754184947569782e-01,1.899800700014789290e-01,2.176440347331281278e-01,1.590216694718902257e-01
1.163631976863234996e-01,3.997187270334748993e-02,1.839385516981934254e-01,2.570044429065084790e-01,2.082880285971431267e-01,1.944339064084839308e-01
4.334395261020469042e-02,7.084041567853108408e-03,1.388003949149609895e-01,5.470470437358141425e-01,7.219920813443393703e-02,1.915253590367332059e-01
7.052930949494048973e-02,1.801629455636165680e-02,3.117172218928142002e-01,2.821683249085191192e-01,1.856547904050052378e-01,1.319140587423593969e-01
1.023120042124182894e-01,2.838797787836964265e-02,2.239906228652380482e-01,3.318437587468270333e-01,1.907036175536016287e-01,1.227620187435454341e-01
1.013777830994922191e-01,3.029649113342429770e-02,1.509745535790649185e-01,4.527170787998247570e-01,1.136516449580191324e-01,1.509824484301746372e-01
1.514468615534130536e-01,4.407135362014689278e-02,2.954935667654950415e-01,1.551567990873046476e-01,2.413558032916188478e-01,1.124756156820214403e-01
1.364216244653668475e-01,3.212028202041202624e-02,3.600826880283038434e-01,1.754628471465798090e-01,1.838895200759550486e-01,1.120230382633824462e-01
9.566775721803717769e-02,1.973901768556892908e-02,1.585485174145409848e-01,4.236559115346547055e-01,1.602337772434240526e-01,1.421550189037742995e-01
1.075152711423921631e-01,9.628766296460760862e-03,1.785000410722597797e-01,4.199406416558429944e-01,1.615639840330101717e-01,1.228512958000340383e-01
1.531542208575658037e-01,4.590525272296164250e-02,2.243710902052496181e-01,1.894980351637258198e-01,2.443802201471075575e-01,1.426911809033895584e-01
1.923299208047709319e-01,7.299063168785520361e-02,1.893819496608730724e-01,1.695012543050299914e-01,2.652685850525894340e-01,1.105276584888813252e-01
1.160323829738928864e-01,1.001922581412403694e-02,3.071859858770448759e-01,2.292232374685350960e-01,1.977159660746365955e-01,1.398232017917666048e-01
4.482678765039631308e-02,7.326392909399044064e-03,1.520784429309781915e-01,4.508868514405414141e-01,7.466920704428466060e-02,2.702123180244002665e-01
1.412335294910131989e-01,1.663752310767098452e-02,1.827627538371581206e-01,4.045269507318760560e-01,1.033070879265110265e-01,1.515321549057707107e-01
1.023809271185901204e-01,1.611184203545926175e-02,1.727010366157731291e-01,4.391436513915266682e-01,1.232904327897378360e-01,1.463721100489129845e-01
1.208556638283635326e-01,2.103727078449019530e-03,2.088455303824363340e-01,3.868981260285608292e-01,1.366138636108302218e-01,1.446830890713600437e-01
1.517813736721258522e-01,4.559500742094637488e-02,2.195877340023901780e-01,2.747878916294299589e-01,1.695520401909346719e-01,1.386959530841730404e-01
1.532166420242435101e-01,4.567044058007905388e-02,2.314043371215721567e-01,1.884075099196428349e-01,2.401871777304121491e-01,1.411138926240503022e-01
