0.000000000000000000e+00,0.000000000000000000e+00,4.873243662183109337e-01,1.831091554577729263e-01,1.376568828441422365e-01,1.919095954797739867e-01
0.000000000000000000e+00,2.769432813783348490e-02,1.769877078685636596e-01,2.206292613288062532e-01,1.232914365273938689e-01,4.513972661374027751e-01
0.000000000000000000e+00,0.000000000000000000e+00,3.524697210223087240e-01,3.630896921645326153e-02,3.135562554919018030e-01,2.976650542693362045e-01
5.827210456072952349e-02,0.000000000000000000e+00,3.304186705874585517e-01,0.000000000000000000e+00,5.592466363126541440e-01,5.206258853915773921e-02
7.325043205271092317e-02,4.395037803781472185e-02,1.506000555222151704e-01,1.895489607250894215e-01,3.315507042591939180e-01,2.110994694029759144e-01
1.142999999999999988e-01,1.047499999999999959e-01,0.000000000000000000e+00,5.369000000000000439e-01,1.190500000000000030e-01,1.250000000000000000e-01
1.807036192011292064e-01,8.471881289418052574e-02,3.770977757113170292e-01,0.000000000000000000e+00,2.853819439832292471e-01,7.209784821014383893e-02
2.272246487535797138e-02,2.272246487535797138e-02,5.132610631475287982e-02,7.152669376782356814e-01,2.839002220633806903e-02,1.595720040499576386e-01
7.593586452881762039e-02,1.390046334877829276e-02,2.436747891596386384e-01,2.327744258141938027e-01,1.181372712423747473e-01,3.155771859061968776e-01
1.398155601655931002e-01,7.604163265481049538e-02,4.341675362082548784e-01,4.009052966888107528e-02,2.189823869581912497e-01,9.090235434426900685e-02
2.154609987747794358e-02,2.154609987747794358e-02,9.152677263527003726e-02,5.446201513089620194e-01,0.000000000000000000e+00,3.207608763008120145e-01
6.249748905719138860e-03,1.042410949557682869e-02,2.070030030869002557e-01,4.873969071892093191e-02,1.951390585625956686e-01,5.324443892302872516e-01
5.954400700161580073e-02,1.122911778096558899e-01,1.125010562488825278e-01,0.000000000000000000e+00,6.182072519920345233e-01,9.745650694781116119e-02
1.269981905933407519e-02,3.177656853995079050e-02,5.723024844185013726e-02,6.376930421282640989e-03,6.749425003187505823e-01,2.169739332188316550e-01
3.372105418010242772e-01,2.536288130380321415e-01,8.900445988145402887e-02,0.000000000000000000e+00,2.823853088795231780e-01,3.777087639996634660e-02
0.000000000000000000e+00,0.000000000000000000e+00,3.315309782974715930e-02,6.717469491185716901e-01,7.963579169413492753e-02,2.154641613575462022e-01
0.000000000000000000e+00,0.000000000000000000e+00,0.000000000000000000e+00,5.457499999999999574e-01,0.000000000000000000e+00,4.542500000000000426e-01
0.000000000000000000e+00,0.000000000000000000e+00,1.340138669462358489e-01,4.151461102970989137e-01,2.735835199301498433e-01,1.772565028265153664e-01
0.000000000000000000e+00,0.000000000000000000e+00,3.201966050416465426e-01,2.943373884518137029e-02,1.292394420314886827e-01,5.211302140816833628e-01
2.092879225452512759e-01,2.996642321328974456e-01,2.147426146280493470e-02,6.881281678103536026e-02,1.770765303510438704e-01,2.236842367269670506e-01
1.189605538541128327e-01,9.894674271388534392e-02,3.024576441656761649e-01,7.707983209419859427e-02,3.443737561147980353e-01,5.818147105732896646e-02
1.213176477967959632e-01,4.045916621146228992e-02,4.094919749928332964e-01,2.194954708904372775e-01,9.681808536304868651e-02,1.124176547454224379e-01
3.349364905389033698e-02,8.360014803851028090e-03,2.513363425003930715e-02,8.743854185882895536e-01,2.513363425003930715e-02,3.349364905389033698e-02
1.442408798517131052e-01,1.298212745957857961e-01,2.679361028485273688e-01,2.323641836516784909e-02,2.632334467273411138e-01,1.715318776114647670e-01
1.469100644363423580e-01,0.000000000000000000e+00,2.900218515841899714e-01,2.513921777685481085e-01,8.430000921950502046e-02,2.273758969914145278e-01
1.000000000000000056e-01,3.479999999999999760e-02,1.956499999999999906e-01,4.083500000000000463e-01,8.260000000000000675e-02,1.786000000000000087e-01
1.813165494695127000e-01,1.319427648085861882e-01,2.732957479739750450e-01,0.000000000000000000e+00,3.719128129211020095e-01,4.153212482682401563e-02
7.283006283407204851e-02,7.283006283407204851e-02,7.768912377468882580e-02,2.239028256295821917e-01,7.768912377468882580e-02,4.750588011528960042e-01
8.571061240232560885e-02,5.622616173592560884e-02,2.396325871748353764e-01,0.000000000000000000e+00,5.981600788537634328e-01,2.027055983315001128e-02
9.637987420562890706e-02,6.998028657720120616e-02,3.270399423100630032e-01,1.701485619067455435e-02,2.929183196910506992e-01,1.966667210253817133e-01
4.601912677965085824e-02,9.858282784479662983e-03,6.904940084759494945e-02,4.393398282201787519e-01,2.202373511137746265e-01,2.154960102543211908e-01
8.709564521773911772e-02,6.129693515324233927e-02,2.354882255887205678e-01,0.000000000000000000e+00,5.967701614919255215e-01,1.934903254837258210e-02
1.490226622233692122e-01,5.234964118218445733e-02,1.204713047783175506e-01,2.091199229390565684e-01,2.947811934738414630e-01,1.742552754032307694e-01
1.142999999999999988e-01,1.047500000000000098e-01,0.000000000000000000e+00,5.369000000000000439e-01,1.190499999999999892e-01,1.250000000000000000e-01
2.199163617620139843e-01,1.265581856060117305e-01,2.841020557977078087e-01,6.580940679962406226e-02,2.378045832350182409e-01,6.580940679962406226e-02
2.822800000000000309e-01,4.199999999999999567e-02,1.139999999999999902e-01,0.000000000000000000e+00,2.091999999999999971e-01,3.525199999999999445e-01
5.648235239044592515e-02,0.000000000000000000e+00,4.233423877997360280e-02,4.828661527626044725e-01,1.411508299503931307e-01,2.771664261165827647e-01
0.000000000000000000e+00,9.442719099991588039e-02,0.000000000000000000e+00,5.406185736277395737e-01,0.000000000000000000e+00,3.649542353723446708e-01
1.203728690540243063e-01,4.188975843080045697e-02,4.437932644842529362e-01,0.000000000000000000e+00,2.576312786993916748e-01,1.363128293315305495e-01
3.696895970756444716e-02,0.000000000000000000e+00,3.206413204556711194e-01,6.023407898468819896e-03,1.838313427439326464e-01,4.525349691943629238e-01
7.203173849668123574e-02,2.218794805791117486e-01,6.001954518786147691e-02,6.001954518786147691e-02,4.646400943441056919e-01,1.214095962043783700e-01
0.000000000000000000e+00,4.544999999999999735e-02,3.761999999999999789e-01,1.138499999999999790e-01,6.189999999999998975e-02,4.026000000000000134e-01
0.000000000000000000e+00,0.000000000000000000e+00,3.203839808009599222e-01,4.411779411029448372e-01,1.986900654967251600e-01,3.974801259937003201e-02
0.000000000000000000e+00,0.000000000000000000e+00,3.606426238250783761e-02,8.045463635757615917e-01,0.000000000000000000e+00,1.593893740417305360e-01
1.419712816683735279e-01,1.320564266133823494e-01,3.300230325447059410e-02,4.273059444278405339e-01,1.651059434633529166e-01,1.005581005725801336e-01
8.561756435658987585e-02,0.000000000000000000e+00,3.481047226326389188e-01,1.842249546607625521e-01,1.202993364930996373e-01,2.617534218569090299e-01
0.000000000000000000e+00,0.000000000000000000e+00,8.947466519655937478e-02,5.456704260280461627e-01,3.096299168187662335e-02,3.338919170935179537e-01
2.549872506374681325e-02,6.949652517374133032e-02,1.407929603519824102e-01,5.759712014399280822e-01,0.000000000000000000e+00,1.882405879706015028e-01
1.135056752837641791e-02,1.135056752837641791e-02,1.647582379118955609e-01,0.000000000000000000e+00,8.525426271313565896e-02,7.272863643182158055e-01
0.000000000000000000e+00,6.809805645660804707e-02,1.062361977018098057e-02,1.645544590371622595e-01,0.000000000000000000e+00,7.567238647360488013e-01
4.006359328622009774e-02,2.879893355377471063e-03,2.203354473696172988e-01,0.000000000000000000e+00,4.835279473120864813e-01,2.531931186766986919e-01
0.000000000000000000e+00,0.000000000000000000e+00,0.000000000000000000e+00,8.365000000000000213e-01,0.000000000000000000e+00,1.634999999999999787e-01
1.491461860358661573e-01,0.000000000000000000e+00,2.687361494898637959e-01,3.746306152609307771e-01,7.182074348454138557e-02,1.356663057287978424e-01
0.000000000000000000e+00,2.040000000000000147e-02,1.953999999999999904e-01,4.684499999999999775e-01,6.119999999999999746e-02,2.545499999999999985e-01
7.504728968455440241e-02,3.412406676254951809e-02,1.408562143429221425e-01,4.187485146255333079e-01,5.831480802936934299e-02,2.729091065550712791e-01
2.501415693713635036e-01,2.887038778301075914e-01,7.277480294204709266e-02,0.000000000000000000e+00,3.155021170957750254e-01,7.287763276070682861e-02
6.276817874681488163e-02,0.000000000000000000e+00,5.726797787957461638e-01,0.000000000000000000e+00,1.709332677966976521e-01,1.936187746607412330e-01
2.918844107140074889e-02,1.679037971947702212e-01,1.639912949991223154e-02,5.001135989097321710e-01,2.043993858246233863e-01,8.199564749956114729e-02
2.435999999999999971e-02,8.696000000000000951e-02,1.653199999999999947e-01,1.203199999999999964e-01,1.230200000000000043e-01,4.800200000000000022e-01
7.444559193303669498e-02,4.652151393864933232e-02,0.000000000000000000e+00,1.227421263512063279e-02,2.525311847578219915e-01,6.142274967353714699e-01
1.001358093365797841e-01,1.399290716789521327e-01,1.911395706946522610e-01,1.861050810054570570e-01,4.550188067903625233e-02,3.371885866053224712e-01
2.055000000000000229e-02,0.000000000000000000e+00,4.110000000000000459e-02,4.993500000000001271e-01,3.835500000000000576e-01,5.545000000000000623e-02
4.678701792424223155e-02,1.152119785540603736e-01,1.323382132035589576e-01,7.707326266052892672e-02,5.384562495515958780e-01,9.013327810601373669e-02
1.513410166011013580e-01,2.471606128084127552e-01,2.853031449104215245e-01,3.268280383729777611e-02,1.806846994330050804e-01,1.028277224097615683e-01
1.076144570650586219e-02,0.000000000000000000e+00,3.158822409241739959e-01,2.331790055685689922e-01,2.442464144614372723e-01,1.959308933393139329e-01
5.544443555484438596e-02,2.296983758700696099e-01,1.895351628130250432e-01,1.134490759260740889e-01,2.613809104728377908e-01,1.504920393631490327e-01
1.128694956252739856e-01,2.793567170566278457e-01,1.083050635806598189e-01,2.314730867923461000e-01,4.560495255177708651e-02,2.223906843933152744e-01
7.679232076792320838e-02,6.299370062993700850e-03,3.293170682931707005e-01,0.000000000000000000e+00,5.293470652934707532e-01,5.824417558244175674e-02
1.547965026855827320e-01,3.729852758641227783e-02,2.453864522006899140e-01,1.428040669778870564e-01,2.075260673005632217e-01,2.121883832488647703e-01
0.000000000000000000e+00,0.000000000000000000e+00,4.371978943296105091e-02,4.641949016875157596e-01,0.000000000000000000e+00,4.920853088795231201e-01
6.108257917992446218e-02,4.072171945328297016e-02,1.917324390943401236e-01,2.443751150909335632e-02,4.454949404332840812e-01,2.365308103300750031e-01
0.000000000000000000e+00,9.336751229577332223e-02,2.640011881185789777e-01,2.492434930521888192e-01,1.866304697065569729e-02,3.747247595628031558e-01
1.590079503975198871e-02,1.275063753187659354e-02,5.322766138306914696e-01,6.190309515475773960e-02,2.975648782439122009e-01,7.960398019900995215e-02
1.142999999999999988e-01,1.047499999999999959e-01,0.000000000000000000e+00,5.369000000000000439e-01,1.190500000000000030e-01,1.250000000000000000e-01
5.971769055552256407e-03,2.959920314491118476e-03,2.252061729787818711e-01,3.746111612825352988e-01,2.536703637945458834e-01,1.375806125740934860e-01
0.000000000000000000e+00,9.126841610888822287e-03,2.146579980813414223e-01,3.480933977278877767e-01,3.047764856637923958e-01,1.233452769160897078e-01
1.401791436557340564e-01,5.956545215321759623e-02,3.190613928833449520e-01,7.709032867431632463e-02,3.156363451106106721e-01,8.846733752277637086e-02
1.336115498660164214e-01,0.000000000000000000e+00,2.868812628448542124e-01,0.000000000000000000e+00,4.660597066924050402e-01,1.134474805967242844e-01
0.000000000000000000e+00,0.000000000000000000e+00,0.000000000000000000e+00,6.071499999999999675e-01,0.000000000000000000e+00,3.928499999999999770e-01
0.000000000000000000e+00,0.000000000000000000e+00,0.000000000000000000e+00,5.457500000000000684e-01,0.000000000000000000e+00,4.542499999999999871e-01
4.906166405685682963e-02,4.412930815078492525e-02,1.324315736196651494e-01,3.983440362829884784e-01,1.274992177135932658e-01,2.485342001761114139e-01
1.403049581381361245e-02,1.403049581381361245e-02,1.462199040036489539e-01,5.898395784709430378e-01,8.423069765775860474e-02,1.516488282400219600e-01
8.401615499760821393e-02,0.000000000000000000e+00,4.579867040042672616e-02,2.010457600741671624e-01,7.638304326420376766e-02,5.927563712635941506e-01
2.664341503476307799e-02,0.000000000000000000e+00,1.191121697504698707e-01,7.048970915991015218e-01,3.221053460935471152e-02,1.171367890063108458e-01
1.529999999999999971e-01,2.189999999999999933e-02,3.332999999999999852e-01,0.000000000000000000e+00,1.529999999999999971e-01,3.387999999999999901e-01
1.368499999999999717e-01,5.584999999999999687e-02,2.181499999999999828e-01,0.000000000000000000e+00,5.762500000000000400e-01,1.289999999999999827e-02
7.857191083456847858e-02,0.000000000000000000e+00,0.000000000000000000e+00,4.230855709302174805e-01,6.544313472679949562e-02,4.328993835084146702e-01
3.274984285293221498e-01,1.385769023678089587e-02,1.913642028803006767e-01,9.141091489675685910e-03,3.789794473157908627e-01,7.915913954812973941e-02
2.105136697986893443e-02,0.000000000000000000e+00,6.315410093960679982e-02,6.916829422545697215e-01,6.315410093960679982e-02,1.609574888863478659e-01
2.216142857142857081e-01,1.335142857142857242e-01,2.080999999999999794e-01,2.800000000000000058e-02,3.377999999999999337e-01,7.097142857142857419e-02
8.790116569809168501e-02,0.000000000000000000e+00,8.790116569809168501e-02,4.580150689601634184e-01,8.790116569809168501e-02,2.782814339455615404e-01
8.509163456298683703e-02,1.228679844294848361e-01,1.742445114958728614e-01,1.589587140547878974e-01,2.462761314767331622e-01,2.125610239801344059e-01
1.071240751330261032e-01,1.221693277306531017e-01,3.818333663155678570e-01,6.157263537425378130e-02,2.454023524447853100e-01,8.189824300171406890e-02
2.441676700073164286e-01,1.919989984769412406e-01,2.478714802299169240e-01,0.000000000000000000e+00,2.500972092225459131e-01,6.586464206327943827e-02
8.751993591032304620e-02,1.103634421181091951e-01,7.787197206396388738e-02,1.967777766841929676e-01,2.041938700102544912e-01,3.232730032131564402e-01
0.000000000000000000e+00,0.000000000000000000e+00,2.888340752850306892e-01,5.505623439432764110e-01,3.729129805817387074e-03,1.568744509658756559e-01
2.679164477248517362e-01,3.910794688077571385e-02,4.001468505645862095e-01,5.211483099960513565e-02,1.036789314328481204e-01,1.370349923973330775e-01
1.240408205773457506e-01,4.316620556091631949e-02,2.960092094142802166e-01,2.465255168162243660e-01,1.024577177968876013e-01,1.878005298343457252e-01
1.295092196204495893e-01,1.031514576514912102e-01,4.044706961029394532e-01,0.000000000000000000e+00,2.355660106005333099e-01,1.273026160245863403e-01
0.000000000000000000e+00,4.164847315053318150e-02,0.000000000000000000e+00,3.714293557981691030e-01,2.361663737331881618e-01,3.507557973181095190e-01
1.663063427632449909e-01,1.782044853901513792e-01,8.675507421098879735e-02,1.381699835016655664e-01,3.753520014485178802e-01,5.521211268543126105e-02
1.214439278036098246e-01,8.929553522323883941e-02,4.999750012499375174e-02,0.000000000000000000e+00,1.124943752812359310e-01,6.267686615669216810e-01
0.000000000000000000e+00,0.000000000000000000e+00,4.317976399262369869e-01,0.000000000000000000e+00,4.559127894855821150e-01,1.122895705881808842e-01
0.000000000000000000e+00,0.000000000000000000e+00,7.000000000000000666e-02,7.651000000000000023e-01,0.000000000000000000e+00,1.648999999999999910e-01
7.990381056766580892e-02,8.360014803851028090e-03,7.154379576381478256e-02,4.102838034505350562e-01,1.295564976560341086e-01,3.003520777580992451e-01
2.268117581287611428e-01,1.923440330468005055e-01,4.217131059824025807e-01,0.000000000000000000e+00,1.591311028420358265e-01,0.000000000000000000e+00
1.427697194245655388e-01,0.000000000000000000e+00,5.324444584997062302e-01,0.000000000000000000e+00,3.179565465000419588e-01,6.829275575686339847e-03
4.478656942092066467e-02,0.000000000000000000e+00,9.392324412528338384e-02,1.343160566356461083e-01,4.621065794076874567e-01,2.648675504104625045e-01
3.710530455081137435e-01,1.800472883611900776e-01,1.045371339460443999e-01,0.000000000000000000e+00,2.847515171164639036e-01,5.961101506818795859e-02
2.169103004671314727e-01,1.529222138366218564e-01,1.362652689769119074e-01,4.291715830946176563e-02,2.670408903420368185e-01,1.839441680678361446e-01
2.295460559955217472e-02,8.309743933430520368e-02,4.590921119910434944e-02,1.057688262341912738e-01,4.284301205697438886e-01,3.138397970631030542e-01
0.000000000000000000e+00,2.084999999999999701e-02,1.353999999999999926e-01,2.742999999999999883e-01,0.000000000000000000e+00,5.694500000000000117e-01
1.219657988463830438e-02,1.076463965134690642e-01,1.462431683002991256e-01,3.045285293980892413e-02,5.281952767734336973e-01,1.752657255883508514e-01
1.894679320162031833e-01,1.205724972954766577e-01,2.542323442274178058e-01,0.000000000000000000e+00,3.301552274668121956e-01,1.055719989940902964e-01
2.868336354025692314e-01,1.857828763045926146e-01,2.044889144743511633e-01,0.000000000000000000e+00,2.407901312440602903e-01,8.210444257442686689e-02
8.350572857152736839e-02,4.592391598982423911e-02,3.864574040583950154e-01,2.753851376079460844e-01,1.283873538452814378e-01,8.034045992702584793e-02
8.152371034996595822e-02,1.177160836709381098e-01,6.942496862286910708e-02,2.982176043907662777e-01,1.871929782239664108e-01,2.459246547414942197e-01
7.668828659934794068e-02,2.557537333061627935e-02,2.351723677856669137e-01,5.421549839995493114e-01,4.089789729348550923e-02,7.951109099133397973e-02
2.868336354025691759e-01,1.857828763045925591e-01,2.044889144743511356e-01,0.000000000000000000e+00,2.407901312440602348e-01,8.210444257442685301e-02
3.323833808309584192e-01,1.048447577621118981e-01,2.346882655867206791e-01,0.000000000000000000e+00,1.863406829658516839e-01,1.417429128543572781e-01
1.777925883230682680e-01,1.649249097685165366e-01,2.638596484113820417e-01,1.606299240535144224e-01,2.174847868291514830e-01,1.530814261436713036e-02
1.529999999999999971e-01,2.189999999999999933e-02,3.332999999999999852e-01,0.000000000000000000e+00,1.529999999999999971e-01,3.387999999999999901e-01
5.702590301343966189e-02,0.000000000000000000e+00,2.533794788637591111e-01,2.608909922950121696e-01,3.800248746696562735e-02,3.907011383608232635e-01
2.413386992356787997e-01,2.017867580317404819e-01,3.111572928434530594e-01,0.000000000000000000e+00,1.288623528293314779e-01,1.168548970597962644e-01
9.620481024051201480e-02,1.275063753187659181e-02,4.772238611930595953e-01,0.000000000000000000e+00,3.342167108355417748e-01,7.960398019900993827e-02
2.902212950121585422e-02,2.000438301490266302e-02,2.950707675299177879e-01,4.131809616873906577e-01,1.021380178919008841e-01,1.405837403746721948e-01
1.989564900441015763e-02,0.000000000000000000e+00,4.675486701601065942e-01,1.559427852784437130e-01,2.200710494584004751e-01,1.365418460986389526e-01
0.000000000000000000e+00,1.077767864816698284e-01,0.000000000000000000e+00,1.083920216900383787e-02,5.078815119276814949e-01,3.735024994216447625e-01
0.000000000000000000e+00,2.040102005100255175e-02,1.683584179208960641e-01,7.655382769138457943e-02,6.120306015300765179e-02,6.734836741837092466e-01
3.337865629305281773e-02,6.643078957573740617e-02,2.147997899159208302e-01,1.226558131162219373e-01,7.340140530794553309e-02,4.893335457911214270e-01
1.822499999999999953e-01,1.448500000000000065e-01,2.356999999999999651e-01,2.263999999999999901e-01,1.730500000000000094e-01,3.774999999999999883e-02
9.404882051804669407e-02,8.161984385222834093e-02,1.709676267681295714e-01,3.176766762602176719e-01,1.748450750644753304e-01,1.608419575369023358e-01
1.554728437358989523e-01,8.200920457895213497e-03,4.632260795270513598e-01,0.000000000000000000e+00,2.460499692018823237e-01,1.270501870772723363e-01
0.000000000000000000e+00,0.000000000000000000e+00,0.000000000000000000e+00,5.868277347994739213e-01,4.752019522780399907e-02,3.656520699727221491e-01
2.962407997483515725e-03,0.000000000000000000e+00,8.887223992450548476e-03,1.364449026350803527e-02,7.900943284392282218e-01,1.844115493073296697e-01
2.959207556001806627e-01,0.000000000000000000e+00,0.000000000000000000e+00,4.138358735133668698e-01,1.178087344003137804e-01,1.724346364861387981e-01
1.289934967440941986e-02,0.000000000000000000e+00,3.092262638638234584e-01,1.289934967440941986e-02,5.764094119818741202e-01,8.856562480548364757e-02
2.830141507075353835e-02,1.275063753187659181e-02,2.469623481174058333e-01,1.198559927996399738e-01,4.546727336366818695e-01,1.374568728436421639e-01
0.000000000000000000e+00,0.000000000000000000e+00,4.328256695894719397e-02,5.648771438510852283e-01,1.384514306503883962e-01,2.533888585395792648e-01
2.189481255359350953e-01,1.107741442025685225e-01,2.404130335126307971e-01,4.702901245107601186e-02,3.405361431553530216e-01,4.229954114243673208e-02
1.478496982453504915e-01,5.159783574240104503e-02,4.469562004681568723e-01,0.000000000000000000e+00,2.498854064560586119e-01,1.037108590880329168e-01
8.092054570409554226e-02,2.685679289883193821e-01,6.891131822062149248e-02,8.428737671583226565e-02,1.858080046262830520e-01,3.115048257448481683e-01
1.768924188963330313e-01,4.941216804994071760e-02,4.065825750324986720e-01,0.000000000000000000e+00,2.677456680427981461e-01,9.936716997842949539e-02
8.964999999999997971e-02,3.009999999999999482e-02,2.843999999999999861e-01,0.000000000000000000e+00,5.008499999999999064e-01,9.500000000000000111e-02
1.000000000000000056e-01,3.479999999999999760e-02,1.956499999999999906e-01,4.083499999999999908e-01,8.260000000000000675e-02,1.785999999999999810e-01
6.376476400837369218e-02,2.656865167015570392e-02,1.169020673486850931e-01,3.163232024528979669e-01,2.391178650314013110e-01,2.373234494884861878e-01
1.420520473594769073e-01,1.638766258708821422e-01,0.000000000000000000e+00,2.187265027024094463e-02,1.529643366151795247e-01,5.192343398842204083e-01
0.000000000000000000e+00,0.000000000000000000e+00,0.000000000000000000e+00,4.862155718498873958e-01,2.905524667067411193e-01,2.232319614433714294e-01
1.282859652727425803e-01,4.464351591491440979e-02,2.509914910561207857e-01,1.999745858369573748e-01,1.059642073152853720e-01,2.701402346039795122e-01
1.288064403220161025e-01,0.000000000000000000e+00,1.385069253462673233e-01,4.881244062203110023e-01,0.000000000000000000e+00,2.445622281114055718e-01
2.200000000000000219e-02,0.000000000000000000e+00,6.594999999999999474e-02,5.534999999999999920e-01,7.690000000000001001e-02,2.816500000000000115e-01
1.225671869160999961e-01,5.569473649007811861e-02,4.698947014515337250e-01,8.909865617148227113e-02,5.569473649007811861e-02,2.070499824807278122e-01
2.567837124840976690e-02,0.000000000000000000e+00,3.178624541050867336e-01,1.500771075058413562e-01,3.923210482490674389e-01,1.140610188915947426e-01
1.667935484139502766e-01,1.386333957415591123e-01,1.925308101473137967e-01,1.097921620044889773e-01,3.392548682403749849e-01,5.299521545231278274e-02
1.529999999999999971e-01,2.189999999999999933e-02,3.332999999999999852e-01,0.000000000000000000e+00,1.529999999999999971e-01,3.387999999999999901e-01
1.822500000000000231e-01,1.448500000000000343e-01,2.357000000000000206e-01,2.263999999999999901e-01,1.730500000000000371e-01,3.774999999999999883e-02
9.398374121822374028e-02,7.972198041419700787e-03,5.388994623564983266e-01,0.000000000000000000e+00,1.865180427601939861e-01,1.726265556236643295e-01
0.000000000000000000e+00,0.000000000000000000e+00,1.038382463138501355e-01,6.561671729057082514e-01,6.049661695407286544e-02,1.794979638263687338e-01
2.904999999999999943e-02,0.000000000000000000e+00,3.680999999999999828e-01,2.885500000000000287e-01,1.732499999999999873e-01,1.410500000000000087e-01
0.000000000000000000e+00,0.000000000000000000e+00,0.000000000000000000e+00,8.584499999999999353e-01,0.000000000000000000e+00,1.415499999999999814e-01
0.000000000000000000e+00,0.000000000000000000e+00,0.000000000000000000e+00,8.225746391493337084e-01,0.000000000000000000e+00,1.774253608506663471e-01
5.505102572168219660e-02,0.000000000000000000e+00,5.505102572168219660e-02,3.165306768679140292e-01,1.238648078737849267e-01,4.495024638149366369e-01
0.000000000000000000e+00,0.000000000000000000e+00,0.000000000000000000e+00,6.737636469387956462e-01,0.000000000000000000e+00,3.262363530612044094e-01
1.150344758905626381e-02,0.000000000000000000e+00,1.296487531187586473e-01,3.667417099649203927e-01,3.591101681138527124e-01,1.329959212134119717e-01
1.403049581381361419e-02,1.403049581381361419e-02,1.462199040036489817e-01,5.898395784709431489e-01,8.423069765775860474e-02,1.516488282400219878e-01
0.000000000000000000e+00,6.326985915752551294e-03,1.556005935585217936e-01,2.666166956107474117e-01,6.488094692162739430e-02,5.065747779933507111e-01
0.000000000000000000e+00,0.000000000000000000e+00,3.398864662187729008e-02,7.636428027855741707e-01,0.000000000000000000e+00,2.023685505925485462e-01
9.751221333830623061e-02,0.000000000000000000e+00,4.098978458887185816e-01,1.332438704909002236e-01,1.107245658588811438e-01,2.486215044231938065e-01
1.433335750682944165e-01,4.620507911081351421e-02,2.706752608432976825e-01,1.343009198453468112e-01,2.658519589126008276e-01,1.396332062196468105e-01
1.419712816683735279e-01,1.320564266133823494e-01,3.300230325447060103e-02,4.273059444278404229e-01,1.651059434633529166e-01,1.005581005725801197e-01
1.142999999999999988e-01,1.047499999999999959e-01,0.000000000000000000e+00,5.369000000000000439e-01,1.190500000000000030e-01,1.250000000000000000e-01
8.790116569809168501e-02,0.000000000000000000e+00,8.790116569809168501e-02,3.314655054064702955e-01,8.790116569809168501e-02,4.048309974992546634e-01
1.866093304665233654e-01,8.140407020351018985e-02,2.147107355367768589e-01,2.742137106855342954e-01,5.910295514775740222e-02,1.839591979598980132e-01
5.135845314111365384e-02,0.000000000000000000e+00,1.163567976880761495e-01,5.794805063961782077e-01,1.926937311651085588e-02,2.335348696581209804e-01
0.000000000000000000e+00,1.176500000000000185e-01,3.762000000000000344e-01,6.189999999999999669e-02,3.559999999999999831e-01,8.825000000000000899e-02
0.000000000000000000e+00,0.000000000000000000e+00,1.960802991900272019e-02,5.228544995349995173e-01,6.515128152000904289e-03,4.510223423939968002e-01
0.000000000000000000e+00,0.000000000000000000e+00,0.000000000000000000e+00,9.145057570542275416e-01,0.000000000000000000e+00,8.549424294577244454e-02
0.000000000000000000e+00,0.000000000000000000e+00,4.731148360522584584e-01,2.222571260128713422e-01,0.000000000000000000e+00,3.046280379348701994e-01
2.157770876399966453e-01,1.177918313367169734e-01,3.442197362015554374e-01,0.000000000000000000e+00,1.805468034316331238e-01,1.416645413900977646e-01
1.419712816683735279e-01,1.320564266133823494e-01,3.300230325447060103e-02,4.273059444278404229e-01,1.651059434633529166e-01,1.005581005725801197e-01
1.667935484139502766e-01,1.386333957415591123e-01,1.925308101473137967e-01,1.097921620044889773e-01,3.392548682403749849e-01,5.299521545231278274e-02
0.000000000000000000e+00,0.000000000000000000e+00,0.000000000000000000e+00,6.649068276024796553e-01,0.000000000000000000e+00,3.350931723975202337e-01
0.000000000000000000e+00,8.739865897054897859e-02,6.106489386723563950e-02,6.329917256660021474e-01,6.557303126283213490e-02,1.529716902333811135e-01
4.009052966888107528e-02,1.585472449601810496e-01,1.283506691300299318e-01,4.009052966888107528e-02,4.551836062057070253e-01,1.777374203663197039e-01
5.519999999999999907e-02,0.000000000000000000e+00,3.896999999999999909e-01,0.000000000000000000e+00,3.991999999999999993e-01,1.559000000000000108e-01
0.000000000000000000e+00,0.000000000000000000e+00,7.000000000000000666e-02,7.651000000000000023e-01,0.000000000000000000e+00,1.648999999999999633e-01
1.785938545218260787e-01,1.328329151661102325e-01,1.046877079651595821e-01,2.255263035903969371e-01,3.583592187565071696e-01,0.000000000000000000e+00
0.000000000000000000e+00,0.000000000000000000e+00,0.000000000000000000e+00,6.071500000000000785e-01,0.000000000000000000e+00,3.928500000000000325e-01
5.049186155412972721e-02,6.150192455396970986e-02,2.484719654449792092e-01,6.630077238768267156e-02,1.880177631983659392e-01,3.852157128608725833e-01
0.000000000000000000e+00,1.211132926416644134e-01,1.354420315499849647e-01,1.130705601975868883e-02,3.704542473791535007e-01,3.616833724094384306e-01
4.477194659138443444e-02,7.038114681130847039e-02,9.599034703123250634e-02,6.538824784509312815e-01,8.318574692127049530e-02,5.178833419387302017e-02
1.419712816683735279e-01,1.320564266133823494e-01,3.300230325447060103e-02,4.273059444278404229e-01,1.651059434633529166e-01,1.005581005725801197e-01
5.817109347901232991e-02,0.000000000000000000e+00,4.359997162315835950e-02,4.696966269931919236e-01,1.453710367253290558e-01,2.831612711793083936e-01
0.000000000000000000e+00,0.000000000000000000e+00,0.000000000000000000e+00,8.105988258412167857e-01,0.000000000000000000e+00,1.894011741587831865e-01
1.197399557500859468e-01,7.969300798006377640e-02,2.776649889176804331e-01,0.000000000000000000e+00,3.791166644356526172e-01,1.437853829165173236e-01
1.529999999999999971e-01,2.189999999999999933e-02,3.332999999999999852e-01,0.000000000000000000e+00,1.529999999999999971e-01,3.387999999999999901e-01
0.000000000000000000e+00,0.000000000000000000e+00,2.779861006949652102e-02,4.999750012499374896e-01,2.779861006949652102e-02,4.444277786110694128e-01
0.000000000000000000e+00,4.164847315053318150e-02,0.000000000000000000e+00,3.714293557981691030e-01,2.361663737331881618e-01,3.507557973181095190e-01
2.717195466854249036e-02,2.167318511360538380e-01,7.065566727396672964e-02,1.519846479529959882e-01,5.975254486352472166e-02,4.737033341049161628e-01
1.657142857142857306e-01,6.119999999999999746e-02,3.178857142857143270e-01,0.000000000000000000e+00,2.872571428571428775e-01,1.679428571428571437e-01
1.102141474586863928e-01,1.325935093186974278e-01,2.204719440846831524e-01,0.000000000000000000e+00,3.843583886605682065e-01,1.523620104773649453e-01
1.275602489196819567e-01,8.726067955878114013e-02,1.275602489196819567e-01,3.210881995047540349e-01,1.006938693457480882e-01,2.358367537513528234e-01
1.007934642334186170e-01,2.171922440175899638e-01,1.863199122460103274e-01,1.545180839635225123e-01,1.179567983886698618e-01,2.232194971507887316e-01
2.770999999999999575e-01,1.879499999999999504e-01,1.997499999999999554e-01,6.894999999999998352e-02,1.972999999999999754e-01,6.894999999999998352e-02
0.000000000000000000e+00,0.000000000000000000e+00,3.063346832658367380e-01,3.279836008199590869e-02,3.847807609619519620e-01,2.760861956902154746e-01
6.317289455405573906e-02,2.908768297357446908e-01,5.031592481533152250e-02,1.241604670556970963e-01,5.031592481533152250e-02,4.211579590238395121e-01
1.238323737986714856e-01,0.000000000000000000e+00,3.736221680467107786e-01,9.470100014882873452e-02,2.063429319040454568e-01,2.015015261017435999e-01
4.849942264126275854e-02,1.210545589125918559e-02,3.639396675000357295e-02,8.181077653262082139e-01,3.639396675000357295e-02,4.849942264126275854e-02
0.000000000000000000e+00,0.000000000000000000e+00,6.292856398964494224e-02,5.395539737575929529e-01,0.000000000000000000e+00,3.975174622527620771e-01
0.000000000000000000e+00,4.164847315053318844e-02,0.000000000000000000e+00,3.714293557981691030e-01,2.361663737331881896e-01,3.507557973181095190e-01
1.924064444026532816e-01,1.529222138366218287e-01,1.974211528301572996e-02,3.714293557981691030e-01,1.627932714781297197e-01,1.007065992014102851e-01
2.555057968918405739e-02,1.311247859316668624e-02,1.841923429663429312e-01,2.615170311598048747e-02,2.318302227403362670e-01,5.191626728949896297e-01
5.809526674131126195e-02,4.356215778683096562e-02,1.393840372872151290e-01,1.458219462456851467e-01,1.306864733604929107e-01,4.824501185784645929e-01
0.000000000000000000e+00,0.000000000000000000e+00,0.000000000000000000e+00,3.917869424090119623e-01,3.147629680102342897e-01,2.934500895807537479e-01
3.400000000000000244e-02,4.850000000000001012e-03,5.825000000000001010e-02,6.814500000000000002e-01,5.825000000000001010e-02,1.632000000000000117e-01
0.000000000000000000e+00,0.000000000000000000e+00,0.000000000000000000e+00,6.997777910511143729e-01,0.000000000000000000e+00,3.002222089488855716e-01
2.451854809304664928e-01,8.382798261810818496e-02,1.548561421518157843e-01,5.812427874360132779e-02,2.710311193027610810e-01,1.869749962532470944e-01
4.095285720164244109e-02,0.000000000000000000e+00,3.830492266176061533e-01,3.197455644284071807e-01,1.440739686239774775e-01,1.121783831283667682e-01
1.396200399026112371e-01,1.555010610064645471e-01,9.596568338107645812e-02,1.482044425744268590e-01,1.614208249611286394e-01,2.992879481742922176e-01
2.450385606447817027e-02,1.242064097885989676e-01,1.165231536938961671e-01,4.291715830946175175e-02,4.147372501331544892e-01,2.771121720104103292e-01
1.073369112303743378e-01,1.672055735191172732e-01,9.250308343611453321e-02,4.360145338177939117e-02,2.372412413747124749e-01,3.521117370579018857e-01
0.000000000000000000e+00,1.457991257822121578e-01,0.000000000000000000e+00,1.438348841311690163e-01,0.000000000000000000e+00,7.103659900866187149e-01
0.000000000000000000e+00,0.000000000000000000e+00,0.000000000000000000e+00,8.003418960469493859e-01,0.000000000000000000e+00,1.996581039530506974e-01
0.000000000000000000e+00,1.164428571428571396e-01,0.000000000000000000e+00,1.561428571428571388e-01,0.000000000000000000e+00,7.274142857142857910e-01
2.199163617620140121e-01,1.265581856060117860e-01,2.841020557977078642e-01,6.580940679962407613e-02,2.378045832350182687e-01,6.580940679962407613e-02
0.000000000000000000e+00,0.000000000000000000e+00,8.551377792853351312e-02,4.582005844524307259e-01,5.130826675712012175e-02,4.049773708619155421e-01
2.154624387395242535e-01,1.792339128758000388e-01,3.354402263101305959e-01,0.000000000000000000e+00,1.907009920289048921e-01,7.916243004564017804e-02
3.349364905389033698e-02,8.360014803851028090e-03,2.513363425003931062e-02,8.743854185882897756e-01,2.513363425003931062e-02,3.349364905389033698e-02
0.000000000000000000e+00,0.000000000000000000e+00,4.956260247077986514e-01,0.000000000000000000e+00,2.205682141424964438e-01,2.838057611497050159e-01
1.529999999999999971e-01,2.189999999999999933e-02,3.332999999999999852e-01,0.000000000000000000e+00,1.529999999999999971e-01,3.387999999999999901e-01
0.000000000000000000e+00,8.750437521876094221e-03,0.000000000000000000e+00,7.885894294714735908e-01,0.000000000000000000e+00,2.026601330066503115e-01
1.141781858038148634e-01,1.226635630690644241e-01,7.068173406902825140e-02,2.305359123260307674e-01,1.669722913355859983e-01,2.949683133964757231e-01
7.542429910330572529e-02,2.826608532360979156e-02,3.659307162579734096e-01,4.711014220601632274e-02,3.225799970613387746e-01,1.606887600477559797e-01
0.000000000000000000e+00,0.000000000000000000e+00,0.000000000000000000e+00,7.463264727353117189e-01,0.000000000000000000e+00,2.536735272646883366e-01
0.000000000000000000e+00,0.000000000000000000e+00,0.000000000000000000e+00,7.103470826815416750e-01,0.000000000000000000e+00,2.896529173184583805e-01
1.440246609235316388e-01,2.152381792260360180e-02,1.870722967687388494e-01,0.000000000000000000e+00,2.860818592127153948e-01,3.612973651724104562e-01
1.529999999999999971e-01,2.189999999999999933e-02,3.332999999999999852e-01,0.000000000000000000e+00,1.529999999999999971e-01,3.387999999999999901e-01
9.474988284196793342e-02,8.460214341279170824e-02,2.987737108866211910e-01,4.009052966888106834e-02,3.908813788454689186e-01,9.090235434426899297e-02
1.503500000000000114e-01,1.398500000000000021e-01,3.495000000000000190e-02,4.166500000000000203e-01,1.748500000000000054e-01,8.334999999999999354e-02
0.000000000000000000e+00,0.000000000000000000e+00,0.000000000000000000e+00,3.760316438653401594e-01,4.369954590748060808e-01,1.869728970598537321e-01
1.142999999999999988e-01,1.047499999999999959e-01,0.000000000000000000e+00,5.369000000000000439e-01,1.190500000000000030e-01,1.250000000000000000e-01
0.000000000000000000e+00,0.000000000000000000e+00,1.615000000000000116e-02,7.055500000000000105e-01,1.573499999999999899e-01,1.209500000000000020e-01
5.827210456072951655e-02,0.000000000000000000e+00,3.304186705874585517e-01,0.000000000000000000e+00,5.592466363126540330e-01,5.206258853915773921e-02
6.147827237392465560e-02,0.000000000000000000e+00,7.031316015555158505e-02,3.607833646181466403e-01,3.388044041152741825e-01,1.686207987371030059e-01
5.948484999052040118e-02,0.000000000000000000e+00,2.643051577339297076e-01,4.000724546427417705e-01,3.964114808855052907e-02,2.364963895442574182e-01
3.084544762787111427e-01,5.048750107718160546e-02,3.503159427635056389e-01,6.727910299794066795e-02,1.089104058760675398e-01,1.145525710065934261e-01
1.264936753162342054e-02,0.000000000000000000e+00,2.121393930303485109e-01,5.064746762661867518e-02,6.010199490025498470e-01,1.235438228088595741e-01
0.000000000000000000e+00,0.000000000000000000e+00,7.048621743513035220e-02,3.428540929106151935e-01,2.331724159702416033e-01,3.534872736840128926e-01
1.000000000000000056e-01,3.479999999999999760e-02,1.956499999999999906e-01,4.083499999999999908e-01,8.260000000000000675e-02,1.785999999999999810e-01
0.000000000000000000e+00,0.000000000000000000e+00,0.000000000000000000e+00,7.426767116256247636e-01,0.000000000000000000e+00,2.573232883743752919e-01
4.388937654862831717e-02,9.722330248113867507e-03,5.610729008100090454e-01,4.884498716652407868e-02,2.340692674363048509e-01,1.024011377904198994e-01
0.000000000000000000e+00,2.739814537762554347e-01,0.000000000000000000e+00,8.034605308795478296e-02,2.957522993419862689e-01,3.499201937938034024e-01
1.331483062365547143e-01,8.873933750948660715e-02,7.608474642088841611e-02,3.367186523141066923e-01,0.000000000000000000e+00,3.653089575189634730e-01
1.822500000000000231e-01,1.448500000000000065e-01,2.357000000000000206e-01,2.264000000000000179e-01,1.730500000000000371e-01,3.774999999999999883e-02
0.000000000000000000e+00,0.000000000000000000e+00,5.556496086854785244e-01,2.160877403833921517e-01,1.799140417944762593e-02,2.102712467516817396e-01
2.200000000000000566e-02,0.000000000000000000e+00,6.594999999999999474e-02,5.534999999999999920e-01,7.689999999999999614e-02,2.816500000000000115e-01
3.465173258662932604e-02,1.435571778588929370e-01,2.807640382019100933e-01,2.836141807090354350e-01,1.633581679083954130e-01,9.405470273513674706e-02
2.059000000000000274e-01,2.353000000000000091e-01,4.350000000000000394e-02,2.174000000000000377e-01,1.593999999999999861e-01,1.384999999999999842e-01
4.409926501224979700e-02,1.943300944984250461e-02,2.018299695005083133e-02,6.745720904651589800e-01,6.651555807403210230e-02,1.751970800486658819e-01
1.150344758905626555e-02,9.404125636713786887e-03,1.189011809625143412e-01,2.463482334069911628e-01,3.375633527813821644e-01,2.762796596233423330e-01
8.421948554312072566e-02,0.000000000000000000e+00,1.051306200937504182e-01,3.762081356166160351e-01,8.421948554312072566e-02,3.502222732033921093e-01
0.000000000000000000e+00,0.000000000000000000e+00,3.203839808009599222e-01,4.411779411029448372e-01,1.986900654967251600e-01,3.974801259937003201e-02
6.534234250686639378e-02,4.812253793870908958e-02,2.324323168357117220e-01,2.480090016710948531e-01,4.752678074644726969e-02,3.585670203011705470e-01
1.818266984503430495e-01,1.360803427221560225e-01,2.897795746566529385e-01,0.000000000000000000e+00,3.080276425838450738e-01,8.428574158700290198e-02
0.000000000000000000e+00,0.000000000000000000e+00,3.384398252919747913e-02,7.500909983289051342e-01,1.015319475875924166e-01,1.145330715543049910e-01
1.529999999999999971e-01,2.189999999999999933e-02,3.332999999999999852e-01,0.000000000000000000e+00,1.529999999999999971e-01,3.387999999999999901e-01
