2.062124878601127309e-01,4.189276904477116231e-02,2.828460979429986977e-01,2.167133740514616269e-01,1.403241084774022596e-01,1.120111626232534047e-01
8.940574951897424516e-02,1.432013973781837667e-02,2.830550675852008258e-01,3.261590623095744212e-01,1.507605964525330078e-01,1.362993843958991425e-01
1.888431132993881045e-01,0.000000000000000000e+00,3.371297026383346940e-01,2.037127946680465373e-01,1.057748545497476655e-01,1.645395348444830264e-01
2.129269892493890204e-01,1.997804941653990793e-02,3.211312896354016067e-01,1.896037429789321771e-01,1.486642122804272270e-01,1.076957164393100713e-01
7.851880661357342472e-02,1.956893193304864650e-02,2.613743741111189123e-01,2.652804777976177641e-01,2.572269383431285417e-01,1.180304712015126933e-01
6.164123282465649306e-02,8.190163803276066801e-02,1.539830796615932196e-01,3.694073881477629162e-01,7.770155403108061631e-02,2.553651073021460660e-01
1.288404601909001745e-01,4.830090614789094017e-02,3.844298922607206626e-01,1.607667208552418792e-01,1.785795488156538824e-01,9.908247172959257221e-02
1.571676697847527171e-01,1.801828996322963131e-02,1.684606558171377610e-01,4.906637825883286563e-01,8.871092219011093849e-02,7.697867965644035471e-02
1.879679008321288591e-01,8.676215424865811945e-03,3.105081815608511930e-01,2.214266021875131718e-01,8.981632648429381527e-02,1.816047735103472061e-01
9.813754369327834515e-02,2.807395410930858815e-02,3.607472986076040722e-01,3.156284642906036497e-01,8.511010809190250326e-02,1.123026312073028277e-01
6.480700882725781709e-02,2.369571259585599027e-02,2.701038368539754320e-01,4.384047392510831975e-01,6.178440519347818544e-02,1.412042972783493500e-01
2.649999999999999925e-02,4.420000000000000318e-02,2.477999999999999925e-01,2.649999999999999925e-02,5.574999999999999956e-01,9.729999999999999760e-02
3.862931915057092602e-02,8.975044946462931716e-02,2.888552815257974249e-01,6.285521498041990451e-02,3.258239866004138952e-01,1.940857482781684906e-01
5.946346644111725338e-02,2.576862725045850344e-02,2.486758676167964977e-01,1.619176161927516067e-01,3.447878568782787867e-01,1.593865656205972203e-01
2.204973433861516785e-01,4.401699986140827914e-02,2.781297731323295608e-01,1.878433464536241049e-01,2.074278338101075425e-01,6.208470335637875093e-02
2.229358483332130256e-02,0.000000000000000000e+00,1.573849514206551725e-01,5.261134818014882031e-01,1.694644911729270564e-01,1.247434907716082203e-01
4.872244162230197212e-02,0.000000000000000000e+00,2.045035595068487311e-01,5.007819861063185218e-01,1.178997332031826578e-01,1.280922795613480270e-01
2.414048280965619409e-02,0.000000000000000000e+00,1.704234084681693628e-01,5.335106702134042589e-01,1.835036700734014592e-01,8.842176843536871111e-02
2.127064813165751855e-01,1.994500598358361562e-02,3.218736745776404340e-01,1.892901408629918958e-01,1.486671081291092156e-01,1.075175891300996223e-01
1.634099494612549497e-01,2.657864238840478358e-02,3.055066272595494126e-01,1.896074897522259384e-01,2.584991904868866319e-01,5.639810065167825959e-02
1.856926747254849241e-01,1.636947603732776257e-01,2.470003782677804571e-01,8.537271926729129989e-02,2.444116113257140954e-01,7.382785604045150052e-02
5.732075314498001617e-02,1.390862815193434111e-02,4.062748908245447654e-01,3.146009279077081056e-01,1.084412016338202056e-01,9.945359833701261643e-02
1.634283774429170014e-02,0.000000000000000000e+00,2.515605595051123577e-01,5.388326177227054092e-01,7.384092179665170674e-02,1.194230632312388990e-01
5.740414167999446926e-02,1.428944299330334351e-02,2.464121600299045978e-01,3.186633575952912412e-01,6.479523288342722842e-02,2.984356648180790383e-01
7.210641740322476512e-02,0.000000000000000000e+00,2.836331292318507447e-01,4.245699538535228079e-01,8.021880921531780728e-02,1.394716902960838611e-01
5.709307314872429789e-02,1.421200962500433068e-02,2.451898564159637750e-01,3.190667239090774210e-01,6.444411260993344881e-02,2.999942242912967960e-01
1.065153334304083099e-01,4.708418267745233948e-02,2.776754309746234384e-01,3.037762551943632983e-01,1.397975861642125894e-01,1.251512115589400176e-01
6.066901128499690293e-02,4.123996711293591994e-02,1.515544185214766915e-01,3.656866294151551178e-01,7.647602493258046086e-02,3.043739487328548377e-01
8.504602117224376034e-02,4.357158873057118131e-02,2.007511081887375648e-01,6.606769467773689064e-02,5.738461478754668388e-01,3.071743935524381616e-02
7.295123465825804898e-02,2.650181571569531006e-02,3.675447668036177507e-01,2.070275550093514105e-01,2.195661183757337542e-01,1.064085094373436180e-01
6.164123282465649306e-02,4.190083801676033198e-02,1.539830796615932196e-01,4.714094281885637394e-01,7.770155403108061631e-02,1.933638672773455580e-01
9.384386869368745165e-02,4.230642294523666996e-02,3.515557384023967336e-01,7.650816716533220818e-02,3.765608630093782438e-01,5.922493978396876219e-02
9.298084201737132071e-02,3.692794139072099607e-02,2.352238558292015225e-01,2.087909125981095571e-01,3.057230468426423986e-01,1.203534013219543786e-01
1.229824596491929933e-01,8.456169123382466235e-02,1.833236664733295107e-01,3.214064281285625713e-01,1.283625672513450389e-01,1.593631872637452651e-01
1.462274109439704872e-01,6.477986975602907649e-02,3.422211706407428111e-01,1.960544679963158732e-01,1.769391495205852594e-01,7.377793114235643712e-02
4.872244162230197212e-02,0.000000000000000000e+00,2.045035595068487311e-01,5.007819861063185218e-01,1.178997332031826578e-01,1.280922795613480270e-01
1.417620467901908876e-01,9.650923478595703486e-02,1.818937794544191466e-01,2.839733210229021809e-01,1.997068692136056145e-01,9.615474873292523261e-02
1.648604121954233212e-02,4.142221411945309212e-02,1.670701946616975631e-01,5.658733035122698318e-01,4.889920168617834656e-02,1.602490448008587753e-01
5.709307314872429789e-02,1.421200962500433068e-02,2.451898564159637750e-01,3.190667239090774210e-01,6.444411260993344881e-02,2.999942242912967960e-01
1.550791030881555899e-01,0.000000000000000000e+00,2.926325951716008955e-01,1.896229970806855847e-01,1.371300647709720044e-01,2.255352398885858700e-01
3.181823469019146727e-02,4.184897564352638849e-02,1.834124566731610562e-01,5.345192567537693229e-01,8.835486572905641711e-02,1.200462105102953203e-01
1.534839217290291657e-01,0.000000000000000000e+00,2.560445485811082000e-01,3.466569957609504926e-01,1.284402792324451925e-01,1.153742546964670185e-01
1.061776204083074299e-01,2.727759013968201682e-02,2.414968132089977126e-01,3.679291019983846334e-01,1.403295264110802354e-01,1.167893478335479268e-01
1.371904415768333829e-01,0.000000000000000000e+00,1.856409679087495934e-01,3.781924067585073490e-01,1.593284532928441466e-01,1.396477304630655558e-01
2.100450478060377213e-01,6.486423123371920507e-02,2.268550491591749263e-01,2.490569489111808810e-01,1.693063443173505322e-01,7.987237857253681739e-02
4.207560501014514370e-02,2.340049343736017723e-02,2.882219932619430325e-01,2.804568222653559539e-01,1.631331396701117542e-01,2.027119463550840217e-01
4.875472774713927177e-02,0.000000000000000000e+00,2.050946762018588665e-01,4.767325146041289652e-01,1.254525391434095916e-01,1.439655423034632009e-01
9.867554576416152912e-02,3.527576420783170175e-03,1.715328819417200057e-01,4.710796398270370444e-01,1.504889990882838369e-01,1.046953569580143795e-01
6.164123282465649306e-02,4.190083801676033198e-02,1.539830796615932196e-01,4.714094281885637394e-01,7.770155403108061631e-02,1.933638672773455580e-01
2.251192154234570725e-02,0.000000000000000000e+00,3.719793845234490859e-01,3.756591552363532927e-01,1.202128068034120645e-01,1.096367318944398012e-01
1.447422151840552229e-01,1.276829030033224763e-03,2.588404554982107753e-01,3.261859428030683961e-01,1.664869319840867612e-01,1.024676255005455977e-01
2.127064813165751855e-01,1.994500598358361562e-02,3.218736745776404340e-01,1.892901408629918958e-01,1.486671081291092156e-01,1.075175891300996223e-01
2.236124029419768455e-02,1.241160744263930049e-03,2.648148702720499736e-01,4.928897842736801316e-01,1.280226787362073182e-01,9.067026567960094485e-02
1.905322115583674702e-01,0.000000000000000000e+00,2.620189286288840402e-01,3.865701209182205167e-01,9.104162595497691801e-02,6.983711293955094379e-02
1.622230201901679603e-02,0.000000000000000000e+00,1.632827685632695924e-01,6.116052930055316805e-01,3.277068046052639128e-02,1.761189559516556091e-01
2.086825663473779180e-01,0.000000000000000000e+00,3.509966159421574750e-01,1.896074897522259384e-01,1.807591316348536037e-01,6.995419632338507887e-02
5.709307314872429789e-02,1.421200962500433068e-02,2.451898564159637750e-01,3.190667239090774210e-01,6.444411260993344881e-02,2.999942242912967960e-01
2.127064813165751855e-01,1.994500598358361562e-02,3.218736745776404340e-01,1.892901408629918958e-01,1.486671081291092156e-01,1.075175891300996223e-01
6.871181377675161794e-02,5.992671810681635819e-02,2.575802814689912568e-01,3.461300363192000851e-01,1.016673576427788994e-01,1.659837926854616785e-01
1.865729186939087958e-01,0.000000000000000000e+00,1.659471090215834943e-01,1.854419009118253858e-01,1.846232570065720058e-01,2.774148143661103183e-01
1.656213710998236804e-02,4.161340982407630423e-02,1.601908211177817398e-01,5.495095595508174835e-01,3.868918249491792860e-02,1.934348899024242452e-01
2.445639558519011741e-02,0.000000000000000000e+00,1.726536427352154124e-01,5.473673763986841578e-01,1.859050782884170416e-01,6.961750699249330543e-02
6.168681940104804584e-02,1.408134677045898113e-02,2.707826798503204513e-01,3.237720225750354008e-01,2.047055554935402477e-01,1.249715759095969964e-01
1.031220624412488296e-01,5.886117722354448217e-02,3.040660813216264358e-01,2.833456669133382344e-01,1.091821836436728810e-01,1.414228284565691440e-01
8.852038066549397510e-02,1.411168303748120204e-02,2.795108056667735541e-01,3.097170421991644051e-01,1.496862624475355230e-01,1.584538259835513163e-01
0.000000000000000000e+00,0.000000000000000000e+00,4.328000000000000180e-01,5.672000000000000375e-01,0.000000000000000000e+00,0.000000000000000000e+00
3.825284031368659382e-02,1.101526914733489820e-01,1.569038985482542059e-01,5.219954161492291744e-01,3.065118371432319980e-02,1.420439698011580210e-01
1.909767715758510231e-01,0.000000000000000000e+00,2.599831443300025802e-01,3.536749255987985951e-01,9.080367035488760841e-02,1.045614881404602348e-01
7.734663845153136319e-02,1.390293843650098476e-02,2.480662553629056633e-01,3.660125287440601505e-01,1.167596313437816447e-01,1.779120076612201173e-01
1.888392163727292683e-01,0.000000000000000000e+00,2.577575008261638323e-01,2.729622991100004170e-01,8.990374998503139481e-02,1.905372337060750598e-01
2.457394641905007171e-01,4.311348633276542580e-02,2.490054909531471128e-01,2.057616874629723258e-01,1.425817117321376282e-01,1.137981593284767001e-01
1.570346502240838049e-02,0.000000000000000000e+00,2.685560180257787755e-01,4.501629960587237855e-01,2.967086858505301947e-02,2.359066523080360911e-01
1.907159827764010052e-01,0.000000000000000000e+00,2.870836346950472739e-01,2.511582671456203952e-01,1.362940254013431385e-01,1.347480899815881317e-01
6.164123282465649306e-02,4.190083801676033198e-02,1.539830796615932196e-01,4.714094281885637394e-01,7.770155403108061631e-02,1.933638672773455580e-01
5.592223688947559057e-02,1.392055682227289273e-02,2.732309292371695175e-01,4.391975679027161350e-01,6.312252490099605484e-02,1.546061842473698822e-01
1.579135415508324883e-02,4.253579746365576501e-03,2.527774409868853711e-01,4.784423218067119232e-01,1.489347570049761593e-01,9.980054629997776872e-02
6.316296576295718501e-02,2.311160686462747013e-02,1.453930071892320097e-01,3.535031181066710104e-01,2.931119136121157487e-01,1.217173884643965170e-01
8.922052142618229487e-02,2.759564426877837706e-02,2.854854371530290980e-01,2.473948042723891905e-01,1.987533792496178620e-01,1.515502136300033165e-01
2.127064813165751855e-01,1.994500598358361562e-02,3.218736745776404340e-01,1.892901408629918958e-01,1.486671081291092156e-01,1.075175891300996223e-01
4.900510039035116394e-02,0.000000000000000000e+00,2.096786716526033434e-01,4.961989186028194498e-01,1.181973075109150201e-01,1.269200018433110366e-01
7.174735312293330225e-02,2.154740628530701224e-02,2.648917511247084744e-01,3.234752059848461925e-01,1.779380558969531345e-01,1.404002275852518633e-01
1.546896622537156374e-01,6.137832673571652631e-02,2.959421838097595070e-01,1.195100801706178717e-01,2.296655205260709209e-01,1.388142265041195922e-01
7.758522167396483815e-02,2.264487713713692757e-02,1.845768813957367471e-01,2.660472413094351896e-01,1.095144740077674816e-01,3.396313044759587396e-01
5.785371265940417868e-02,0.000000000000000000e+00,4.247584950436798512e-01,2.884120935593549873e-01,1.516395228184072574e-01,7.733617591915371847e-02
2.124162494973349802e-01,1.990151432530872649e-02,3.228507992080923983e-01,1.888773787847054519e-01,1.486709196356636176e-01,1.072831385488947215e-01
5.740414167999446926e-02,1.428944299330334351e-02,2.464121600299045978e-01,3.186633575952912412e-01,6.479523288342722842e-02,2.984356648180790383e-01
4.884572988270222821e-02,0.000000000000000000e+00,2.067608062154145665e-01,4.987829735736346026e-01,1.180295272265322187e-01,1.275809631017164048e-01
6.594674421202791070e-02,4.145324064926136226e-02,2.036465672424785378e-01,3.229370494877351616e-01,2.225372682871590013e-01,1.434791301213379500e-01
2.559999999999999776e-02,0.000000000000000000e+00,1.830199999999999605e-01,6.006999999999999007e-01,5.911999999999999200e-02,1.315599999999999825e-01
1.388954110588970225e-01,5.840686172112389413e-02,3.017648462686119970e-01,1.740987000682797936e-01,1.924586805102293241e-01,1.343755003728579478e-01
1.576640729220306347e-02,0.000000000000000000e+00,1.524944343500896915e-01,6.659343902131948933e-01,2.978979468275553752e-02,1.360149734617568384e-01
6.761271962755653619e-02,0.000000000000000000e+00,2.258585345268922517e-01,4.479846917603981793e-01,5.861422503991869232e-02,1.999298290452341809e-01
1.049786288308288684e-01,9.201532997921755760e-03,1.758087741814094718e-01,1.256232759180933856e-01,4.035504805391799676e-01,1.808373075325666324e-01
2.127064813165751855e-01,1.994500598358361562e-02,3.218736745776404340e-01,1.892901408629918958e-01,1.486671081291092156e-01,1.075175891300996223e-01
1.908565760227032559e-01,0.000000000000000000e+00,2.686431432885705850e-01,2.549026091675581918e-01,1.288136712849085597e-01,1.567840002362594909e-01
1.884569747268636797e-01,0.000000000000000000e+00,2.645663423168018169e-01,2.952213548440796309e-01,9.202000347627274646e-02,1.597353246359820289e-01
1.739376590119420529e-01,3.960004471603958270e-02,1.894959367619998003e-01,2.200466770101821012e-01,2.393102889131232258e-01,1.376093935867132023e-01
5.656816892270591368e-02,1.408134677045898113e-02,2.633373700636409409e-01,4.346019329321823554e-01,6.385162414880539428e-02,1.675595571622064128e-01
1.642576655838440605e-02,0.000000000000000000e+00,1.804450726941737582e-01,3.608310876510740783e-01,3.471135918325202740e-01,9.518448126384740360e-02
1.666192102181809909e-02,0.000000000000000000e+00,1.757485726234202239e-01,5.859790180165743712e-01,5.440756014157392684e-02,1.672029281966134762e-01
1.957673692142546107e-01,0.000000000000000000e+00,2.964878647532190326e-01,2.372780076007601213e-01,1.775302339403743157e-01,9.293652449139178096e-02
4.528101170712655471e-02,0.000000000000000000e+00,1.846381266885377403e-01,3.927081921295804134e-01,2.350160428891966136e-01,1.423566265855586987e-01
1.775391167945143331e-02,1.330266593732344193e-03,4.276856713206138028e-01,1.701854395581579027e-01,2.896624149113767310e-01,9.338229593666783068e-02
2.414048280965619409e-02,0.000000000000000000e+00,1.984239684793696057e-01,4.807896157923158276e-01,1.835036700734014592e-01,1.131422628452568996e-01
2.414048280965619409e-02,0.000000000000000000e+00,1.704234084681693628e-01,5.181303626072520929e-01,1.835036700734014592e-01,1.038020760415208354e-01
2.127064813165751855e-01,1.994500598358361562e-02,3.218736745776404340e-01,1.892901408629918958e-01,1.486671081291092156e-01,1.075175891300996223e-01
1.669036030685562555e-01,0.000000000000000000e+00,2.815239099497327535e-01,1.798854801789289692e-01,3.052532021180801580e-01,6.643380468470189149e-02
3.864937485079949359e-02,0.000000000000000000e+00,1.952044264370153548e-01,4.025372749129328409e-01,2.302517316024865479e-01,1.333571921967658391e-01
1.484565094421861353e-01,6.897746441455812616e-02,2.955795537496462289e-01,6.409426437976235846e-02,2.221062497577136197e-01,2.007859582561334622e-01
1.679163233923081644e-01,0.000000000000000000e+00,2.987866024156252687e-01,2.066016459726209009e-01,2.007210710557908173e-01,1.259743571636549320e-01
2.445864554382128769e-02,3.693639771040109487e-02,1.687741353051874782e-01,3.420910969019541059e-01,1.944393106439231134e-01,2.333004138947129269e-01
1.907159827764010329e-01,0.000000000000000000e+00,2.611773807038664796e-01,1.896037429789321771e-01,2.720894315244511974e-01,8.641346201634916846e-02
6.296269791559096218e-02,7.050931948452264508e-02,3.115965651021903038e-01,3.192465538176312845e-01,8.620952950460573916e-02,1.494753341754590237e-01
1.205639722172505285e-01,4.596411524642202151e-02,3.094639495732646739e-01,1.825842695148259809e-01,2.551187419913829024e-01,8.630495145685383729e-02
1.701409591921855813e-01,9.334807314229214004e-02,3.172540011150457584e-01,1.572253916071738589e-01,1.786572492326384820e-01,8.337432571066417941e-02
2.509026442385216965e-02,0.000000000000000000e+00,3.513991481731640887e-01,3.546093782692671947e-01,2.088069206826299318e-01,6.009428845108653189e-02
8.428168563371267463e-02,5.594111882237645661e-02,1.844036880737614792e-01,2.963059261185224114e-01,2.534450689013780234e-01,1.256225124502490242e-01
6.337424858675290429e-02,1.600376983527026023e-02,3.097884402282266025e-01,3.935930892596127273e-01,7.635783809156773683e-02,1.408826139985699111e-01
2.291997448938652704e-01,1.456871486329823148e-02,3.409480613442030239e-01,1.859446074977098851e-01,1.243352116620648901e-01,1.050036597388587234e-01
2.127064813165751855e-01,1.994500598358361562e-02,3.218736745776404340e-01,1.892901408629918958e-01,1.486671081291092156e-01,1.075175891300996223e-01
2.132399109336607090e-01,2.002494118393735242e-02,3.200777749453002086e-01,1.900487741442916934e-01,1.486601027963129207e-01,1.079484959964970986e-01
1.624489226679319553e-01,0.000000000000000000e+00,2.467615545885882000e-01,1.789428708233420651e-01,7.783183657054625060e-02,3.340148153495914873e-01
6.414128282565652317e-02,1.392027840556811155e-02,2.486849736994740101e-01,3.380867617352347199e-01,2.165443308866177308e-01,1.186223724474489566e-01
7.220974641549890438e-02,2.776320947128367231e-02,3.413199618378144340e-01,3.617911759499877200e-01,8.691036388652836897e-02,1.100055424388869801e-01
2.129269892493890204e-01,1.997804941653990793e-02,3.211312896354016067e-01,1.896037429789321771e-01,1.486642122804272270e-01,1.076957164393100713e-01
9.537078556719286171e-02,6.200477503368367199e-03,2.949616249275710533e-01,2.732325795476059360e-01,1.606814302707662012e-01,1.695531021834955909e-01
1.453852260264670293e-01,0.000000000000000000e+00,3.468118684509753358e-01,2.518911430089559311e-01,1.573591181888557011e-01,9.855264432474590552e-02
1.619767685575646682e-02,5.047081703259115315e-02,2.657235646881072055e-01,2.786494836334747482e-01,2.231253276994338008e-01,1.658331300906367434e-01
2.127064813165751855e-01,1.994500598358361562e-02,3.218736745776404340e-01,1.892901408629918958e-01,1.486671081291092156e-01,1.075175891300996223e-01
1.604541826776560362e-02,8.860388712730624811e-03,2.127324661475068490e-01,5.220962803790187845e-01,3.031697119939631702e-02,2.099484752935818488e-01
2.086825663473779180e-01,0.000000000000000000e+00,3.509966159421574750e-01,1.896074897522259384e-01,1.807591316348536037e-01,6.995419632338507887e-02
2.646824663564077001e-02,0.000000000000000000e+00,3.455325076311985821e-01,3.774705565900832727e-01,1.407848470719509637e-01,1.097438420711263352e-01
5.078276171685844331e-02,2.410996272879076252e-02,3.047311318764673316e-01,2.001667207480540278e-01,2.865190742295607995e-01,1.336903487002687185e-01
6.757224471607833904e-02,0.000000000000000000e+00,2.100470905464833227e-01,3.042086277104967817e-01,1.831005629619078257e-01,2.350714740650338419e-01
1.794358237407537443e-02,0.000000000000000000e+00,1.840310768472226688e-01,1.887833349939674887e-01,4.940915319304662878e-01,1.151504738542681733e-01
6.281999999999999806e-01,0.000000000000000000e+00,0.000000000000000000e+00,0.000000000000000000e+00,1.794999999999999929e-01,1.922999999999999987e-01
5.574787513048696380e-02,1.387715346595812770e-02,3.142232978784960107e-01,2.978123592253147933e-01,1.559611268317272481e-01,1.623781874680169379e-01
1.954247550637371600e-01,0.000000000000000000e+00,2.978844290029246666e-01,2.365781520822302364e-01,1.774502572191670735e-01,9.266240663194091898e-02
1.388253119205609121e-01,4.145514946392893189e-03,1.726047857297791643e-01,4.551081533589557138e-01,7.037339820451105066e-02,1.589428358398003172e-01
6.536425388049697804e-02,4.653785756320554662e-02,3.035789610889507717e-01,3.575128672176163813e-01,1.335802976252062346e-01,9.342576262452408076e-02
2.127064813165751855e-01,1.994500598358361562e-02,3.218736745776404340e-01,1.892901408629918958e-01,1.486671081291092156e-01,1.075175891300996223e-01
5.585898202937832069e-02,9.432077196806837316e-02,1.953597161605883648e-01,1.746923573609673042e-01,3.746472532672281419e-01,1.051209192137693704e-01
5.709307314872429789e-02,1.421200962500433068e-02,2.451898564159637750e-01,3.190667239090774210e-01,6.444411260993344881e-02,2.999942242912967960e-01
1.991385068294536098e-01,0.000000000000000000e+00,3.266223605460141788e-01,1.883057859774031340e-01,1.980900222036838243e-01,8.784332444344516988e-02
5.763118277907215703e-02,1.434595966174328011e-02,2.473042887025883596e-01,3.183689506656061097e-01,6.505150674204281114e-02,2.972981114489471333e-01
8.681685624343561669e-02,6.324373088631385365e-02,2.218893319136421294e-01,3.823712253212009360e-01,1.317698672881248978e-01,1.139089883472826081e-01
2.127064813165751855e-01,1.994500598358361562e-02,3.218736745776404340e-01,1.892901408629918958e-01,1.486671081291092156e-01,1.075175891300996223e-01
6.841291633857983501e-02,0.000000000000000000e+00,2.576818495396503983e-01,3.535224836850520691e-01,1.768020051536362269e-01,1.435807452830814845e-01
5.578885146497029185e-02,1.388735358355483278e-02,2.316953301899981887e-01,4.180606785552003490e-01,6.297196538749864902e-02,2.175958208187778187e-01
6.744269770790832508e-02,0.000000000000000000e+00,2.373894955798232231e-01,3.977559102364094379e-01,3.008120324812993060e-02,2.673306932277291215e-01
1.298025960519210431e-01,3.860077201544031417e-02,2.384247684953699209e-01,2.262045240904818344e-01,2.502650053001060360e-01,1.167023340466809556e-01
1.565228275154574855e-01,0.000000000000000000e+00,3.873754985454849198e-01,1.867500669531802771e-01,1.546910193107986775e-01,1.146605876750787512e-01
0.000000000000000000e+00,0.000000000000000000e+00,3.309999999999999748e-02,4.966999999999999749e-01,9.270000000000000462e-02,3.775000000000000022e-01
6.106797844874979619e-02,1.389431366616272062e-02,2.703058909762740547e-01,3.508518514941154076e-01,1.557459045339607551e-01,1.481340608807372172e-01
1.899575440641813884e-01,0.000000000000000000e+00,2.646505172012524887e-01,3.647453586296483530e-01,9.134922300161403552e-02,8.929735710330373444e-02
2.088502843746504467e-01,0.000000000000000000e+00,3.504521977524280851e-01,1.898538634986458029e-01,1.807985603893663140e-01,7.004509398490943450e-02
3.501311383487242662e-02,2.411640042117338054e-02,1.520230996644736932e-01,3.409853518230429037e-01,2.567015208137023441e-01,1.911605134427352415e-01
2.414096563862554862e-02,0.000000000000000000e+00,2.031481259250370042e-01,4.953398135925436985e-01,1.835073402936117648e-01,9.386375455018203251e-02
5.632813768325888037e-02,0.000000000000000000e+00,2.936019409215789855e-01,3.429373576267460422e-01,1.826767726139729431e-01,1.244557911544431489e-01
2.414048280965619409e-02,0.000000000000000000e+00,1.704234084681693628e-01,5.181303626072520929e-01,1.835036700734014592e-01,1.038020760415208354e-01
6.197999999999999343e-02,1.513999999999999894e-02,3.255799999999999805e-01,3.354400000000000159e-01,1.588799999999999935e-01,1.029799999999999882e-01
2.414048280965619409e-02,0.000000000000000000e+00,1.704234084681693351e-01,5.181303626072520929e-01,1.835036700734014314e-01,1.038020760415208216e-01
1.391522617592258759e-01,0.000000000000000000e+00,1.741583573576391542e-01,4.576895175170014873e-01,8.929977639114575205e-02,1.397000869749878138e-01
6.164123282465649306e-02,4.190083801676033198e-02,1.539830796615932196e-01,4.714094281885637394e-01,7.770155403108061631e-02,1.933638672773455580e-01
1.466682169918810119e-01,6.048894297111224484e-03,3.835588142442490911e-01,1.173222408054032523e-01,1.840133081431205020e-01,1.623885255182348497e-01
4.500032008207617562e-02,5.518385295662557588e-03,2.942432679020388631e-01,3.886859608699130275e-01,1.554259087132576489e-01,1.111261571370516510e-01
1.408202609398399308e-01,0.000000000000000000e+00,1.613661763488287992e-01,5.302186171558840311e-01,6.699331392379077876e-02,1.006016316316564463e-01
3.381649636796210667e-02,1.935771046835990314e-02,7.864068375196019145e-02,4.133599344154154642e-01,2.209745090680322321e-01,2.338506659282700850e-01
7.664885261113207893e-02,1.679395322907990817e-02,2.709986522487079497e-01,2.159877447740158607e-01,2.810631249024988509e-01,1.385076722345653655e-01
2.102493906112468391e-01,6.409360939445862826e-02,2.248711132180847005e-01,2.516162455674839649e-01,1.684764980989806038e-01,8.069314310974540216e-02
6.164123282465649306e-02,4.190083801676033198e-02,1.539830796615932196e-01,4.714094281885637394e-01,7.770155403108061631e-02,1.933638672773455580e-01
5.581681179682611987e-02,1.389431366616272236e-02,2.397088703634875917e-01,3.281119159697946652e-01,6.300352576208270716e-02,2.994645624416462648e-01
1.309116470410516264e-01,3.324635826212841289e-02,2.581666599543416818e-01,2.989396757511236791e-01,1.927352403025573702e-01,8.600041868879730600e-02
7.349398186367164798e-02,0.000000000000000000e+00,2.475966799441710331e-01,4.190219340674650184e-01,1.261625061552625049e-01,1.337248979694297679e-01
1.408997979103097098e-01,0.000000000000000000e+00,2.606349836847919876e-01,3.622684323851165233e-01,1.223460809051408194e-01,1.138507051146409321e-01
6.164123282465648612e-02,4.190083801676033198e-02,1.539830796615932473e-01,4.266685333706673466e-01,7.770155403108061631e-02,2.381047620952419230e-01
1.648604121954233559e-02,0.000000000000000000e+00,2.582009255210899745e-01,5.646239378148818489e-01,8.588261806665600795e-02,7.480647737782994411e-02
1.388280138623751714e-01,0.000000000000000000e+00,3.358766485160235016e-01,2.858919462032133985e-01,6.622917224414361093e-02,1.731742191742442205e-01
1.082956550915796790e-01,5.781054326949464778e-02,2.875186883900717749e-01,2.978123592253147933e-01,1.077205419494126348e-01,1.408422120741264771e-01
2.102493906112468391e-01,6.409360939445862826e-02,2.248711132180847005e-01,2.516162455674839649e-01,1.684764980989806038e-01,8.069314310974540216e-02
6.106797844874979619e-02,1.389431366616272062e-02,2.703058909762740547e-01,3.508518514941154076e-01,1.557459045339607551e-01,1.481340608807372172e-01
2.127064813165751855e-01,1.994500598358361562e-02,3.218736745776404340e-01,1.892901408629918958e-01,1.486671081291092156e-01,1.075175891300996223e-01
7.726154523090461579e-02,7.902158043160861789e-02,1.833236664733294552e-01,3.293665873317466741e-01,1.080221604432088506e-01,2.230044600892018003e-01
5.542817542623527938e-02,6.251783449020426042e-02,2.301974152537353546e-01,3.601443715909929955e-01,1.843551548889558467e-01,1.073570483498762773e-01
1.623179765419337228e-01,0.000000000000000000e+00,3.171224701589679396e-01,1.888773787847054797e-01,2.244777758836991877e-01,1.072043986306937119e-01
2.414048280965619409e-02,0.000000000000000000e+00,1.984239684793695779e-01,4.807896157923158831e-01,1.835036700734014592e-01,1.131422628452569135e-01
2.124162494973349802e-01,1.990151432530872649e-02,3.228507992080923983e-01,1.888773787847054519e-01,1.486709196356636176e-01,1.072831385488947215e-01
2.120169351376129108e-01,1.984167649042638953e-02,3.241951724653016620e-01,1.883094816277361416e-01,1.486761636826580413e-01,1.069605705962649173e-01
5.062202488099523667e-02,2.068082723308932447e-02,2.519700788031521421e-01,2.205088203528141333e-01,2.690507620304812275e-01,1.871674866994679776e-01
1.048815014129766271e-01,1.101821578446935679e-01,2.292704695509899804e-01,1.265909934700649997e-01,3.042535153448335250e-01,1.248213623764414110e-01
2.439081909514376895e-02,0.000000000000000000e+00,1.721906955341508116e-01,5.484724538331419152e-01,1.854065991697962379e-01,6.953943236776714831e-02
2.102493906112468391e-01,6.409360939445862826e-02,2.248711132180847005e-01,2.516162455674839649e-01,1.684764980989806038e-01,8.069314310974540216e-02
3.864937485079949359e-02,0.000000000000000000e+00,1.952044264370153548e-01,4.025372749129328409e-01,2.302517316024865479e-01,1.333571921967658391e-01
1.908603523792823109e-01,0.000000000000000000e+00,2.605162655355587886e-01,3.877136890374328626e-01,9.086598500013672031e-02,7.004370804758930369e-02
2.084690744228721582e-01,0.000000000000000000e+00,3.516896176960619402e-01,1.892938752521853008e-01,1.807089419157240362e-01,6.983849071315643975e-02
2.124162494973349802e-01,1.990151432530872649e-02,3.228507992080923983e-01,1.888773787847054519e-01,1.486709196356636176e-01,1.072831385488947215e-01
2.120169351376129108e-01,1.984167649042638953e-02,3.241951724653016620e-01,1.883094816277361416e-01,1.486761636826580413e-01,1.069605705962649173e-01
1.666192102181809562e-02,0.000000000000000000e+00,1.611559421444440920e-01,7.026813032016925309e-01,3.148182062413870663e-02,8.801901300790655747e-02
1.408997979103097098e-01,0.000000000000000000e+00,2.606349836847919876e-01,3.622684323851165233e-01,1.223460809051408194e-01,1.138507051146409321e-01
1.172658850116978513e-01,7.058585840873006501e-02,2.487782716489767565e-01,3.037762551943632983e-01,1.344425181772920530e-01,1.251512115589400176e-01
8.013106995338543925e-02,5.833151621109709632e-03,3.170562074877530390e-01,4.145387916084335989e-01,8.633279479321373517e-02,9.610798453610452929e-02
2.127064813165751855e-01,1.994500598358361562e-02,3.218736745776404340e-01,1.892901408629918958e-01,1.486671081291092156e-01,1.075175891300996223e-01
2.127064813165751855e-01,1.994500598358361562e-02,3.218736745776404340e-01,1.892901408629918958e-01,1.486671081291092156e-01,1.075175891300996223e-01
2.088502843746504467e-01,0.000000000000000000e+00,3.504521977524280851e-01,1.898538634986458029e-01,1.807985603893663140e-01,7.004509398490943450e-02
6.163999999999999341e-02,4.189999999999999281e-02,1.736599999999999533e-01,3.345199999999999285e-01,1.858999999999999819e-01,2.023800000000000043e-01
2.726999999999999980e-01,2.172000000000000042e-01,2.172000000000000042e-01,0.000000000000000000e+00,2.172000000000000042e-01,7.580000000000000626e-02
2.127064813165751855e-01,1.994500598358361562e-02,3.218736745776404340e-01,1.892901408629918958e-01,1.486671081291092156e-01,1.075175891300996223e-01
0.000000000000000000e+00,0.000000000000000000e+00,0.000000000000000000e+00,1.000000000000000000e+00,0.000000000000000000e+00,0.000000000000000000e+00
1.879718118247743763e-01,0.000000000000000000e+00,2.876272668097156759e-01,3.115866617293458485e-01,8.981819526609523263e-02,1.229960643700687556e-01
2.549600411317926724e-02,0.000000000000000000e+00,2.196363388441439635e-01,5.108068324269191551e-01,1.379131594130900695e-01,1.061476652026676210e-01
3.425457106940447277e-02,0.000000000000000000e+00,2.486544969852933218e-01,5.093961190551199447e-01,1.197544512877701667e-01,8.794036160241214262e-02
4.649999999999999967e-02,0.000000000000000000e+00,3.952999999999999847e-01,0.000000000000000000e+00,5.000000000000000000e-01,5.809999999999999887e-02
2.215975496915875143e-01,2.315906156608146457e-02,3.352733126575918043e-01,1.895999963537130517e-01,1.604186480382545354e-01,6.995143169277166784e-02
2.127064813165751855e-01,1.994500598358361562e-02,3.218736745776404340e-01,1.892901408629918958e-01,1.486671081291092156e-01,1.075175891300996223e-01
1.933695961737404989e-01,2.309457858842042799e-02,1.916449793804237689e-01,3.521031934531302920e-01,1.638488751246932884e-01,7.593877727959169599e-02
1.561223149362860607e-01,0.000000000000000000e+00,2.138028323105432282e-01,4.983634606001082212e-01,7.444720749483015043e-02,5.726418465823238102e-02
6.164246569862795455e-02,4.540181607264290320e-02,1.539861594463778627e-01,4.757990319612785401e-01,7.770310812432498770e-02,1.854674186967479044e-01
4.175013458972693520e-02,7.080432181883514545e-03,2.214059281702770443e-01,4.349578281348517872e-01,1.024628059424292637e-01,1.923428709808314430e-01
3.148128551250151813e-02,8.267818896826034658e-02,1.814701529263989255e-01,4.332010587055108441e-01,7.997986370772741660e-02,1.911894501796009005e-01
2.723510578354040867e-02,0.000000000000000000e+00,2.105698254762397859e-01,5.200356527344510704e-01,8.429974462459696727e-02,1.578596713811717678e-01
2.220755189136113528e-01,3.718192217527757637e-02,2.645881335160585879e-01,2.126026443201957383e-01,1.606553447004385182e-01,1.028964363744181293e-01
0.000000000000000000e+00,1.474000000000000032e-01,0.000000000000000000e+00,6.320000000000000617e-02,0.000000000000000000e+00,7.894999999999999796e-01
1.588266300647937779e-02,0.000000000000000000e+00,1.536188724709607323e-01,6.331028748015131713e-01,3.000945372078515569e-02,1.673861360002616427e-01
1.419061229701551290e-02,5.731249973431138539e-02,1.372531709481437656e-01,3.325013197271126653e-01,2.681241318431071621e-02,4.319299841091058800e-01
1.566970428443899832e-01,8.776308969741798693e-02,3.139014366720227489e-01,1.961300377152040142e-01,1.718137863383240871e-01,7.369460673264116579e-02
4.779825288671227940e-02,0.000000000000000000e+00,2.425048864174438601e-01,4.093578396038945466e-01,1.407916234357008967e-01,1.595473976562483964e-01
2.127064813165751855e-01,1.994500598358361562e-02,3.218736745776404340e-01,1.892901408629918958e-01,1.486671081291092156e-01,1.075175891300996223e-01
1.625427990376543050e-02,0.000000000000000000e+00,2.515164053786539955e-01,5.383394555644629431e-01,7.404691400089702391e-02,1.198429451522206868e-01
2.381115897890589625e-02,0.000000000000000000e+00,2.225308666397080304e-01,3.427268143666380440e-01,2.921216493347102983e-01,1.188095106800376166e-01
2.120169351376129108e-01,1.984167649042638953e-02,3.241951724653016620e-01,1.883094816277361416e-01,1.486761636826580413e-01,1.069605705962649173e-01
1.362894644644108977e-01,3.607176277601215151e-03,1.586951437785814600e-01,5.081840204817807960e-01,6.525581989835875507e-02,1.279683750992668956e-01
6.164123282465649306e-02,4.190083801676033198e-02,1.539830796615932196e-01,4.714094281885637394e-01,7.770155403108061631e-02,1.933638672773455580e-01
8.730174603492070473e-02,2.568051361027220286e-02,2.714654293085861925e-01,3.689873797475949346e-01,1.114822296445928812e-01,1.350827016540330772e-01
4.764206504941339432e-02,0.000000000000000000e+00,2.004140799549571361e-01,5.038822600550448838e-01,1.152422824106703186e-01,1.328193125299143573e-01
1.884569747268636797e-01,0.000000000000000000e+00,2.580837658071074014e-01,3.541237433219419639e-01,8.986604834206118886e-02,1.094694678020256967e-01
5.665292631001787177e-02,1.410244517588427580e-02,2.352838985378853942e-01,4.620494668652360137e-01,6.394729450444076868e-02,1.679639686065357573e-01
2.127064813165751855e-01,1.994500598358361562e-02,3.218736745776404340e-01,1.892901408629918958e-01,1.486671081291092156e-01,1.075175891300996223e-01
7.934119143508103211e-02,3.189226388444956622e-02,3.051583922225095113e-01,3.524251333925097485e-01,1.598748460546265959e-01,7.130817301082362225e-02
8.707024927450032759e-02,6.343394805879672138e-02,2.222575127384317228e-01,4.184650938636585438e-01,1.319914333958490393e-01,7.678176266876360345e-02
1.589062310095621863e-02,0.000000000000000000e+00,2.867898134024334245e-01,3.253109245525775961e-01,2.239153528979442309e-01,1.480932860460885125e-01
6.164123282465649306e-02,4.190083801676033198e-02,1.539830796615932196e-01,4.714094281885637394e-01,7.770155403108061631e-02,1.933638672773455580e-01
4.879476525949736493e-02,0.000000000000000000e+00,2.207075041409844451e-01,4.071490901863384915e-01,1.413527599717034344e-01,1.819958804414762987e-01
4.090007366044871168e-02,0.000000000000000000e+00,2.122138476138701879e-01,3.136643541197584040e-01,3.063724519314885986e-01,1.268492726744340771e-01
1.905322115583675258e-01,0.000000000000000000e+00,2.620189286288840957e-01,3.366188299682367213e-01,9.853826519707561959e-02,1.122917646474361764e-01
1.298025960519210431e-01,3.860077201544031417e-02,2.384247684953699209e-01,2.262045240904818344e-01,2.502650053001060360e-01,1.167023340466809556e-01
2.151643445478665650e-01,2.855209639020371906e-02,4.412209326056652503e-01,2.463908000056618669e-02,1.641905275988993773e-01,1.262330188567988842e-01
2.132399109336607090e-01,2.002494118393735242e-02,3.200777749453002086e-01,1.900487741442916934e-01,1.486601027963129207e-01,1.079484959964970986e-01
1.905322115583674702e-01,0.000000000000000000e+00,2.911571816830413884e-01,1.982663799555048068e-01,1.874326242099616513e-01,1.326116025931247111e-01
5.763118277907215703e-02,1.434595966174328011e-02,2.473042887025883596e-01,3.183689506656061097e-01,6.505150674204281114e-02,2.972981114489471333e-01
1.572948394999605995e-02,0.000000000000000000e+00,1.521373077022859788e-01,5.939855795173497599e-01,2.972002997587195119e-02,2.084275988544961322e-01
4.103587989410228953e-02,2.128506734831684538e-02,3.249367628441340305e-01,2.019494831405012347e-01,2.705536501006260419e-01,1.402391566723197036e-01
1.622301322713536401e-02,5.086471822015847799e-02,2.546868667027321620e-01,3.540008737317467125e-01,2.119989621158130388e-01,1.122255660024142482e-01
1.478874354660895674e-01,0.000000000000000000e+00,2.060380727518968669e-01,4.584782112628293382e-01,7.111800896396179572e-02,1.164782715552224457e-01
2.084690744228721582e-01,0.000000000000000000e+00,3.516896176960619402e-01,1.892938752521853008e-01,1.807089419157240362e-01,6.983849071315643975e-02
8.461035311196453412e-02,6.162609702215994523e-02,4.412596954384194747e-01,1.587796927826118643e-01,1.366540192656423014e-01,1.170701423792020190e-01
1.298025960519210431e-01,3.860077201544030723e-02,2.384247684953699209e-01,2.262045240904818066e-01,2.502650053001060360e-01,1.167023340466809417e-01
2.441980682750573284e-02,0.000000000000000000e+00,1.723953388377600093e-01,5.479839603366667422e-01,1.856269491651740822e-01,6.957394483289332243e-02
2.127064813165751855e-01,1.994500598358361562e-02,3.218736745776404340e-01,1.892901408629918958e-01,1.486671081291092156e-01,1.075175891300996223e-01
2.072673422567573587e-01,4.144896234852243899e-02,1.782645471434218809e-01,2.826106881345192279e-01,2.100622733739160586e-01,8.034618674286304885e-02
3.450247154298343583e-02,0.000000000000000000e+00,3.497705913383049037e-01,3.629669088213602901e-01,1.768123398548024083e-01,7.594768844254908002e-02
5.592111842236845848e-02,1.392027840556811155e-02,2.409448188963779214e-01,4.772095441908837943e-01,6.312126242524851438e-02,1.488829776595531895e-01
1.061776204083074299e-01,2.727759013968201682e-02,2.414968132089977126e-01,3.679291019983846334e-01,1.403295264110802354e-01,1.167893478335479268e-01
1.605509797274056599e-02,8.920972663362560298e-03,2.132195217901171058e-01,5.208370725896204201e-01,3.033526049120830598e-02,2.106320744929509881e-01
6.675854431501869468e-02,0.000000000000000000e+00,2.956458521280891927e-01,3.285475898510170079e-01,2.077922786886363116e-01,1.012557350172387238e-01
2.132399109336607090e-01,2.002494118393735242e-02,3.200777749453002086e-01,1.900487741442916934e-01,1.486601027963129207e-01,1.079484959964970986e-01
2.114325826605498726e-01,1.975411042578520404e-02,3.261625142946666944e-01,1.874784268401672171e-01,1.486838377664378708e-01,1.064885280123930439e-01
