1.052145215880714024e-01,1.171123416210814727e-01,1.926584653758662558e-01,2.406204158609558386e-01,1.954796461849198086e-01,1.489146093691052497e-01
3.923619081592828045e-02,2.579606394533633107e-02,1.949904505840867885e-01,3.239716750369522336e-01,1.161491316743659824e-01,2.998564879433304187e-01
7.496124271235100889e-02,4.300570541749625803e-02,2.330578348994047644e-01,2.155142303940052462e-01,1.661313295419379887e-01,2.673296570348047130e-01
1.529999999999999971e-01,2.189999999999999933e-02,3.332999999999999852e-01,0.000000000000000000e+00,1.529999999999999971e-01,3.387999999999999901e-01
1.045777198835705357e-02,9.711875114327613370e-03,1.058046260472922939e-01,4.185131040982577044e-01,1.066321472346039023e-01,3.488804755171613370e-01
1.087329328759298330e-01,8.253024391856265962e-02,5.724715593610950337e-02,3.491672979361093443e-01,1.367021131437495263e-01,2.656202561895390502e-01
1.103180955648633554e-01,9.374393836258840262e-02,2.409190681403921008e-01,1.007803690358522603e-01,2.673751854165705155e-01,1.868633434797334347e-01
4.969606872402392711e-02,2.482931949669982957e-02,9.803799064800046426e-02,5.462883005526016911e-01,3.605934864935857187e-02,2.450889719293155022e-01
6.331674509465697043e-02,9.864203402798986386e-02,1.776186796954429548e-01,2.243825561356026232e-01,2.090837404353670936e-01,2.269562446109403553e-01
8.130519042359947435e-02,4.524400072043699428e-02,1.584639862387649811e-01,2.307939088082660573e-01,2.066124627683639525e-01,2.775804510405685543e-01
7.713387666046442326e-02,3.905343361272806124e-02,2.133665258947857191e-01,3.103077385400111465e-01,2.101888299128515658e-01,1.499495953791590563e-01
1.906459439728773117e-02,1.041224715592731741e-02,3.388059418945251616e-02,4.414069438916711219e-01,1.177471534806839998e-01,3.774884668849773361e-01
1.130601769992364003e-01,1.153768105919164705e-01,1.142814919818956054e-01,1.285047201973334718e-01,1.994581405978799460e-01,3.293186596317381198e-01
8.210919047176282182e-02,8.474233467965770761e-02,1.876034283169096539e-01,1.069828435461829125e-01,3.087269877115990657e-01,2.298352152738877274e-01
8.375245687448173992e-02,4.867793564929888406e-02,1.948648027374707825e-01,3.455271511970839371e-01,1.857774062658027747e-01,1.414002472758617845e-01
5.228760142011795037e-02,3.663914217769258241e-02,4.057670482704775483e-02,4.507902801773602253e-01,1.507563447135336909e-01,2.689499266842478864e-01
2.939041346270108643e-02,1.094863302349487720e-02,5.071097093526686500e-02,4.620460231679372476e-01,1.174715268545985791e-01,3.294324325560013533e-01
2.534781643536801812e-02,3.701009430400129929e-03,1.017194193026110804e-01,5.435108021782204535e-01,1.464738144200044556e-01,1.792471382333959973e-01
1.529999999999999971e-01,2.189999999999999933e-02,3.332999999999999852e-01,0.000000000000000000e+00,1.529999999999999971e-01,3.387999999999999901e-01
6.234542907682512347e-02,6.516269010918847304e-02,2.015520736608440167e-01,3.019227031254790306e-01,2.061266321998864171e-01,1.628904718277768282e-01
1.662173573869719090e-01,1.316175371006220451e-01,2.289676709971301127e-01,1.383795363805590262e-01,2.351502184962765696e-01,9.966767963844033740e-02
3.079559190252744924e-02,5.853299629430049056e-02,2.194849548763008751e-01,3.240595729666488900e-01,9.513969912439045051e-02,2.719871848358318966e-01
5.356785365983914027e-02,6.209981651628767446e-02,3.071395914818223286e-02,4.383990464634968109e-01,1.021050306222138770e-01,3.131142935899802193e-01
1.639322212310423965e-01,9.277109894695408088e-02,2.060440698150402816e-01,9.534548119297629742e-02,2.679649618169629433e-01,1.739421669970240003e-01
4.338860052596871242e-02,2.873560694146878175e-02,2.033985199873691030e-01,2.868991274451599405e-01,1.807215505480860573e-01,2.568565945519474814e-01
1.605843533627799580e-01,7.700737262064556721e-02,2.271972902898514168e-01,8.880861021204590477e-02,2.832780898235414124e-01,1.631242836911357408e-01
1.015112827563921793e-01,9.348246986473771059e-02,2.214842821308495302e-01,9.902284964014382296e-02,2.789284258849684117e-01,2.055706897229082342e-01
9.960283661911067954e-02,6.790075280065781260e-02,5.264959941728072218e-02,3.937625838161102343e-01,1.263713998404494276e-01,2.597128275063911307e-01
1.356589958474506141e-01,6.227705068803147948e-02,2.240695385894209413e-01,1.519027017836256099e-01,3.465934569159596634e-01,7.949825617551153911e-02
1.529999999999999971e-01,2.189999999999999933e-02,3.332999999999999852e-01,0.000000000000000000e+00,1.529999999999999971e-01,3.387999999999999901e-01
9.249918395910974867e-02,5.726988530478926975e-02,1.249275036333703931e-01,3.427530437043394551e-01,1.553197063807764400e-01,2.272306770176146518e-01
1.452759088830945788e-01,8.573493518747732356e-02,2.313353034156592769e-01,1.133822831897554895e-01,3.536469867895351005e-01,7.062458253447831402e-02
6.787738084175376496e-02,2.940644495322203636e-02,1.312372712043973766e-01,2.924427858591507334e-01,2.920695849253875931e-01,1.869665322160884990e-01
1.096707376868944345e-01,7.261783265826544931e-02,5.241647656967508839e-02,3.939754895196036499e-01,1.291352143887834758e-01,2.421842491767777494e-01
1.710126428923798569e-01,9.886037294063214353e-02,2.911905834028956641e-01,2.688166134123490952e-02,3.344369817615563401e-01,7.761775766130105114e-02
4.736131258388719123e-02,1.213265748363146629e-02,1.890266085251642372e-02,4.881727836425889810e-01,1.086973597247555406e-01,3.247332257126203658e-01
5.930426825055723494e-02,4.636699132085066177e-02,4.824337625919327549e-02,5.125331478400688701e-01,1.483861446977089993e-01,1.851660716316209654e-01
1.404063716337500545e-01,5.377695948020200928e-02,1.045140385676904538e-01,2.924096906584830458e-01,2.594335042334623975e-01,1.494594354264120739e-01
1.605928234880302785e-01,8.003722352842676524e-02,2.309758094978021092e-01,9.230278017412579805e-02,2.671815883640804579e-01,1.689097749475345078e-01
9.575296420669482389e-02,1.230620824136562791e-01,2.425418677556743785e-01,1.737456223981480585e-01,1.596764608680538988e-01,2.052210023577725750e-01
4.755541313417103316e-02,5.932708894439270991e-02,1.574889564809436593e-01,3.302106546576932256e-01,2.470547102712468135e-01,1.583631765115524892e-01
8.819469538626273364e-02,3.228925168998991735e-02,2.371003242410202050e-01,1.318101974258288067e-01,3.122937758970318334e-01,1.983117553598666427e-01
4.544008133505541419e-02,2.514549199864919704e-02,1.621968740238045603e-01,3.159683294835166634e-01,1.574020570629591220e-01,2.938471660960151333e-01
1.001329054577635436e-01,8.043900617285901222e-02,9.937503142932899158e-02,2.616706264171063112e-01,1.975679058641981178e-01,2.608145246587438848e-01
2.813113259578975053e-02,4.101193636980867557e-02,2.574190034802868732e-02,6.396128741611379898e-01,6.147289774906587040e-02,2.040292587761689813e-01
1.210324764308512990e-01,4.619217660888900318e-02,3.004267019827005503e-01,1.946592003259349779e-01,1.466630303301678095e-01,1.910264143214563115e-01
1.544633685165810490e-02,7.156676854252350117e-03,1.946923812980597829e-02,5.529140341098510714e-01,8.999482854992991998e-02,3.150188855045025771e-01
9.067156803696813094e-02,1.972650292807214684e-02,1.010723887341677951e-01,3.878950295259004366e-01,2.236453930400968404e-01,1.769891177347948097e-01
9.545214522832035087e-02,7.681818718091337761e-02,5.611539524811716417e-02,2.954620029864917785e-01,1.420091554364406872e-01,3.341431139197164057e-01
1.072747094426052331e-02,5.803336810164178017e-02,6.954968622429208436e-02,3.272327518555327996e-01,1.171398151481691241e-01,4.173169077261037474e-01
1.529999999999999971e-01,2.189999999999999933e-02,3.332999999999999852e-01,0.000000000000000000e+00,1.529999999999999971e-01,3.387999999999999901e-01
1.529999999999999971e-01,2.189999999999999933e-02,3.332999999999999852e-01,0.000000000000000000e+00,1.529999999999999971e-01,3.387999999999999901e-01
1.183524478120563383e-01,8.687901297049800686e-02,2.889755202906310050e-01,2.116152643394756672e-01,1.706562975099532031e-01,1.235214570773856962e-01
4.713604550572059876e-02,2.115519271252706487e-02,1.312682093786924908e-01,4.366536015239469992e-01,1.341319481063416863e-01,2.296550027727711218e-01
7.910508953411017619e-02,9.833846100553066127e-02,1.330719735328241560e-01,3.457404865743292088e-01,1.201087352000419495e-01,2.236352541531637095e-01
1.048672921532791680e-01,9.498348448662252697e-02,1.843841843576851658e-01,2.915094992418614250e-01,1.786601965852708251e-01,1.455953431752808891e-01
8.415180833037363972e-02,7.563745457529053029e-02,2.743927850964020809e-01,9.359333288234417125e-02,2.714183950170597770e-01,2.008062240985298008e-01
9.463660417117870927e-02,7.756197638906424385e-02,2.330206154266101781e-01,2.531619060210785754e-01,1.665928595941627566e-01,1.750260383979055645e-01
1.046976291014749261e-01,7.353930125687895003e-02,1.707650307970495218e-01,2.336587377166533808e-01,2.320907812796112746e-01,1.852485198483319329e-01
1.439541037669598289e-01,7.314252760317262181e-02,1.322079377922020516e-01,2.462678230800177115e-01,2.331430787595018539e-01,1.712845289981459740e-01
2.017471894510276531e-01,9.338767710924666954e-02,1.222289461637222630e-01,2.499003748179149387e-01,1.722077400913863687e-01,1.605280723667020792e-01
9.145982730318814868e-02,2.588163374770495115e-02,6.690585859037743999e-02,4.024222494026239438e-01,1.771217158898210631e-01,2.362087150662845192e-01
7.572510806204513223e-02,5.847449317803436047e-02,2.477831222091886332e-01,1.690115496344684054e-01,2.336634344146662212e-01,2.153422925015973100e-01
8.969028577994200835e-02,7.059819553323787300e-02,2.063245919251347760e-01,2.079034225155846349e-01,2.181673288622889562e-01,2.073161753838117238e-01
6.146567211091218119e-02,5.786641357683027648e-02,1.163947041490009521e-01,3.685854519224787129e-01,1.685798563216167612e-01,2.271079019191610260e-01
5.012486431611198889e-02,5.880941791789947443e-02,1.035780179241915233e-01,3.123196588783477834e-01,1.843916904471003815e-01,2.907763505163489248e-01
5.270619554257474637e-02,1.072981789997249219e-01,5.758456914749322114e-02,3.357571757997144801e-01,1.267512519400970650e-01,3.199026285703954753e-01
8.353830359363782765e-02,4.359247845195932114e-02,1.790967751968584876e-01,2.019989091773577994e-01,3.424265597769053926e-01,1.493469738032811023e-01
1.553685414732909054e-01,7.418383366625014297e-02,1.988759221136966182e-01,1.387893328645075364e-01,2.431134789940758434e-01,1.896688908881790092e-01
2.309200547790982161e-02,0.000000000000000000e+00,1.224520290057841132e-01,3.771781271836965876e-01,1.367375161946995377e-01,3.405403221379099676e-01
1.529999999999999971e-01,2.189999999999999933e-02,3.332999999999999852e-01,0.000000000000000000e+00,1.529999999999999971e-01,3.387999999999999901e-01
1.075095748293528330e-01,6.856888672201007229e-02,1.449175056599692479e-01,3.091102815444837781e-01,1.426485832125094222e-01,2.272451680316746325e-01
6.977077778389856322e-02,3.812673228520128965e-02,2.823772149451760916e-01,1.815893864060546536e-01,2.671774911680453446e-01,1.609583974116240157e-01
8.264228817092515722e-02,5.385688992056091029e-02,3.948870301871106742e-02,4.373125591177363658e-01,1.064278795431123498e-01,2.802716802289541009e-01
1.012906730293569313e-01,8.542186992730921302e-02,2.901487433966473684e-01,1.619424166660501374e-01,2.152007552841257443e-01,1.459955416965105779e-01
6.946373601765255812e-02,4.910432667103733356e-02,8.464860313528443925e-02,3.400716695294092595e-01,1.330326776329888439e-01,3.236789870136276837e-01
1.280259950086691245e-01,5.500721507295909529e-02,2.137482580928401210e-01,9.399428310714114110e-02,2.603991399280791708e-01,2.488251087903113890e-01
8.154003101766148232e-02,6.195863625965358779e-02,3.096865194242869324e-01,1.358456101753594825e-01,2.413429042236380495e-01,1.696262988994005905e-01
1.529999999999999971e-01,2.189999999999999933e-02,3.332999999999999852e-01,0.000000000000000000e+00,1.529999999999999971e-01,3.387999999999999901e-01
2.939041346270108990e-02,1.094863302349487547e-02,5.071097093526687194e-02,4.620460231679373031e-01,1.174715268545985791e-01,3.294324325560012978e-01
2.326462880983834816e-02,1.430338028692001301e-02,9.756489437217216731e-02,4.703514378047294331e-01,1.128553587618343762e-01,2.816602999645056449e-01
8.700570297592916114e-02,6.529137397795906073e-02,1.700697360154099780e-01,3.118126463916948143e-01,1.965583757248638430e-01,1.692621649141432538e-01
8.556910779914637943e-02,4.800624144145013150e-02,2.456817151138625532e-01,2.209006003519784767e-01,2.620598411188266308e-01,1.377824941747357590e-01
1.318114075861424317e-01,5.517298126521622686e-02,3.921476987346979581e-01,1.450372195353941407e-01,1.639223143056565690e-01,1.119083785728925279e-01
1.529999999999999971e-01,2.189999999999999933e-02,3.332999999999999852e-01,0.000000000000000000e+00,1.529999999999999971e-01,3.387999999999999901e-01
1.017523340116044672e-01,8.798794773642074074e-02,2.149817382137127475e-01,9.936427163574459986e-02,3.156100910530160175e-01,1.803036173495014827e-01
4.286304336568887152e-02,7.103550388964310555e-03,2.706471441072418396e-02,4.633239198290178273e-01,1.323944093777782993e-01,3.272503626278264743e-01
6.775091148187073475e-02,7.855209339781804578e-02,2.942504183761284614e-02,3.744424285523887952e-01,1.570430463630864693e-01,2.927864783672230464e-01
1.171189909960147352e-01,7.867997022065478796e-02,1.536175921975758418e-01,3.025502447037102249e-01,1.754323990322183280e-01,1.726008028498260960e-01
1.777113089213256669e-01,9.804239909370648931e-02,2.845441688199064623e-01,3.194814428098303322e-02,3.306036859555545604e-01,7.715029292852382259e-02
1.130937816370113924e-01,3.904599494524323144e-02,1.110353679116262010e-01,3.590126159777369264e-01,1.129955112246511656e-01,2.648167283037310415e-01
6.934868845718349106e-02,1.056237881673435242e-01,1.505459894470450033e-01,1.414299540332898120e-01,2.982660008572022292e-01,2.347855790379359542e-01
6.264810346321561529e-02,1.914292223588780553e-02,1.373984269151735937e-01,4.037235244853429328e-01,1.358095627943356476e-01,2.412774601060445334e-01
1.529999999999999971e-01,2.189999999999999933e-02,3.332999999999999852e-01,0.000000000000000000e+00,1.529999999999999971e-01,3.387999999999999901e-01
1.529999999999999971e-01,2.189999999999999933e-02,3.332999999999999852e-01,0.000000000000000000e+00,1.529999999999999971e-01,3.387999999999999901e-01
2.535319261238797375e-02,1.340668324856952517e-02,1.664250979627557303e-01,3.435812388316850652e-01,1.698946732483248567e-01,2.813391140962768766e-01
1.139823218898558393e-01,2.763466599050483016e-02,3.080408972580836457e-01,1.433726985778234764e-01,1.836725521580530318e-01,2.232968641256792286e-01
7.804999981344458437e-02,7.338381556774885295e-02,1.800164227013977547e-01,2.381114938796483615e-01,2.133411008924016306e-01,2.170971671453588714e-01
3.913193688866518916e-02,6.908426803042247433e-02,1.714910636896645191e-01,2.030370219300854928e-01,2.994339303353880655e-01,2.178217791257742453e-01
8.398864103494720068e-02,2.657033275164349603e-02,1.127102249922275201e-01,3.678052688209648702e-01,9.356296294741564545e-02,3.153625694528011669e-01
1.296477419048452095e-01,9.294286141742451324e-02,1.699154724898786495e-01,1.567823238050093659e-01,2.963486470715329668e-01,1.543629533113091701e-01
1.023637958972364592e-01,2.975388928210919576e-02,1.382535899774728905e-01,3.346433810599841463e-01,1.326898069042347639e-01,2.622955368789626207e-01
9.967873533778054407e-02,8.280280146409084441e-02,2.444648758534554156e-01,2.228384173848237670e-01,1.642134297301707790e-01,1.860017402296786637e-01
9.310862351298801465e-02,2.634821608100831186e-02,7.079491964521703040e-02,4.150898082962741209e-01,1.489955788194069208e-01,2.456628536451056777e-01
3.898580325426550391e-02,6.180215891215208590e-02,4.038510619468576451e-02,4.760833118291015742e-01,1.210766040224123680e-01,2.616670157873826619e-01
1.529999999999999971e-01,2.189999999999999933e-02,3.332999999999999852e-01,0.000000000000000000e+00,1.529999999999999971e-01,3.387999999999999901e-01
1.341262939445051205e-01,6.026127209349556313e-02,3.040034121788554033e-01,1.376624707937218299e-02,4.038037412714654550e-01,8.403903343230631484e-02
7.345103138355491001e-02,1.806230297820479030e-02,1.003942925048635360e-01,3.577948433910297377e-01,2.890141582172948143e-01,1.612833715250522604e-01
1.803549940881169489e-01,6.234554050265902342e-02,1.523266678023622311e-01,2.253843110430000241e-01,1.365611328090163834e-01,2.430273537548453822e-01
6.365360731951119622e-02,3.149225664534278241e-02,2.257860178985880983e-01,2.919391533705775754e-01,2.341097019614558350e-01,1.530192628045244641e-01
2.643406658737324291e-02,8.828840687798771014e-02,1.074589452663870098e-01,1.855582837504008709e-01,1.463045555639102546e-01,4.459557419539409429e-01
1.040449518431433851e-01,4.865360488523205740e-02,1.016047311900522970e-01,1.703302174642283839e-01,2.550681613122401936e-01,3.202983333051035997e-01
1.523568076414227312e-01,8.768399134321268329e-02,1.849064658505774339e-01,1.003338455418894409e-01,2.876361566999622310e-01,1.870827329229354796e-01
4.497421722857637694e-02,2.596685274954934827e-02,4.575155422935228006e-02,4.634019386363991133e-01,1.328097351510647839e-01,2.870957020050580177e-01
1.142802721961858198e-01,6.254717814979421364e-02,2.277430533453050632e-01,1.360864902060698600e-01,2.874463756597644970e-01,1.718966304428804492e-01
6.353059963333629323e-02,3.019030396686605416e-02,2.071031288371034951e-01,3.724787505929776921e-01,2.303024749632059109e-01,9.639474200651064473e-02
1.080283230889153012e-01,8.852167316581838197e-02,1.448583049950056822e-01,3.135634086736243664e-01,1.282381583334189779e-01,2.167901317432174013e-01
2.879475091710196472e-02,8.722239503991394138e-02,1.344332720331518627e-01,3.475240308647881693e-01,1.402727244061264256e-01,2.617528267389174768e-01
1.529999999999999971e-01,2.189999999999999933e-02,3.332999999999999852e-01,0.000000000000000000e+00,1.529999999999999971e-01,3.387999999999999901e-01
1.529999999999999971e-01,2.189999999999999933e-02,3.332999999999999852e-01,0.000000000000000000e+00,1.529999999999999971e-01,3.387999999999999901e-01
1.314011381186226957e-01,5.888874692018444129e-02,2.157932898513430231e-01,1.705441884985856027e-01,2.085584159573568019e-01,2.148142206539073173e-01
1.529999999999999971e-01,2.189999999999999933e-02,3.332999999999999852e-01,0.000000000000000000e+00,1.529999999999999971e-01,3.387999999999999901e-01
6.155126512876161332e-02,4.392676185738494249e-02,2.208347044937796766e-01,8.290578341025414688e-02,3.561330522219225969e-01,2.346484328878969960e-01
1.081012561012843903e-01,1.171296978673575240e-01,1.556524301009925282e-01,1.890853507179086901e-01,3.059419179686693191e-01,1.240893472437874512e-01
1.529999999999999971e-01,2.189999999999999933e-02,3.332999999999999852e-01,0.000000000000000000e+00,1.529999999999999971e-01,3.387999999999999901e-01
9.248663587550871867e-02,9.498812146087927399e-02,2.415446282014121482e-01,2.152138736081786186e-01,1.528010397271535592e-01,2.029657011268677369e-01
1.529999999999999971e-01,2.189999999999999933e-02,3.332999999999999852e-01,0.000000000000000000e+00,1.529999999999999971e-01,3.387999999999999901e-01
6.768905219291615483e-02,6.335123108333275133e-02,1.840214031965105301e-01,1.841982559495028149e-01,1.811753187067496607e-01,3.195647388709881853e-01
1.529999999999999971e-01,2.189999999999999933e-02,3.332999999999999852e-01,0.000000000000000000e+00,1.529999999999999971e-01,3.387999999999999901e-01
2.670489942277786549e-02,5.192589053958759915e-02,1.391411639912729370e-01,3.892232965562251734e-01,8.733529904113808418e-02,3.056694504489984032e-01
5.853665545134154741e-02,3.094522969491020348e-02,2.027892547372384668e-01,3.406135010771381699e-01,2.129778569633709873e-01,1.541375020760006875e-01
5.548492098772785791e-02,6.406153878404151347e-02,1.972041726882829693e-01,2.334852418694166043e-01,3.407926674096450892e-01,1.089714582608859450e-01
1.628957824712168878e-01,3.914202876304927886e-02,3.412549537708409186e-01,1.418599666119081670e-01,1.573512887964881868e-01,1.574959795864965539e-01
5.079762557395835904e-02,2.169656744799173392e-02,7.298411858544488762e-02,3.729242514190966862e-01,1.616473790229905894e-01,3.199500579505177300e-01
1.482671855998678734e-01,4.959307022335254778e-02,2.627338422735059908e-01,1.304389708312415214e-02,4.228810180318555711e-01,1.034809867882938716e-01
2.126604003324564507e-01,4.341548658697091945e-02,3.601075560739246811e-02,1.981913560978738609e-01,1.332150163093248074e-01,3.765069850659815698e-01
1.524467360614339961e-01,7.579012306967074231e-02,2.029152352359973321e-01,9.840076938029770903e-02,2.929414657748658501e-01,1.775056704777343841e-01
1.356769722271454481e-01,5.685280762795227871e-02,1.709861727765600026e-01,1.388284202789970001e-01,3.063155898982120595e-01,1.913400371911331554e-01
1.529999999999999971e-01,2.189999999999999933e-02,3.332999999999999852e-01,0.000000000000000000e+00,1.529999999999999971e-01,3.387999999999999901e-01
1.139407412243443329e-01,1.275474781982698647e-01,1.970420546610641144e-01,1.955689255331057308e-01,2.063166628660405844e-01,1.595841375171754284e-01
1.529999999999999971e-01,2.189999999999999933e-02,3.332999999999999852e-01,0.000000000000000000e+00,1.529999999999999971e-01,3.387999999999999901e-01
2.469985698854883227e-02,6.131755629797380064e-02,9.281822678296428042e-02,2.427016529816329871e-01,2.152938006659043391e-01,3.631689062829757120e-01
1.687461983169591118e-01,8.087401588667825214e-02,2.270191362667661195e-01,9.160371439832462603e-02,2.686228467685116139e-01,1.631340883627602489e-01
1.529999999999999971e-01,2.189999999999999933e-02,3.332999999999999852e-01,0.000000000000000000e+00,1.529999999999999971e-01,3.387999999999999901e-01
1.605843533627800135e-01,7.700737262064559496e-02,2.271972902898514723e-01,8.880861021204591865e-02,2.832780898235414679e-01,1.631242836911357685e-01
5.658235936961121537e-02,4.835965025836030245e-02,1.332037878962209765e-01,3.945176435940053739e-01,1.300206101747561072e-01,2.373159487070459206e-01
1.529999999999999971e-01,2.189999999999999933e-02,3.332999999999999852e-01,0.000000000000000000e+00,1.529999999999999971e-01,3.387999999999999901e-01
5.990481886758112356e-02,5.925755035811162974e-02,1.670708995646481010e-01,3.031558397236768232e-01,2.144167855122727784e-01,1.961941059737093707e-01
1.620235615393656459e-01,8.075028341951141775e-02,2.029505324063764216e-01,1.202264676924012093e-01,2.467121473455628766e-01,1.873370075967824844e-01
7.568814789002591137e-02,4.996865861292095617e-02,1.945793842159199150e-01,3.056215279097436177e-01,1.877286513673859791e-01,1.864136300040034333e-01
1.412708813089399162e-01,2.290941784246871768e-02,2.923302234965861057e-01,1.913391349108524708e-01,2.023513223813757089e-01,1.497990200597770494e-01
1.159622491644077408e-01,5.356394520246508806e-02,2.298665416211248536e-01,2.361651040987423344e-01,2.016659491568622564e-01,1.627762107563975880e-01
6.448265358646465550e-02,1.918759005810390106e-02,1.225622941861434778e-01,2.218550888472489990e-01,3.185212831395739519e-01,2.533910901824649731e-01
1.213172132336994280e-01,9.050678296998999894e-02,1.869843841446191812e-01,2.133799270932802694e-01,1.951481189734455279e-01,1.926635735849656084e-01
1.529999999999999971e-01,2.189999999999999933e-02,3.332999999999999852e-01,0.000000000000000000e+00,1.529999999999999971e-01,3.387999999999999901e-01
9.751713009632624607e-02,7.549163903908165385e-02,2.027892547372384391e-01,2.798425814023440816e-01,2.129778569633709318e-01,1.313815377616385227e-01
1.737224993625353930e-01,4.432608115984885966e-02,3.105167282032734732e-01,1.350483867359091872e-01,1.810798034245325872e-01,1.553065011139006801e-01
1.501995607062595051e-02,5.307455541770338646e-03,7.827250114845825391e-02,5.544532861989054373e-01,1.273464720479224321e-01,2.196003289923176283e-01
3.096970883552933526e-02,1.993713413992116018e-02,7.627608786567270649e-02,4.689205578637234417e-01,1.298243231164801503e-01,2.740721881786731817e-01
7.612598857389005214e-02,2.657569447201667961e-02,4.737608218438543045e-02,4.898671922815979740e-01,1.121722734057764709e-01,2.478827690823333374e-01
7.044057531138626926e-02,3.452901560006848419e-02,1.942861051146055618e-01,2.899328852386676703e-01,2.355232763133511820e-01,1.752881424219207285e-01
4.006654688656875740e-02,6.351540537962338528e-02,4.150464055633886623e-02,4.697595827384145051e-01,1.244330250243012581e-01,2.607207994147532348e-01
3.520905868068435057e-02,3.945726521370262335e-02,5.812967429711556056e-02,5.211568826717641878e-01,1.284993314883446647e-01,2.175477876483885298e-01
5.740227029719809082e-02,8.803294722300251951e-02,5.281580374299691544e-02,4.257027030618842356e-01,1.257334237694700818e-01,2.503128519054481083e-01
7.568689992509063102e-02,8.801289842019122123e-02,1.974457583422936369e-01,2.615025450218203540e-01,1.395236000618979844e-01,2.378282982287060476e-01
7.058973838183812965e-02,6.501837438782689937e-02,6.765275346007572355e-02,3.482737327578826481e-01,1.400645440223838578e-01,3.084008569899926999e-01
2.926985462814939154e-02,5.542237048045650129e-03,1.317383082478987832e-01,5.694370823865992914e-01,5.794555602564623042e-02,2.060669616636605916e-01
1.297363833472253980e-01,2.684928247420033734e-02,3.450311089538187770e-01,1.200715806809750791e-01,2.002933005417037171e-01,1.780183440020767505e-01
8.822198972983955056e-02,2.373087236859006480e-02,1.282918823063481373e-01,3.060917317802781534e-01,2.663264993965581140e-01,1.873370244183860389e-01
9.055360580091621758e-02,1.253104007263222130e-01,6.102445384380749543e-02,4.125249010150745521e-01,1.245422915739948094e-01,1.860443470398847055e-01
8.542091051388282785e-02,5.663578439358721989e-02,6.173301243849380060e-02,4.261908103812401816e-01,1.231127488907892142e-01,2.469067333820066934e-01
9.409425609443664018e-02,4.401031561618512500e-02,1.713244252536429424e-01,2.835346567453382316e-01,1.764215240734313683e-01,2.306148222169656647e-01
9.325831666076749016e-02,7.706139379765489239e-02,1.886656393465425963e-01,2.589211516718859518e-01,1.731887759234100321e-01,2.089047225997390511e-01
2.288005589683007185e-02,7.228771343325856615e-03,9.432720823599798077e-02,4.983650508229379716e-01,9.711480712947170857e-02,2.800841065714363975e-01
6.195439180031537402e-02,5.215271033414509150e-02,2.119708552472170660e-01,2.591577979100511686e-01,2.947731399534118113e-01,1.199911047548593845e-01
5.094199476820174960e-02,1.059998479837037239e-01,2.902527368466896462e-02,4.117192803211762731e-01,1.154610314137335669e-01,2.868525718285157011e-01
2.884004772792268800e-02,5.514210320453774572e-02,1.237593171840074835e-01,2.838066489217763166e-01,2.629335682323232781e-01,2.455183147294325297e-01
1.529999999999999971e-01,2.189999999999999933e-02,3.332999999999999852e-01,0.000000000000000000e+00,1.529999999999999971e-01,3.387999999999999901e-01
1.738807069830602681e-01,9.066363452817415014e-02,2.155851955840838718e-01,9.312511517621886725e-02,2.568198778877288091e-01,1.699254698407341724e-01
2.831715827035487590e-02,4.128314027894519622e-02,2.591212649731451309e-02,6.134863315248719751e-01,7.282652577603383748e-02,2.181747176524797271e-01
1.066701722097223026e-01,9.582517266277773560e-02,2.265598644649228777e-01,1.128642686731078926e-01,2.828273514111905862e-01,1.752531705782785498e-01
1.529999999999999971e-01,2.189999999999999933e-02,3.332999999999999852e-01,0.000000000000000000e+00,1.529999999999999971e-01,3.387999999999999901e-01
6.338274287452017042e-02,7.093784697401205042e-02,6.461583719494169709e-02,4.037754758267212973e-01,1.269627758357231573e-01,2.703253212940816552e-01
6.792007786488371557e-02,9.243789589886096392e-02,1.208707829599911104e-01,2.416846460725501355e-01,2.425072308051281766e-01,2.345793663985859534e-01
1.529999999999999971e-01,2.189999999999999933e-02,3.332999999999999852e-01,0.000000000000000000e+00,1.529999999999999971e-01,3.387999999999999901e-01
7.547437747815956277e-02,2.634821608100831880e-02,1.087257407819706145e-01,3.974555622614455719e-01,1.336699945217287022e-01,2.583261088756872437e-01
1.529999999999999971e-01,2.189999999999999933e-02,3.332999999999999852e-01,0.000000000000000000e+00,1.529999999999999971e-01,3.387999999999999901e-01
1.529999999999999971e-01,2.189999999999999933e-02,3.332999999999999852e-01,0.000000000000000000e+00,1.529999999999999971e-01,3.387999999999999901e-01
2.684984313527397776e-02,7.517391664554549414e-03,7.369695184123567500e-02,4.803183288198369372e-01,1.588205355774296168e-01,2.527969489616691545e-01
4.935438807352299229e-02,7.315104759062700246e-02,9.557317608706922263e-02,3.031858062100529771e-01,1.494146842176200807e-01,3.293208978211076277e-01
9.346801355096784336e-02,4.291231474396142026e-02,7.365027056120874993e-02,3.521660068632708196e-01,1.949048431104878076e-01,2.428985511701034772e-01
2.831715827035487590e-02,4.128314027894519622e-02,2.591212649731451309e-02,6.134863315248719751e-01,7.282652577603383748e-02,2.181747176524797271e-01
8.151038246840983104e-02,2.766107052803053537e-02,1.284146372452719953e-01,3.530159326080020699e-01,2.089133756285180277e-01,2.004846015217674748e-01
7.289817007412140171e-02,5.899103924899430640e-02,7.626957712583390392e-02,3.265775599290402509e-01,1.640667558341802335e-01,3.011968977878300424e-01
6.741100257264316664e-02,4.444427893959568970e-02,2.493928571383652870e-01,2.161784614431814522e-01,2.816071514145769838e-01,1.409662484916375247e-01
1.529999999999999971e-01,2.189999999999999933e-02,3.332999999999999852e-01,0.000000000000000000e+00,1.529999999999999971e-01,3.387999999999999901e-01
1.529999999999999971e-01,2.189999999999999933e-02,3.332999999999999852e-01,0.000000000000000000e+00,1.529999999999999971e-01,3.387999999999999901e-01
2.769082962485216320e-02,1.884684573914484351e-02,1.517683467999197400e-01,4.071300164062774396e-01,1.019660315146861951e-01,2.925979299151196811e-01
1.541635378186537522e-02,4.884609168646886213e-02,1.969082967754311464e-01,2.365764822674809587e-01,2.485676611251246004e-01,2.536851143636289496e-01
1.051000970679445007e-01,9.972323009744719913e-02,1.813246622634642202e-01,1.707192520221507692e-01,2.582897182567871486e-01,1.848430402922061622e-01
1.085046458419039184e-01,5.234151251195507532e-02,2.135431426082541606e-01,2.885612456427923411e-01,1.861232724238151004e-01,1.509261809712794389e-01
1.529999999999999971e-01,2.189999999999999933e-02,3.332999999999999852e-01,0.000000000000000000e+00,1.529999999999999971e-01,3.387999999999999901e-01
1.470921856793627747e-01,8.012171819737984313e-02,2.501146996364100317e-01,1.413185535363815082e-01,2.680479339226755631e-01,1.133049090277903348e-01
1.103828450665859107e-01,5.098677118668319685e-02,1.929691922554132855e-01,2.997980724671745478e-01,1.919629998675492777e-01,1.539001191565936844e-01
4.572931312018661126e-02,4.923822100309824951e-02,1.236744589690636498e-01,4.301049725377162902e-01,1.338698928064436799e-01,2.173831415634916164e-01
5.032837548945977985e-02,7.467539481958031244e-02,2.316853687616800828e-01,1.915182299932640386e-01,2.117524983418847817e-01,2.400401325941309283e-01
1.529999999999999971e-01,2.189999999999999933e-02,3.332999999999999852e-01,0.000000000000000000e+00,1.529999999999999971e-01,3.387999999999999901e-01
5.692538821002823130e-02,3.260752166839523541e-02,3.263905362122122844e-02,4.776159670612978858e-01,1.085047861591660057e-01,2.917072832798913162e-01
1.314390046764828957e-01,7.558577744009022104e-02,1.123389550010433086e-01,2.757749558314233074e-01,1.328453393807168814e-01,2.720159676702433860e-01
3.211273084857237115e-02,1.900756431292460746e-02,1.351804488464479759e-01,4.092450667451364987e-01,1.290843490323464737e-01,2.753698402145722257e-01
4.681254952990022283e-02,2.677813780904113317e-02,1.349102974988565240e-01,3.886453099321970361e-01,2.682286040436925867e-01,1.346251011863124902e-01
8.457538077779652719e-02,8.784982410541625208e-02,2.593250489625614219e-01,1.073815127783312451e-01,2.680259188378577018e-01,1.928423145380367965e-01
1.529999999999999971e-01,2.189999999999999933e-02,3.332999999999999852e-01,0.000000000000000000e+00,1.529999999999999971e-01,3.387999999999999901e-01
5.146233709298662917e-02,2.971545809897867957e-02,2.991697841967267957e-01,1.981968906846622858e-01,2.745001394833286867e-01,1.469553904433168745e-01
8.928692187145340076e-02,5.350687445240474849e-02,1.395551634048543543e-01,2.539096800001541254e-01,3.207592813277679311e-01,1.429820789433655370e-01
1.529999999999999971e-01,2.189999999999999933e-02,3.332999999999999852e-01,0.000000000000000000e+00,1.529999999999999971e-01,3.387999999999999901e-01
1.515573784130312407e-01,9.842766494036647718e-02,1.726636168203939115e-01,2.621401799358938356e-01,1.530809087428709192e-01,1.621302511474436436e-01
9.374636452127164954e-02,3.839817437782180182e-02,2.788669158021344630e-01,2.169002293893520228e-01,1.717585422819639940e-01,2.003297736274560203e-01
1.942183209413431422e-01,6.911529972076388417e-02,1.164295649720255427e-01,2.138866594530041132e-01,2.148403754352954942e-01,1.915097794775678930e-01
4.029574931369764995e-02,3.629244550004042530e-02,1.787309368715678248e-01,2.622260365059661535e-01,2.740646702413168656e-01,2.083901615674111363e-01
1.529999999999999971e-01,2.189999999999999933e-02,3.332999999999999852e-01,0.000000000000000000e+00,1.529999999999999971e-01,3.387999999999999901e-01
5.792430906754149345e-02,8.443997786672774453e-02,4.290582999075984866e-02,3.172720538768865062e-01,1.523322683352160145e-01,3.451255608628683302e-01
0.000000000000000000e+00,0.000000000000000000e+00,3.961732015847418270e-02,6.006209067345458230e-01,6.389409905257678601e-02,2.958676740544032846e-01
1.782020121569904969e-02,6.710312083814376494e-02,8.716608629592355328e-02,3.399605666793816816e-01,4.869494885936955647e-02,4.392550761114824009e-01
1.732028870849403601e-01,1.070609667015818139e-01,2.537991053721729839e-01,1.045425425272720615e-01,2.944714483117724657e-01,6.692305000226024536e-02
5.444888258608931303e-02,1.752164835725543782e-02,8.636444838614382169e-02,3.380160998368034186e-01,1.480062330371035573e-01,3.556426877966045175e-01
1.529999999999999971e-01,2.189999999999999933e-02,3.332999999999999852e-01,0.000000000000000000e+00,1.529999999999999971e-01,3.387999999999999901e-01
5.356785365983914721e-02,6.209981651628768834e-02,3.071395914818222939e-02,4.383990464634968109e-01,1.021050306222138770e-01,3.131142935899802193e-01
4.094803499353856513e-02,7.886022092359734614e-02,2.077705066832321590e-01,3.405620890822792513e-01,1.081354420222290363e-01,2.237237062951237254e-01
1.529999999999999971e-01,2.189999999999999933e-02,3.332999999999999852e-01,0.000000000000000000e+00,1.529999999999999971e-01,3.387999999999999901e-01
1.529999999999999971e-01,2.189999999999999933e-02,3.332999999999999852e-01,0.000000000000000000e+00,1.529999999999999971e-01,3.387999999999999901e-01
1.068126401605079823e-01,7.195917060645515284e-02,6.695050929844256760e-02,3.837615183111893202e-01,1.116284281376712789e-01,2.588877334857337398e-01
9.351871509667761262e-02,4.785918512188325896e-02,2.036177458667583484e-01,3.058426178245691740e-01,2.073408132621683275e-01,1.418209228279432854e-01
4.916142382155207907e-02,4.331441707515808898e-02,6.086407766551645698e-02,3.948031501902100615e-01,1.176697753834955729e-01,3.341871558640677198e-01
5.843180034678974871e-02,3.345770044996158876e-02,2.539961837484649987e-01,2.954952250252354529e-01,1.998694453409146921e-01,1.587496450886335120e-01
1.010913157427387743e-01,4.697148145119171142e-02,1.841411213355740595e-01,2.531722962130749655e-01,2.009813556307877003e-01,2.136424296266328238e-01
1.529999999999999971e-01,2.189999999999999933e-02,3.332999999999999852e-01,0.000000000000000000e+00,1.529999999999999971e-01,3.387999999999999901e-01
5.662775201642806372e-02,6.092954374726516908e-02,1.755624686629000120e-01,3.160638486003169434e-01,1.546040196005060430e-01,2.362123673725837203e-01
4.534200437803626721e-02,5.366599427415474216e-02,5.951526525005245566e-02,5.212785531552555085e-01,6.661479511807440190e-02,2.535833878244266315e-01
5.401004330674527565e-02,3.161764858461359184e-02,2.137355757296459380e-01,3.130050972575922352e-01,2.707318133918230063e-01,1.168998217295800779e-01
8.542091051388282785e-02,5.663578439358721989e-02,6.173301243849380060e-02,4.261908103812401816e-01,1.231127488907892142e-01,2.469067333820066934e-01
4.151488933446035451e-02,1.094209512182400638e-02,6.498167165847122673e-02,4.123136600230977167e-01,1.725476437235516358e-01,2.977000401385951900e-01
8.327148234349913969e-02,5.436541245338886996e-02,1.683705734350135486e-01,2.231962015402464417e-01,2.445400495940218133e-01,2.262562806338301868e-01
1.529999999999999971e-01,2.189999999999999933e-02,3.332999999999999852e-01,0.000000000000000000e+00,1.529999999999999971e-01,3.387999999999999901e-01
1.387458784497051512e-01,4.509407737851655468e-02,3.169836941976184597e-01,1.318675827149247692e-01,2.163370498220045790e-01,1.509717174372302018e-01
1.337146907780359661e-01,4.853377961561358006e-02,3.218798228655170846e-01,1.451399370434255376e-01,1.963595877475885210e-01,1.543721819498193315e-01
1.529999999999999971e-01,2.189999999999999933e-02,3.332999999999999852e-01,0.000000000000000000e+00,1.529999999999999971e-01,3.387999999999999901e-01
1.529999999999999971e-01,2.189999999999999933e-02,3.332999999999999852e-01,0.000000000000000000e+00,1.529999999999999971e-01,3.387999999999999901e-01
1.545134982618680541e-01,7.700737262064558108e-02,1.935434355243381421e-01,1.006444605385566210e-01,2.964115274998653793e-01,1.778797055547262362e-01
8.379435804306152591e-02,3.019155134577137384e-02,7.057246981156560517e-02,3.947148900069366584e-01,1.452512186081950651e-01,2.754755121844697507e-01
1.525713362746184965e-01,2.461024298296714263e-02,2.601890013186977657e-01,2.062825938271144188e-01,2.006297227778655601e-01,1.557171028187366857e-01
6.731414036427298131e-02,6.316162443357806189e-02,1.106220717821810862e-01,1.921700640926709280e-01,2.612072197143385788e-01,3.055248796129583777e-01
1.529999999999999971e-01,2.189999999999999933e-02,3.332999999999999852e-01,0.000000000000000000e+00,1.529999999999999971e-01,3.387999999999999901e-01
6.472989297913216145e-02,3.120230196947591100e-02,2.361104578725231884e-01,2.821673264318914076e-01,2.598712803562804874e-01,1.259187403906968095e-01
8.747771271556430139e-02,5.777051876065311675e-02,2.910967310399098507e-01,1.915418165730100597e-01,2.471276514015999237e-01,1.249855695092626645e-01
1.520181092023803471e-01,4.423845149677657629e-02,2.922078139420414278e-01,1.421096092308066217e-01,2.228379191324907083e-01,1.465880969955043744e-01
3.702878959404910797e-02,4.042690986958438759e-02,5.633751931364922722e-02,4.370285200509478329e-01,1.668292402356711945e-01,2.623490209360982983e-01
1.529999999999999971e-01,2.189999999999999933e-02,3.332999999999999852e-01,0.000000000000000000e+00,1.529999999999999971e-01,3.387999999999999901e-01
8.001722579674309943e-02,2.896405531505176836e-02,2.032478088937256788e-01,2.814434942270321871e-01,2.345682982152932361e-01,1.717591175521540614e-01
6.319658278274689622e-02,1.022918142230603289e-01,9.521387147451658428e-02,2.999850113278775265e-01,2.283749913029311240e-01,2.109377288888675261e-01
1.011189167469108280e-01,1.986097190920725619e-02,6.230890156747158348e-02,3.588138087337583437e-01,1.114779301768878822e-01,3.464194708657640787e-01
4.544008133505541419e-02,2.514549199864919704e-02,1.621968740238045603e-01,3.159683294835166634e-01,1.574020570629591220e-01,2.938471660960151333e-01
9.939001681053097337e-02,9.913279045169758052e-02,1.122696731221325406e-01,2.956546581285687814e-01,1.315353123959374926e-01,2.620175490911326177e-01
7.283634037041507303e-02,4.890942387043030470e-02,1.450847046852423716e-01,3.205871235904523275e-01,1.474110366905112546e-01,2.651713707929485575e-01
1.529999999999999971e-01,2.189999999999999933e-02,3.332999999999999852e-01,0.000000000000000000e+00,1.529999999999999971e-01,3.387999999999999901e-01
1.529999999999999971e-01,2.189999999999999933e-02,3.332999999999999852e-01,0.000000000000000000e+00,1.529999999999999971e-01,3.387999999999999901e-01
