1.877787478901760121e-02,5.164526031049705007e-02,2.661623344607176311e-01,3.404011011868108838e-01,1.282707103598302589e-01,1.947427188931266651e-01
3.674433685764282032e-02,5.607901325731031589e-02,2.086952793718442889e-01,2.149258258421757606e-01,1.332895405159187363e-01,3.502660041551081127e-01
4.074006937371021236e-02,4.074006937371021236e-02,3.332289595309572139e-01,1.648203217297166887e-02,3.228937825607762213e-01,2.459150869878745649e-01
8.723922204659892432e-02,7.496353781158912599e-02,2.227029038593118515e-01,1.315821816218705476e-01,3.401035557022268341e-01,1.434085989584027165e-01
3.378409662136574315e-02,2.027051276785106146e-02,2.321542070929778767e-01,3.208230619990063426e-01,1.818411837083070692e-01,2.111269378104919103e-01
5.714999999999999941e-02,1.023750000000000077e-01,0.000000000000000000e+00,4.717749999999999444e-01,5.952500000000000152e-02,3.091750000000000331e-01
1.871281993969303170e-01,7.833214070007479823e-02,3.724352229438378514e-01,0.000000000000000000e+00,2.411414751544996016e-01,1.209629618046575289e-01
9.172008648622611074e-03,2.133808001008204169e-02,1.211178839335844692e-01,6.325608071191070048e-01,4.795795362581826982e-02,1.678532666627854941e-01
6.322947470678152992e-02,1.237303390048429264e-01,3.633194759925141293e-01,9.975856797954256450e-02,8.980128287546965127e-02,2.601608594408491015e-01
1.506965253764213919e-01,3.513446104347959370e-02,2.442300025165115296e-01,1.852352591188949696e-02,1.448053323784826152e-01,4.066101527732153276e-01
1.017810282308419072e-02,1.017810282308419072e-02,1.974122352151775062e-01,4.876388603517852749e-01,2.741085301669586236e-02,2.671818457701729543e-01
8.196475167157196012e-03,9.361361044755855607e-03,9.637218373883404965e-02,2.812871846556995736e-01,1.027220950952457135e-01,5.020607002983076272e-01
1.672001947150826839e-01,1.009888284185428281e-01,8.705868635986616089e-02,5.121812353181528187e-03,4.371059200215975937e-01,2.025245581317290378e-01
8.491274456509513568e-02,3.855998322862726202e-02,1.767975097748377133e-01,7.440096231182480487e-03,4.064580693032442404e-01,2.858315968970131515e-01
1.814954510160437517e-01,1.258673729921306605e-01,1.846516659963673423e-01,2.583691902946200214e-01,1.769601468151554835e-01,7.265617288568262944e-02
1.384946319623711099e-02,0.000000000000000000e+00,3.850883160741205152e-02,5.555617811399234940e-01,2.844556769858924694e-01,1.076242470705348758e-01
0.000000000000000000e+00,0.000000000000000000e+00,0.000000000000000000e+00,4.283750000000000613e-01,9.752499999999998670e-02,4.741000000000000214e-01
0.000000000000000000e+00,0.000000000000000000e+00,7.164340111516594167e-02,6.404087075776625504e-01,1.600356574036067847e-01,1.279122339035647371e-01
1.529999999999999971e-01,2.189999999999999933e-02,3.332999999999999852e-01,0.000000000000000000e+00,1.529999999999999971e-01,3.387999999999999901e-01
1.155916467968180622e-01,1.420778155253552277e-01,1.571244604667036693e-01,3.009514095719327820e-01,1.236362908860301479e-01,1.606183767531601525e-01
1.699692464153331473e-01,1.237783058912268613e-01,3.238385435074008223e-01,3.362507927396339580e-02,2.858631764572813205e-01,6.292564845479441116e-02
4.659829011227998447e-02,1.554042630286199718e-02,2.480248699845274130e-01,3.542905536118949872e-01,8.254091069790067681e-02,2.530049492905349084e-01
1.616647421375425053e-02,4.035151963753060705e-03,1.213132225000118983e-02,5.837068224061424671e-01,2.683117392308365656e-01,1.156484899355124107e-01
9.514849739002759210e-02,8.485528260461473737e-02,1.695830786974528437e-01,2.238683182682756900e-01,2.712992933107344906e-01,1.552455297288947711e-01
7.391012645318839613e-02,6.829228930671700504e-02,1.625379669563585816e-01,1.667932235113388506e-01,2.510399962465628132e-01,2.774263975258343118e-01
1.250702411333503017e-01,6.348773520113730473e-02,2.330958018481380789e-01,2.291868941508068969e-01,2.006514978287800843e-01,1.485078298377874029e-01
1.518336911075574003e-01,7.835753225251985976e-02,2.968520949404972464e-01,0.000000000000000000e+00,2.829214737644168420e-01,1.900352079350086376e-01
2.823185123907908517e-02,2.823185123907908517e-02,3.011541800119556245e-02,4.481166807608625846e-01,3.011541800119556245e-02,4.351887807585881340e-01
9.401641153229130243e-02,4.587080174430972074e-02,2.045017820984420254e-01,7.563211946747844250e-02,5.346428227429287361e-01,4.533606241454967573e-02
5.457710813491945673e-02,3.234427429202179488e-02,3.382179659945530603e-01,3.319503333587528471e-02,3.548585905132707330e-01,1.868070277293596426e-01
8.285695058708607286e-02,6.105277100213386127e-02,3.179695309075204757e-02,4.443087553773691356e-01,1.656463414200170514e-01,2.143382285226418660e-01
1.553287848024752782e-01,1.420425780562578066e-01,2.593594628891091047e-01,3.252013166978830194e-02,3.805323692504057886e-01,3.021667333196386210e-02
9.630000726602587491e-02,3.817796036461920672e-02,1.243155092716823062e-01,3.454350351690418930e-01,2.528232946949123261e-01,1.429481932337184069e-01
1.338249999999999995e-01,1.057000000000000023e-01,3.667499999999999927e-02,4.117749999999999466e-01,1.228500000000000009e-01,1.891750000000000098e-01
1.793028419402062645e-01,8.588744130602964100e-02,2.990520890806421805e-01,3.883827588758557992e-02,3.474459190563169431e-01,4.947343272921950891e-02
1.012171886140511567e-01,1.505994729272406088e-02,4.087699979453673221e-02,3.500603277379962797e-01,7.501288032471127576e-02,4.177726562359805329e-01
1.730006544477455110e-01,1.369106919854889970e-01,3.820103664934289961e-02,3.032108049349333534e-01,2.266495812656049713e-01,1.220272307168842746e-01
7.148676463727114683e-02,7.564281568308039994e-02,1.126481452815045192e-01,2.799545279366357220e-01,2.372364290530704911e-01,2.230313174084377903e-01
8.406307432689856529e-02,4.565791572048630287e-02,2.456999841312894339e-01,2.160782218088399542e-01,2.689340929935530866e-01,1.395667110189324767e-01
4.204046958690631219e-02,3.902506403641390481e-02,2.947348528742668172e-01,6.607981793442657681e-02,1.542595844646838243e-01,4.038602111033026132e-01
8.784906625864805085e-02,1.204097945513936674e-01,1.953166755995569270e-01,2.559030070049100325e-01,2.431249783362055272e-01,9.739647824928561459e-02
1.590000000000000094e-02,2.272499999999999867e-02,3.087249999999999717e-01,2.550499999999999434e-01,1.087249999999999744e-01,2.888749999999999929e-01
4.867287844892303345e-02,4.390903408171860367e-02,2.817832304426977075e-01,2.009712971245908586e-01,2.313019829362160662e-01,1.933615769658536543e-01
8.037124054801220163e-02,1.233598002194470911e-01,8.790181054220186363e-02,3.483199236665400211e-01,2.050498651871947575e-01,1.549973598366039540e-01
7.881311285576442227e-02,7.029580493094508831e-02,8.023325963807721728e-02,5.238890670319782394e-01,1.163649242591770494e-01,1.304038312840580249e-01
6.321313819952850688e-02,4.578465212118389138e-03,4.635319001622468238e-01,1.165814252079073188e-01,1.750581276121225549e-01,1.770369436060763579e-01
0.000000000000000000e+00,0.000000000000000000e+00,3.965037160054064869e-02,5.457147370845056855e-01,1.372113685313981583e-02,4.009137544618138205e-01
3.776119761761717597e-02,3.617052447858142700e-02,8.253039816593368827e-02,5.651740310564447034e-01,6.596817792436314443e-02,2.123956707570598124e-01
7.331586051769307943e-02,6.756771277330327063e-02,6.559020716604195556e-02,3.231602642893077193e-01,1.055959266980026623e-01,3.647700285556513267e-01
3.705059024947522650e-02,7.862378403539384275e-02,3.279738940760307947e-02,1.614848096043697279e-01,9.266886760337855744e-02,5.973745590997794341e-01
1.902302544917106042e-02,1.367433125602524405e-03,1.046198425768357643e-01,3.788642013193074809e-01,2.295891030390172227e-01,2.665363944900658311e-01
0.000000000000000000e+00,0.000000000000000000e+00,0.000000000000000000e+00,8.401250000000000107e-01,0.000000000000000000e+00,1.598749999999999616e-01
9.310463223840020897e-02,0.000000000000000000e+00,3.279475863745177633e-01,3.462014730758298797e-01,1.092461841038643994e-01,1.235001242073877764e-01
3.474999999999999790e-03,1.020000000000000073e-02,1.619250000000000134e-01,4.842250000000000165e-01,1.851249999999999840e-01,1.550499999999999934e-01
3.287424594625969893e-02,1.494794772941039282e-02,1.833082654438162040e-01,3.428014119063630405e-01,1.984575454002702188e-01,2.276105835738803651e-01
1.311337352363619868e-01,1.324135570480746427e-01,1.842579143953735343e-01,2.770075257964319526e-01,1.842375959243739147e-01,9.094967159938396883e-02
8.333980501774855554e-02,1.922797677181178541e-02,3.643602434806328394e-01,2.256248366313029774e-01,1.221266579871248537e-01,1.853204801113789157e-01
1.108917216856704219e-01,1.169548749779897034e-01,2.948573393241267770e-01,2.496411913661910620e-01,1.553293779038566191e-01,7.232549474216541652e-02
6.341495896627276363e-02,6.179099350519753897e-02,1.197451455364261230e-01,2.325357316487207393e-01,3.083549558858743045e-01,2.141582144575084334e-01
2.403829397709307536e-01,1.292618708089861290e-01,0.000000000000000000e+00,5.392043047247919128e-03,2.973518175996655022e-01,3.276113287731696189e-01
1.166251967760391223e-01,1.032437105919263715e-01,1.560394805830007947e-01,3.041864821428603705e-01,1.061232801134675691e-01,2.137818497927059525e-01
9.980490717726362565e-03,0.000000000000000000e+00,1.996098143545272513e-02,6.927944984033733711e-01,1.862782099651555667e-01,9.098581947829195715e-02
4.499406831704199500e-02,7.612036232388767754e-02,1.481209805136079194e-01,1.835935805273923027e-01,3.125859399515903414e-01,2.345850683664797987e-01
1.236417897122408932e-01,1.325889664746413010e-01,2.369339662969933424e-01,2.353607325207262846e-01,1.277665742421959516e-01,1.437079707532021855e-01
2.529168788202897436e-02,6.655831790889002453e-02,2.254788779904545182e-01,1.643422603559451245e-01,1.797666252506288642e-01,3.385622306120524283e-01
1.088122582405906813e-01,1.470004851933554291e-01,1.608485750450640850e-01,2.111862960266713274e-01,1.746253996893126215e-01,1.975269858050058003e-01
5.447903832781989669e-02,1.348378958491072976e-01,5.227591101759575254e-02,2.535768800917013732e-01,1.811938429877576473e-01,3.236364317260180257e-01
3.750324935064900528e-02,3.076438423295425970e-03,2.324834597659875546e-01,2.852851176383677245e-01,3.277653953357207439e-01,1.138863394859795375e-01
1.020496272496176776e-01,4.331413533133688515e-02,1.629430406225479688e-01,2.718698478243379291e-01,2.448866160182329998e-01,1.749367329539265881e-01
0.000000000000000000e+00,0.000000000000000000e+00,2.658183712536461157e-02,5.647418490980686823e-01,0.000000000000000000e+00,4.086763137765666021e-01
1.529999999999999971e-01,2.189999999999999933e-02,3.332999999999999852e-01,0.000000000000000000e+00,1.529999999999999971e-01,3.387999999999999901e-01
1.283154674146644303e-01,1.137978331092451278e-01,1.581839707315093047e-01,2.675569303809566812e-01,8.900457682664934811e-02,2.431412215369751217e-01
6.217144813019237493e-02,6.226581468442535759e-03,3.569134169129289380e-01,1.062914083612955252e-01,3.162087921818939051e-01,1.521883529452466854e-01
5.714999999999999941e-02,5.237499999999999795e-02,0.000000000000000000e+00,5.892499999999999405e-01,5.952500000000000152e-02,2.417000000000000259e-01
1.114297399791880708e-02,7.956109472483934020e-02,2.063992631103732933e-01,3.178443917328616086e-01,1.492796944259421887e-01,2.357725820080647239e-01
0.000000000000000000e+00,9.039422474306064992e-02,1.155359687197352464e-01,2.866391523295078181e-01,1.289756145754932803e-01,3.784550396322029497e-01
1.586604475581911977e-01,7.175088172060292702e-02,2.295411691791835740e-01,3.465084552381587218e-02,3.073585919093913543e-01,1.980380641088151095e-01
1.002458030689404589e-01,4.166271798047575803e-02,2.332783233340984530e-01,9.719264561134448310e-02,3.043063363371960595e-01,2.233141736679447598e-01
1.403762516619690842e-02,3.825940976669353621e-02,7.750971072158920061e-02,5.899853658379208277e-01,0.000000000000000000e+00,2.802078885075994230e-01
0.000000000000000000e+00,0.000000000000000000e+00,0.000000000000000000e+00,4.283750000000000058e-01,9.752500000000000058e-02,4.740999999999999659e-01
2.306595200812240620e-02,2.074704402154070246e-02,6.226165337423787693e-02,4.465907612690037665e-01,6.762568545813202325e-02,3.797089038689632767e-01
1.020323188631256928e-01,6.859021308281505226e-03,1.759577750457012035e-01,3.386988271160195074e-01,1.626741969990716519e-01,2.137778606678005511e-01
7.057625184466442825e-02,2.401388450742726610e-02,2.294580931846165184e-01,8.820904974986831792e-02,1.308883704466078102e-01,4.568543502668156453e-01
9.049477596002220015e-02,0.000000000000000000e+00,3.967829451062371282e-01,2.633026304059309375e-01,1.637884282558561555e-01,8.563122027195349539e-02
1.529999999999999971e-01,2.189999999999999933e-02,3.332999999999999852e-01,0.000000000000000000e+00,1.529999999999999971e-01,3.387999999999999901e-01
1.532881854856570913e-01,5.889682032386962807e-02,2.749494021124053722e-01,0.000000000000000000e+00,4.116688204493442194e-01,1.011967716287237862e-01
3.576300033649566085e-02,0.000000000000000000e+00,0.000000000000000000e+00,4.592161477308281392e-01,3.768741297017204339e-02,4.673334389625039553e-01
1.398500272416897949e-01,6.125721579097043873e-02,8.171730504501695247e-02,2.844985907256298296e-01,1.618337109865202739e-01,2.708431502101725785e-01
8.717516694816151990e-02,4.474263075390307737e-02,2.484984695316159731e-01,3.299860754339231095e-01,1.374663882995714737e-01,1.521312690328249506e-01
1.291037071521130009e-01,1.262850683312121969e-01,1.989984673234685975e-01,7.696624579973890268e-02,3.722341319595438014e-01,9.641237943392348686e-02
1.680209305047799806e-01,5.453333714108089120e-02,7.572774332609802372e-02,4.095472485511486571e-01,5.058051537405929693e-02,2.415902251028333170e-01
1.450656755610919002e-01,8.066995206970876964e-02,1.133061518644019189e-01,1.123088989497829371e-01,1.678556922822127817e-01,3.807936292728017480e-01
8.922380769779092446e-02,6.290260710454124993e-02,1.829692402767608972e-01,1.038412162337118555e-01,3.555191268016938411e-01,2.055440018855012596e-01
1.996879218759521069e-01,1.191498053835961246e-01,2.331430901699337033e-01,2.247793495453503931e-01,1.659655876589168078e-01,5.727424536625074641e-02
1.724083671441164201e-01,1.796258355841454102e-01,1.605183261369752812e-01,1.122310363620119267e-01,2.002828257033466286e-01,1.749336090694044998e-01
0.000000000000000000e+00,0.000000000000000000e+00,1.789716261404232511e-01,5.428361767191728360e-01,5.196975503380327904e-02,2.262224421066005575e-01
1.284841714118056533e-01,1.693411464643350406e-02,2.106604292943504986e-01,3.363954314641405263e-01,8.849553316299883787e-02,2.190303200202710632e-01
8.517019877931084060e-02,4.625923794603039457e-02,1.792171126404299986e-01,3.254751414823353062e-01,2.020151738313581413e-01,1.618631353205354506e-01
6.179422672941068534e-02,1.276548339815716526e-01,2.153762036413674752e-01,1.262982880170649969e-01,1.123983258601429780e-01,3.564781217704421912e-01
5.204873272979475968e-02,4.832546373827022179e-02,2.291479481404481988e-01,2.074363780703304960e-01,1.426397189511642294e-01,3.204017583699920735e-01
1.639865267859242637e-01,1.082024059936076837e-01,1.346670965662292996e-01,1.889550033448720856e-01,2.500681006060899159e-01,1.541208667032767654e-01
7.172320691982700391e-02,4.464888377790555279e-02,6.884827879303016818e-02,2.862928426789330127e-01,9.469763255918602074e-02,4.337891552711182208e-01
7.628082667474155032e-02,3.046279766556237237e-02,4.578658447264340459e-01,2.569524599839102981e-03,2.983589588044057717e-01,1.344620475290172756e-01
1.027499999999999941e-02,0.000000000000000000e+00,5.555000000000000215e-02,6.009750000000000369e-01,1.917750000000000010e-01,1.414249999999999952e-01
1.135782152520481009e-01,5.831072093104591042e-02,1.036008883691012517e-01,3.793292553009273704e-01,1.259353514447346112e-01,2.192455687021426791e-01
1.524371006786124361e-01,1.085429129692860178e-01,2.849469200214621578e-01,2.280768347008100272e-01,1.488983942855243436e-01,7.709783734430508684e-02
1.119507881614092426e-01,1.746337972169346997e-02,3.885343400066095798e-01,0.000000000000000000e+00,4.240674377652131621e-01,5.798405434507444833e-02
2.105542148488557738e-02,0.000000000000000000e+00,4.415594938070592501e-02,4.709882007878037902e-01,2.172492540994355736e-01,2.465511742471690748e-01
1.685776292613230531e-01,8.179947690577715758e-02,9.876345775560907425e-02,1.908784106606617736e-01,2.570668604751401576e-01,2.029141649414888948e-01
1.229759211623443205e-01,7.687908524568601298e-02,2.076414812960350464e-01,2.792460555367758390e-01,1.694959210685101636e-01,1.437615356906487285e-01
9.861812599659344064e-03,8.858371153844321610e-02,1.972362519931868813e-02,8.988366185801183184e-02,1.840631738491163849e-01,6.078840149554505246e-01
8.024366711657678064e-02,1.018204342359860758e-02,1.017771749163889489e-01,1.785424246053844699e-01,2.505819227657856696e-01,3.786727671722655009e-01
6.670988576696980366e-02,6.241925285156085107e-02,1.769177106539340794e-01,2.650726746128879707e-01,2.515446452768762553e-01,1.773358308377711023e-01
8.618818283313989248e-02,5.484793300357600904e-02,1.156492475174983880e-01,2.974905701289677906e-01,1.501862547683953109e-01,2.956378117484226853e-01
1.964076051496265185e-01,1.102506300898631886e-01,3.011579803522457244e-01,0.000000000000000000e+00,3.088918750133250457e-01,8.329190939493942569e-02
9.987259010976888562e-02,5.850031570225910221e-02,2.459607351673800679e-01,3.991545303463892025e-01,1.064165521898643996e-01,9.009527648433850178e-02
1.056377075592755538e-01,5.490603894230153964e-02,1.506903831443797692e-01,3.411835233134195566e-01,1.401224648967993314e-01,2.074598821438241592e-01
4.131424008842175116e-02,1.070406425435044794e-02,9.842672101337632262e-02,7.283851801788863156e-01,1.711700215821425342e-02,1.040527923067509630e-01
3.375644672386514666e-01,1.744915537772913916e-01,2.252407756372317715e-01,0.000000000000000000e+00,2.072016445782777494e-01,5.550155876854753756e-02
1.746177621761049181e-01,5.072577015599643441e-02,1.762565453183933817e-01,3.662417446254376818e-01,1.083304480605701281e-01,1.238277296634975738e-01
8.164859582414905892e-02,6.431614696506568474e-02,1.903843889487065177e-01,1.972485068858200186e-01,1.697710178235368184e-01,2.966313435527217490e-01
1.529999999999999971e-01,2.189999999999999933e-02,3.332999999999999852e-01,0.000000000000000000e+00,1.529999999999999971e-01,3.387999999999999901e-01
4.084125307827203566e-02,4.608999998170056935e-03,3.195755281994122066e-01,1.234685256652641450e-01,2.376103828465431222e-01,2.738953102123384276e-01
9.501871319851060149e-02,1.507723538616181080e-01,1.282364593894197435e-01,2.402283422884814446e-01,2.461915145473189126e-01,1.395526167146511343e-01
7.821340073771219925e-02,3.272862762807490777e-02,3.255319787752795069e-01,2.593524308604054987e-02,4.968156718092083812e-01,4.077507796368449317e-02
4.424187342611884954e-02,9.276629616923803487e-03,2.069807664421801086e-01,4.005456429877002900e-01,1.748422357044595032e-01,1.641128518226175059e-01
1.529999999999999971e-01,2.189999999999999933e-02,3.332999999999999852e-01,0.000000000000000000e+00,1.529999999999999971e-01,3.387999999999999901e-01
1.927620453110258716e-02,6.285473001676145088e-02,1.245391835876086262e-01,1.561758816560503971e-01,2.734206005450184329e-01,3.637333996634584121e-01
1.118948728554286787e-01,3.000730681776154693e-02,3.101538514701793758e-01,5.808159451941381779e-02,1.162453419864244997e-01,3.736170323507921887e-01
1.429311749398672927e-02,3.404062678646536944e-02,2.235523177739668077e-01,2.326575974324009144e-01,9.022485595340892783e-02,4.052314845597712600e-01
1.081249999999999989e-01,7.484999999999999987e-02,2.429749999999999688e-01,2.515499999999999958e-01,2.236500000000000155e-01,9.885000000000000731e-02
5.228638206978315078e-02,1.065630415779397211e-01,1.874415263476401639e-01,1.582461579286195963e-01,3.276106975678630961e-01,1.678521945081544176e-01
1.815399505076648046e-01,5.587712141555114392e-02,4.414780387100065151e-01,0.000000000000000000e+00,2.029674608451876860e-01,1.181374285215900100e-01
1.391826741118852226e-02,2.710825667440461013e-03,1.839773783022507492e-01,4.200071910739555658e-01,1.226710386972423572e-01,2.567152988479223241e-01
5.205091118863532096e-02,2.382163003588318173e-02,2.200063223694074810e-01,5.716435366301865321e-03,5.629557640015798725e-01,1.354489370381922742e-01
1.081910673841544462e-01,0.000000000000000000e+00,2.388484966861537453e-02,2.863003724014002715e-01,1.951355486039199616e-01,3.864881619419099357e-01
6.699260302045741133e-02,2.161229806443131299e-02,2.386905147928621851e-01,2.584912268183710560e-01,2.697325097182585174e-01,1.444808475856194929e-01
3.585015211505787613e-02,5.959947649008024567e-03,1.745613908558187044e-01,1.884989425142377384e-01,3.568813682432239176e-01,2.382481986226537285e-01
0.000000000000000000e+00,5.469072893349617541e-03,4.313634958134908437e-02,6.055457924317415586e-01,7.281826631708691877e-02,2.730305187764728303e-01
2.264372039746791465e-01,1.613702767160109242e-01,2.241031368603253193e-01,5.677072646196131001e-02,2.534349628668659538e-01,7.788369312015748502e-02
1.595784251885587479e-01,9.894556979800744889e-02,3.581700700693981054e-01,0.000000000000000000e+00,3.085768138920650938e-01,7.472912105197043742e-02
3.519017560706173831e-02,1.836536959742569586e-01,1.912197659313113751e-01,3.665432013934855765e-02,3.188026009069928612e-01,2.344794414410284744e-01
1.104652505572205207e-01,4.897495270910567217e-02,2.334007451972726077e-01,2.111306577064151480e-01,2.732512814223087005e-01,1.227771124076772608e-01
1.106643805602331720e-01,7.205421006666111461e-02,3.347034826808931163e-01,0.000000000000000000e+00,4.381715115031716290e-01,4.440641518904096113e-02
1.250702411333502739e-01,6.348773520113730473e-02,2.330958018481380234e-01,2.291868941508068414e-01,2.006514978287801121e-01,1.485078298377873751e-01
1.220172130708068320e-01,9.906286149490638182e-02,1.422694857300577098e-01,1.451873046685894786e-01,2.490576606875373467e-01,2.424054743481022789e-01
1.080148525019510308e-01,9.957527122669804220e-02,7.891774616698869760e-02,4.043328519310970121e-02,2.102814073589812927e-01,4.627774375522711869e-01
0.000000000000000000e+00,7.999307377031064648e-02,0.000000000000000000e+00,5.486992961040056960e-01,1.340835377900062575e-01,2.372240923356774278e-01
8.640601394634901677e-02,4.693045708944772187e-02,1.584361773730109668e-01,3.068843679965893023e-01,2.049464035263778572e-01,1.963965800682251628e-01
9.791123859085519576e-02,5.319836567452461418e-02,1.406782999659905720e-01,4.352375931825446242e-01,7.600890196670617716e-02,1.969656006193788444e-01
1.430750000000000077e-01,4.825000000000000122e-02,1.179749999999999965e-01,3.410749999999999615e-01,1.219000000000000083e-01,2.277250000000000385e-01
1.562128917966249531e-01,1.059552977740009366e-01,3.378693259293709117e-01,1.665011822162871802e-01,1.218528205046571222e-01,1.116084817790589934e-01
2.685587561073170607e-02,0.000000000000000000e+00,1.338838510603512499e-01,4.389046141232244014e-01,2.497412292326929850e-01,1.506144299729996194e-01
9.587647233239438016e-02,1.230639835627114070e-01,1.745961277584803517e-01,1.236838481248403177e-01,2.319484484853417960e-01,2.508311197362317335e-01
1.529999999999999971e-01,2.189999999999999933e-02,3.332999999999999852e-01,0.000000000000000000e+00,1.529999999999999971e-01,3.387999999999999901e-01
1.081249999999999989e-01,7.484999999999999987e-02,2.429749999999999688e-01,2.515499999999999403e-01,2.236500000000000155e-01,9.884999999999999343e-02
5.377692197320211448e-02,3.519293535315358174e-03,2.747315652288652710e-01,3.091597362889694778e-01,1.252904272366988647e-01,2.335220557369490080e-01
0.000000000000000000e+00,1.168005135857729318e-02,6.675237527232687207e-02,5.233633196027551726e-01,1.397333398708259233e-01,2.584709138955146313e-01
5.205098055988600231e-02,4.520933463958658194e-02,2.517622112403559154e-01,3.478657545964334852e-01,1.468119746620138999e-01,1.562997443017241361e-01
1.027499999999999941e-02,0.000000000000000000e+00,2.054999999999999882e-02,6.476500000000000590e-01,1.917750000000000010e-01,1.297500000000000042e-01
5.395042867796359665e-02,1.877474917993133055e-02,1.055540137084357566e-01,5.990986706385204030e-01,4.456305408799792617e-02,1.780590837071510391e-01
1.246289190781192796e-01,6.398411970266516813e-02,1.136808383924764743e-01,3.477206376319691428e-01,1.381883549538987510e-01,2.117971302408711842e-01
0.000000000000000000e+00,0.000000000000000000e+00,8.311877052113746112e-02,5.092651822202636236e-01,1.348593706447371032e-01,2.727566766138618259e-01
7.253786029132557045e-02,6.219425243956013677e-02,5.267111798804471196e-02,4.677714726868834605e-01,2.165768726832445756e-01,1.282484239109415169e-01
1.020323188631256928e-01,6.859021308281503491e-03,1.759577750457011480e-01,3.386988271160194519e-01,1.626741969990716241e-01,2.137778606678005233e-01
7.326776927420200480e-02,7.570917039669990134e-02,1.333095441150948524e-01,2.841094527819227888e-01,2.181611579760468211e-01,2.154429054560337009e-01
0.000000000000000000e+00,1.135981439132411307e-02,3.182975444157284950e-01,4.155231725693596112e-01,6.854868390058814487e-02,1.862707847229995717e-01
1.727230582186114471e-01,2.666061275703063629e-02,2.192456969339191541e-01,3.109710534863026066e-01,8.258803700042077756e-02,1.878115416037152985e-01
4.405121915112123615e-02,1.420037185869070691e-02,1.202817359934343494e-01,3.033932644653742905e-01,2.969274525910741702e-01,2.211459559403052000e-01
1.084926634404373702e-01,2.186935578543098835e-01,8.023325963807720340e-02,3.086917335605011692e-01,1.163649242591770494e-01,1.675238612474972411e-01
5.714999999999999941e-02,5.237499999999999795e-02,0.000000000000000000e+00,5.892499999999999405e-01,5.952500000000000152e-02,2.417000000000000259e-01
8.177709005228184225e-02,0.000000000000000000e+00,4.143781320362422554e-02,3.878023552829371612e-01,4.143781320362422554e-02,4.475449282575324483e-01
1.580052910304480251e-01,5.226021613482694644e-02,1.457518787317781672e-01,3.632336423269791337e-01,1.157573324419204491e-01,1.649916393340473963e-01
2.189270064269902352e-02,0.000000000000000000e+00,4.959971307019213349e-02,5.601283901946810806e-01,8.214005512454516239e-03,3.601651905799733155e-01
0.000000000000000000e+00,5.882500000000000923e-02,3.145249999999999990e-01,2.487999999999999934e-01,2.480750000000000177e-01,1.297750000000000015e-01
7.008026566025098159e-02,6.422491537980130893e-02,7.585843166615493204e-03,5.314661566121509084e-01,7.551314840703218789e-02,2.511296707741489942e-01
0.000000000000000000e+00,7.310534396019227610e-02,5.872039952603628696e-03,5.924436394027587927e-01,2.003328762666042318e-01,1.282461004178410691e-01
1.529999999999999971e-01,2.189999999999999933e-02,3.332999999999999852e-01,0.000000000000000000e+00,1.529999999999999971e-01,3.387999999999999901e-01
1.234998698744505796e-01,7.794335302933588783e-02,1.979624172963978801e-01,2.221005833609244473e-01,2.365673954650873434e-01,1.419263809738039173e-01
7.881311285576442227e-02,7.029580493094508831e-02,8.023325963807720340e-02,5.238890670319781284e-01,1.163649242591770494e-01,1.304038312840579972e-01
1.727432549705796294e-01,8.606908923684813972e-02,3.186384962709398194e-01,4.510857711406281167e-02,2.971255273386326778e-01,8.031505506893690804e-02
1.585712765331647595e-02,1.585712765331647595e-02,0.000000000000000000e+00,7.829441977635024363e-01,7.940856173676314259e-03,1.774006907561882784e-01
5.682436793372660014e-03,4.781610205225607368e-02,1.573619036156633233e-01,3.758593667935575811e-01,1.954671701043548260e-01,2.178130206407956071e-01
1.890114659382727269e-02,7.474894304940876699e-02,6.051241609126450927e-02,2.784800194453199707e-01,3.353589302012677797e-01,2.319985446189118117e-01
4.847969465521762000e-02,4.742150948939180370e-03,4.867108594125842957e-01,2.978070795933804651e-02,3.047634511025540394e-01,1.255231359213667408e-01
1.027499999999999941e-02,0.000000000000000000e+00,5.555000000000000215e-02,6.009749999999999259e-01,1.917750000000000010e-01,1.414249999999999952e-01
1.150539199836276560e-01,5.631800691187907604e-02,2.322992994815590295e-01,1.447932564893769369e-01,3.199215093579306224e-01,1.316140077756267346e-01
1.478479537638842031e-02,2.069871352694378774e-02,5.029729407457628199e-02,5.872260014580296117e-01,0.000000000000000000e+00,3.269931955640619226e-01
2.254267344208280011e-02,2.745824294462674911e-02,1.109331722803261339e-01,4.029459234083086483e-01,1.372317174567845854e-01,2.988882704678710867e-01
8.528838974976091225e-02,6.376549428827030241e-02,8.331467699874707533e-02,1.116577874128376752e-01,2.952560764711295582e-01,3.607175750792545044e-01
3.199157027958606653e-02,3.324550463198031047e-02,6.702821187427196459e-02,5.393682821612005851e-01,2.416688056826923892e-01,8.669762537026871885e-02
7.881311285576442227e-02,7.029580493094508831e-02,8.023325963807720340e-02,5.238890670319781284e-01,1.163649242591770494e-01,1.304038312840579972e-01
2.360996658912149077e-02,0.000000000000000000e+00,5.765313446384887769e-02,4.388757538515470347e-01,2.436069795364209645e-01,2.362541655590617018e-01
7.551806679593234262e-02,8.712050413107727542e-02,0.000000000000000000e+00,6.167106714702560444e-01,8.131928546350480902e-02,1.393314721392294731e-01
1.576395917037293481e-01,1.191974797337120445e-01,2.522217530047422551e-01,1.372655816015786734e-01,2.541791178700289477e-01,7.949647608620880046e-02
1.529999999999999971e-01,2.189999999999999933e-02,3.332999999999999852e-01,0.000000000000000000e+00,1.529999999999999971e-01,3.387999999999999901e-01
5.781868614648307675e-02,4.729184735682438745e-02,5.054368185479573422e-02,3.084609638582359037e-01,6.413757674499223627e-02,4.717472440386686894e-01
5.204873272979475968e-02,4.832546373827022179e-02,2.291479481404481988e-01,2.074363780703304960e-01,1.426397189511642294e-01,3.204017583699920735e-01
1.136876526352236481e-02,1.664466561305893988e-01,5.090168934572573967e-02,1.453911646474199681e-01,2.143991442337961906e-01,4.114925803789462599e-01
1.575199999999999656e-01,1.031466666666666504e-01,1.669866666666666444e-01,2.177866666666666284e-01,2.273066666666666569e-01,1.272533333333333017e-01
1.120876469878555048e-01,8.024698439128033489e-02,3.164970677182157299e-01,6.350347361700196813e-02,3.253807555970939513e-01,1.022840716885526219e-01
1.529999999999999971e-01,2.189999999999999933e-02,3.332999999999999852e-01,0.000000000000000000e+00,1.529999999999999971e-01,3.387999999999999901e-01
1.983380918711700192e-01,1.277381552658219399e-01,3.295020830148451818e-01,7.579912790953419188e-02,1.386664434476019558e-01,1.299560984910266837e-01
1.555500000000000216e-01,9.640000000000001346e-02,2.375000000000000167e-01,2.860250000000000292e-01,1.372000000000000164e-01,8.732499999999999984e-02
0.000000000000000000e+00,0.000000000000000000e+00,1.956882088729099689e-01,3.400192672544515848e-01,2.562785276438467319e-01,2.080139962287917976e-01
1.072223104763805335e-01,1.478505603184226969e-01,1.086978985289497046e-01,2.232993932768713718e-01,9.220735723916914650e-02,3.207224801602066577e-01
1.529999999999999971e-01,2.189999999999999933e-02,3.332999999999999852e-01,0.000000000000000000e+00,1.529999999999999971e-01,3.387999999999999901e-01
1.900461354255972291e-02,4.743551540222906704e-03,1.426106200233681447e-02,5.106235994336700834e-01,3.154157700431551858e-01,1.359514034380552294e-01
5.147510484403781256e-02,1.189166396235445330e-02,8.558620359668593636e-02,3.887466410983731468e-01,7.919460125978246279e-02,3.831057852387663165e-01
5.204873272979475274e-02,4.832546373827022179e-02,2.291479481404481433e-01,2.074363780703304960e-01,1.426397189511642294e-01,3.204017583699920735e-01
1.110561268161629755e-01,7.687908524568599911e-02,1.509592993184328824e-01,4.390493870603398019e-01,1.187851196882242638e-01,1.032709818711541466e-01
9.053119237054396695e-02,3.283336013333529313e-02,2.723978379795335414e-01,2.339924923939583692e-02,1.638286765247827514e-01,4.170096837524085442e-01
2.507879354814038578e-02,1.880508383776105866e-02,6.016985016348461862e-02,3.552935530581950441e-01,5.641525151328317944e-02,4.842374678791356302e-01
0.000000000000000000e+00,0.000000000000000000e+00,1.415209565129294800e-01,3.947651290252240930e-01,2.582821688316632724e-01,2.054317456301831546e-01
8.662283442913927545e-02,3.157421064473388272e-02,1.236219094522637008e-01,3.407164820879478029e-01,2.834179145521362186e-01,1.340466488337791473e-01
0.000000000000000000e+00,0.000000000000000000e+00,1.103892006983446701e-02,4.549327910893114502e-01,1.984855173595561073e-01,3.355427714812979634e-01
2.467209340946048268e-01,5.344718024414394503e-02,1.456868263065970170e-01,8.646697486063344151e-02,2.047081750234142627e-01,2.629699094706065554e-01
9.188138821511838972e-02,5.202966297263579565e-02,3.425749732452590401e-01,1.797076845859455485e-01,1.293546029554419052e-01,2.044516880255993485e-01
6.791581802567667192e-02,7.564087339812580746e-02,7.212685551384716287e-02,4.632558555527155342e-01,1.016554720467500866e-01,2.194051254628848202e-01
6.396852707597611154e-02,7.777780534708848836e-02,2.162948719866817360e-01,2.126380571642609851e-01,2.392622786545251790e-01,1.900584597714676527e-01
6.422139981991611957e-02,6.795402357173083163e-02,3.759418170086784028e-02,4.141986275598180112e-01,9.641722204146896402e-02,3.196145453061982611e-01
0.000000000000000000e+00,1.178118404974399930e-01,0.000000000000000000e+00,1.302953611309113913e-01,0.000000000000000000e+00,7.518927983716486851e-01
0.000000000000000000e+00,0.000000000000000000e+00,0.000000000000000000e+00,7.447336661588379592e-01,0.000000000000000000e+00,2.552663338411619298e-01
6.406320891456086797e-02,2.049199560117405117e-01,8.050598757480624534e-02,7.272293841224500288e-02,5.123717179261794846e-02,5.265507372940293473e-01
1.793028419402062090e-01,8.588744130602964100e-02,2.990520890806421805e-01,3.883827588758558685e-02,3.474459190563168320e-01,4.947343272921950197e-02
0.000000000000000000e+00,0.000000000000000000e+00,5.634632124119196700e-02,4.536229132198451586e-01,1.915615302938479536e-02,4.708746125095782387e-01
2.824076282453086839e-01,1.130730588006881449e-01,3.641568478284937793e-01,0.000000000000000000e+00,1.722152564861639257e-01,6.814720863934538297e-02
1.616647421375425053e-02,4.035151963753060705e-03,1.213132225000118983e-02,5.837068224061424671e-01,2.683117392308365656e-01,1.156484899355124107e-01
0.000000000000000000e+00,0.000000000000000000e+00,2.243397182843401005e-01,4.581771159598116427e-01,9.983779817127318157e-02,2.176453675845751168e-01
1.529999999999999971e-01,2.189999999999999933e-02,3.332999999999999852e-01,0.000000000000000000e+00,1.529999999999999971e-01,3.387999999999999901e-01
0.000000000000000000e+00,4.131287132706108235e-03,5.859429221865239054e-03,7.069061200282387158e-01,2.399198721925902000e-02,2.591111763979309646e-01
2.201574790979575202e-01,8.335503009555980669e-02,8.008128993769195181e-02,2.679554315148359178e-01,1.653844664768733264e-01,1.830663028770813938e-01
5.573544947114779380e-02,2.008483691658403264e-02,2.426187226189709667e-01,2.146860398263782665e-01,3.073276685538622877e-01,1.595472826130565902e-01
3.573215027182805731e-02,0.000000000000000000e+00,1.148420526022285448e-02,5.538621307121749382e-01,1.365057674928088216e-01,2.624157462629652660e-01
0.000000000000000000e+00,0.000000000000000000e+00,1.450243852442490156e-01,5.433386737784757781e-01,1.101542253365148244e-01,2.014827156407604236e-01
1.039698039844757782e-01,9.565675426477607615e-03,8.313919392043389589e-02,2.539430557182750237e-01,1.271413008822308843e-01,4.222409700681067912e-01
1.529999999999999971e-01,2.189999999999999933e-02,3.332999999999999852e-01,0.000000000000000000e+00,1.529999999999999971e-01,3.387999999999999901e-01
6.034202371079475796e-02,9.729613252529056844e-02,1.590240789797794652e-01,2.497978670964433046e-01,2.855579627633925144e-01,1.479819349242992299e-01
8.299454785794634082e-02,7.402535358844754276e-02,8.449004062328947795e-02,4.983369609638151343e-01,1.225386731404582985e-01,1.376144238260432473e-01
1.404383386464132244e-01,1.116186192204826205e-01,1.551050441253856160e-01,1.517954794478085512e-01,2.952287434507932518e-01,1.458137751091166390e-01
5.714999999999999941e-02,5.237499999999999795e-02,0.000000000000000000e+00,5.892499999999999405e-01,5.952500000000000152e-02,2.417000000000000259e-01
8.317136335623857846e-02,1.120238943141752333e-02,8.707769697592761260e-02,4.562511739765187646e-01,1.124299250110778192e-01,2.498674512488196497e-01
3.970010085981298675e-02,6.019835857958682687e-03,3.078054999621126497e-01,6.311545965613068673e-03,4.930864064507974875e-01,1.470766109037049962e-01
1.529999999999999971e-01,2.189999999999999933e-02,3.332999999999999852e-01,0.000000000000000000e+00,1.529999999999999971e-01,3.387999999999999901e-01
1.560523820649483417e-01,2.320784798060757104e-02,2.079337234060027739e-01,3.176574192345660852e-01,9.181056161925385539e-02,2.033380656946214005e-01
2.047314908436697889e-01,3.688142157056877035e-02,4.208755838220533119e-01,3.034517604184288481e-02,1.845657257150165875e-01,1.226006020068485802e-01
8.175123840487467930e-02,1.186077331269128760e-02,2.462868099311139591e-01,1.395013369489257193e-01,3.825342556929031690e-01,1.380655857094911787e-01
1.592378103912486520e-01,6.494758709929855656e-02,1.005161954149972614e-01,1.706604676631707784e-01,2.647050939817810478e-01,2.399328454495036900e-01
1.250702411333502739e-01,6.348773520113730473e-02,2.330958018481380234e-01,2.291868941508068414e-01,2.006514978287801121e-01,1.485078298377873751e-01
0.000000000000000000e+00,0.000000000000000000e+00,5.155166323737058603e-02,5.586517467188916175e-01,2.208978162383215191e-02,3.677068084199055509e-01
2.915947222968291383e-02,3.179933117991852205e-03,2.278924221952743634e-01,3.884398603507530634e-01,1.283061697038302973e-01,2.230221424024675658e-01
6.466046878318220704e-03,1.251168869644193882e-01,6.683392991875135303e-02,4.859067972223182069e-02,4.443423219163257776e-01,3.086501345999533297e-01
1.529999999999999971e-01,2.189999999999999933e-02,3.332999999999999852e-01,0.000000000000000000e+00,1.529999999999999971e-01,3.387999999999999901e-01
1.244968875778105499e-01,7.484812879678007236e-02,2.377440563985900313e-01,2.515437114072148206e-01,2.451188720281992917e-01,6.624834379140522034e-02
2.153032002043863691e-01,1.834955156844029212e-01,2.318328936472929536e-01,7.695053595250707368e-02,2.175386174744752266e-01,7.487923703693535882e-02
1.430750000000000077e-01,4.825000000000000816e-02,1.179749999999999965e-01,3.410750000000000171e-01,1.219000000000000083e-01,2.277250000000000385e-01
1.636032885717828012e-02,1.238140754207553151e-01,1.325587973059971780e-01,1.997059953469504934e-01,7.712726461241188602e-02,4.504335384567068057e-01
9.724134961826533252e-02,1.278134993255952978e-01,2.054394710245042305e-02,3.801540153669054067e-01,7.528057857771487671e-02,2.989666100090686007e-01
2.088111949300316267e-02,7.287454453409664482e-03,1.000368747695326854e-01,5.086530709183066934e-01,2.465047093455665084e-01,1.166367710201811070e-01
5.492453185744271098e-03,4.490107805736999816e-03,5.677073460895339096e-02,3.716881558741723102e-01,3.129983542536157737e-01,2.485601942717773349e-01
8.153502666000388144e-02,0.000000000000000000e+00,1.010904868805401619e-01,1.987169352038510861e-01,6.253311166832536960e-02,5.561244395872795288e-01
4.867287844892303345e-02,4.390903408171860367e-02,2.817832304426977075e-01,2.009712971245908586e-01,2.313019829362160662e-01,1.933615769658536543e-01
1.043906486528767691e-01,2.273187354525691220e-02,1.097951658507690109e-01,1.733716655971299092e-01,2.323661443857817921e-01,3.573445019681856238e-01
1.034426622634920384e-01,6.590949775398412258e-02,3.143072766170669774e-01,1.324133670560527776e-01,2.183049746258389490e-01,1.656222216835651073e-01
1.529999999999999971e-01,2.189999999999999933e-02,3.332999999999999852e-01,0.000000000000000000e+00,1.529999999999999971e-01,3.387999999999999901e-01
1.529999999999999971e-01,2.189999999999999933e-02,3.332999999999999852e-01,0.000000000000000000e+00,1.529999999999999971e-01,3.387999999999999901e-01
