3.762844790910193499e-02,1.548133386992514848e-01,2.099913405920315890e-01,2.856781044321459184e-01,1.012004139568754013e-01,2.106883544105937478e-01
7.807736974470440294e-02,5.950225370694662425e-02,2.549271023774255518e-01,1.605109525273850091e-01,1.413686236295419452e-01,3.056136980139965154e-01
3.174057302542751535e-02,3.174057302542751535e-02,2.596185594864228730e-01,1.042497177840775585e-01,2.515664269202363967e-01,3.210841497584081550e-01
1.529999999999999971e-01,2.189999999999999933e-02,3.332999999999999852e-01,0.000000000000000000e+00,1.529999999999999971e-01,3.387999999999999901e-01
3.178086931686641831e-02,1.564910500807543264e-02,1.887322261117765909e-01,3.711677222596542758e-01,1.498899040039112229e-01,2.427801732997160455e-01
4.572000000000000369e-02,8.190000000000001446e-02,0.000000000000000000e+00,5.193999999999999728e-01,4.762000000000000260e-02,3.053600000000000203e-01
1.394082630463646666e-01,5.835650485011833338e-02,2.774597719382412286e-01,2.082683002514172654e-01,1.796475053362713570e-01,1.368596545775871698e-01
6.913668437465553783e-03,1.608419877623785965e-02,9.129612971854202119e-02,6.600979536856009799e-01,3.614970319048365494e-02,1.894583461916698741e-01
1.050825318923680196e-01,1.265767396170366099e-01,2.863632171043392627e-01,7.623240191054769799e-02,1.676252209979479380e-01,2.381198884777604441e-01
1.170425688947479420e-01,2.728813797789603202e-02,1.896878964150014724e-01,2.052160578623710430e-01,1.124670130840803028e-01,3.482983257659033050e-01
7.692550158507442670e-03,7.692550158507442670e-03,1.492030044982048664e-01,6.028701302012919871e-01,2.071696124352110854e-02,2.118248037399670380e-01
6.024731962530111354e-03,6.880968946885266703e-03,7.083734944951403101e-02,3.086610130513384731e-01,7.550478430754885284e-02,5.320911522821831774e-01
1.809844128939501473e-01,1.302887651312357731e-01,1.196229593248972212e-01,3.921586420686492061e-03,3.956799968146992863e-01,1.695022794145310541e-01
6.049426151180216371e-02,2.747123204261804272e-02,1.259555894198583215e-01,2.401601590097378336e-01,2.895723234945363211e-01,2.563464345214472306e-01
1.444104388222380853e-01,1.001488602906589753e-01,1.671688473657315377e-01,3.399511199078817381e-01,1.592101498410681271e-01,8.911058377242157824e-02
1.035884436818891932e-02,0.000000000000000000e+00,2.880306534410363023e-02,6.184806000577680596e-01,2.127614656101094737e-01,1.295960246198297194e-01
3.272130885235409459e-02,1.090043601744069765e-02,0.000000000000000000e+00,3.972558902356094213e-01,1.689267570702827903e-01,3.901956078243129511e-01
1.032408278423193639e-02,0.000000000000000000e+00,7.429515782579750038e-02,4.967485411043078281e-01,3.125267164868306691e-01,1.061055017988321719e-01
1.529999999999999971e-01,2.189999999999999933e-02,3.332999999999999852e-01,0.000000000000000000e+00,1.529999999999999971e-01,3.387999999999999901e-01
9.121355439696521294e-02,1.121138327391726086e-01,2.049721468633768362e-01,2.374812413226082830e-01,1.886697011873412488e-01,1.655495234905358104e-01
1.947306931719012535e-01,1.646232912406931093e-01,3.081557117940362800e-01,2.478678537497966405e-02,2.613177677671447707e-01,4.638575065124492247e-02
3.516558351304702179e-02,1.172764403296486756e-02,1.948522783439372852e-01,3.951429892263564891e-01,6.484142293079019070e-02,2.982700819529041092e-01
1.270662116057482971e-01,3.007688009816322089e-02,9.519379631192540631e-03,4.580314265248875416e-01,2.105426970455441527e-01,1.647634050944641604e-01
1.165331126974764875e-01,8.515941594362859413e-02,2.131244311729572627e-01,2.044249528637209212e-01,2.294355780670042089e-01,1.513225092552125950e-01
5.728423733734943485e-02,5.293011792416092709e-02,1.259754775464417553e-01,2.292401398568170712e-01,1.945692074449840714e-01,3.400008198902468304e-01
1.221530613026423490e-01,6.797979402711411268e-02,2.567552876385512106e-01,1.813294965083803445e-01,2.542850223277046129e-01,1.174973381956073287e-01
1.148916243085899153e-01,5.929266483370521784e-02,2.246261624698386028e-01,1.987081110564861419e-01,2.140849467299555942e-01,1.883964906014244101e-01
7.519989071572787120e-02,7.072268433561403056e-02,2.305610168628731069e-02,4.189757678678203145e-01,7.886881577555968081e-02,3.331767396189908581e-01
7.636582285859568053e-02,3.408836672380547578e-02,1.974890101108941198e-01,8.222520533012128707e-02,5.761406137285346452e-01,3.369098124804880551e-02
6.230577765506033899e-02,2.779076437726278256e-02,3.283830373790810886e-01,2.553993967547312990e-02,3.977490547979263824e-01,1.582314261151961943e-01
6.525442860516497690e-02,4.808243192970178964e-02,2.504185817388321703e-02,5.007322139834391450e-01,1.304556501694859316e-01,2.304334171383249086e-01
1.632004188229300434e-01,1.292536110473404831e-01,2.828889163155950959e-01,5.665403999546421432e-02,3.131248982663886182e-01,5.487811555228151034e-02
7.303890578901559016e-02,2.895613956274283030e-02,1.201597197946419199e-01,2.619957952883562591e-01,3.418673765907781492e-01,1.739820629744652514e-01
1.070599999999999885e-01,8.456000000000001016e-02,2.934000000000000150e-02,4.713999999999999857e-01,9.828000000000000624e-02,2.093600000000000461e-01
1.411280166665545011e-01,6.760140618477877839e-02,2.541602091074166014e-01,3.056933614354687134e-02,4.676008379598439180e-01,3.894019393785923960e-02
7.663818103651109936e-02,1.140287517193377433e-02,3.095066118096309951e-02,4.093458200212002351e-01,6.383937363428220102e-02,4.078230889551095473e-01
1.351708591454601205e-01,1.069726349935156418e-01,2.984767289246621769e-02,4.089346667235761457e-01,1.770884550837596438e-01,1.419857111612221612e-01
1.109402356571787956e-01,8.400922543776512263e-02,1.143726407382849031e-01,2.227513472281368867e-01,2.703019001371042007e-01,1.976246508015302439e-01
1.081776720304663542e-01,5.491278608172737996e-02,2.722715597188739567e-01,1.982318451172803142e-01,2.272198996734807186e-01,1.391862373781713735e-01
6.190653255626601265e-02,2.823802579080676722e-02,2.797502784110777463e-01,1.212924368939198028e-01,1.606055139666252296e-01,3.482072123813043651e-01
6.918599564173220917e-02,9.482936900578044226e-02,1.538226783993655034e-01,3.601914830932614886e-01,1.995472589702347588e-01,1.224232148896256672e-01
5.620971866606412626e-02,1.783946209767302629e-02,2.945736014336338138e-01,2.002180333558418457e-01,1.776653681772806248e-01,2.534938162695066777e-01
3.825823423877563328e-02,3.451372026126683923e-02,2.621441681973494808e-01,2.478373565184532057e-01,1.925083938359461178e-01,2.247381269482084665e-01
8.689319467918589501e-02,1.159665694105985467e-01,9.850324487340052226e-02,2.669798781470672511e-01,3.128549042572337235e-01,1.188022086325140336e-01
6.078656314551177109e-02,5.421737868823359174e-02,6.188188648614592613e-02,5.880261305140057626e-01,8.974932673130429917e-02,1.453387144347985938e-01
5.997425160284510642e-02,3.577712619993565855e-03,3.939483194298131763e-01,2.038961883713743539e-01,1.685286189900217502e-01,1.700749089859520669e-01
0.000000000000000000e+00,0.000000000000000000e+00,3.101497158646218319e-02,5.562742759529220038e-01,1.704869948893868170e-02,3.956620529716771695e-01
2.834594815773599022e-02,2.715188808602961301e-02,6.195254746786518774e-02,6.101358990271327221e-01,7.218459422314012219e-02,2.002291230380963960e-01
5.635562659611534353e-02,5.193720382081477155e-02,5.041715663310361584e-02,3.810253483349509973e-01,8.116831164557207490e-02,3.790963529694431622e-01
2.743393796411843291e-02,1.192898214769546050e-01,2.428467509788084094e-02,1.195706794143853863e-01,2.212862678860881283e-01,4.881346181605725754e-01
3.297051275934375497e-02,2.239488202698278196e-02,1.111821485876240273e-01,2.952586332658125312e-01,2.319756027561384049e-01,3.062182206040985344e-01
6.973855950911362830e-03,0.000000000000000000e+00,0.000000000000000000e+00,8.357822863476414010e-01,0.000000000000000000e+00,1.572438577014472760e-01
9.158014809092908382e-02,1.143033392698213947e-02,2.821345445412580255e-01,3.725847945378156223e-01,1.232112532816678485e-01,1.190589256213474001e-01
2.727926547388944377e-03,8.007151304566110725e-03,1.271135269599870110e-01,5.401587656210306010e-01,1.453258711037059836e-01,1.766667584633213051e-01
9.108278740351355429e-02,5.846837244555723456e-02,2.017429399684318170e-01,2.640955215677940893e-01,2.092583126794749782e-01,1.753520659352282851e-01
1.028257407646777366e-01,1.038292859286963354e-01,2.273764745802631382e-01,2.172095836824033677e-01,2.377223590345092230e-01,1.110365560094502962e-01
8.851996391600606973e-02,3.642372610404121663e-02,3.187464563734009326e-01,1.723769875172397603e-01,2.174998416251859301e-01,1.664330244641261114e-01
1.419685408098266266e-01,1.595993569399785650e-01,2.823229376966196469e-01,1.933961658416185614e-01,1.666826885728933116e-01,5.603031013906328850e-02
4.930530714148198546e-02,4.804266947442842328e-02,9.310218402120279402e-02,3.083548326801238693e-01,2.397468366515408678e-01,2.614481700312219492e-01
2.299807275154670261e-01,9.596539897408250253e-02,0.000000000000000000e+00,1.413754719585743891e-01,2.465161056054872568e-01,2.861622959463888671e-01
9.279752308561807495e-02,8.215000601883266917e-02,1.241590814159623385e-01,3.946167730749487457e-01,9.220502458947475721e-02,2.140715918151635255e-01
7.692626080150285865e-03,0.000000000000000000e+00,1.538525216030057173e-02,7.046242175571220123e-01,1.435769699776955066e-01,1.287209342247316313e-01
3.535774086793752602e-02,5.981775257255680933e-02,1.902434981038170492e-01,1.590512062360454892e-01,2.456397715781308833e-01,3.098900306415122707e-01
9.737434925498394955e-02,1.044207169671928226e-01,2.163405472441151112e-01,3.128275847005710375e-01,1.006228319108576630e-01,1.684139699222794162e-01
1.997395618057039995e-02,5.256402544447312530e-02,1.780705680709285255e-01,2.844947370243098850e-01,1.419695953956643941e-01,3.229271178840536494e-01
1.261946557624810672e-01,1.108524798116226895e-01,1.843450513931529089e-01,1.592547438601660814e-01,2.199638489843548927e-01,1.993892201882223880e-01
6.611501573725644954e-02,1.120188830747904651e-01,7.579080859569174711e-02,2.014651751477674890e-01,2.532251473742173076e-01,2.913849700702765277e-01
7.251146092900857820e-02,2.427235790881223602e-03,2.346816007361960665e-01,2.250830840280111100e-01,3.492127457500185939e-01,1.160838727658844716e-01
9.493901823368672277e-02,4.144845327021016990e-02,2.091695333271864632e-01,2.713724615129214368e-01,2.140802079295160698e-01,1.689903257264791792e-01
0.000000000000000000e+00,0.000000000000000000e+00,2.030363612867585460e-02,5.363190462124876046e-01,0.000000000000000000e+00,4.433773176588365894e-01
1.529999999999999971e-01,2.189999999999999933e-02,3.332999999999999852e-01,0.000000000000000000e+00,1.529999999999999971e-01,3.387999999999999901e-01
1.431953276936674124e-01,9.826918757944629046e-02,1.808665624552275586e-01,2.132505252098691462e-01,1.269678077147584905e-01,2.374505893470311435e-01
1.181045253832766762e-01,2.374954557454872495e-02,3.540636407049038703e-01,8.246565571430623798e-02,3.035420628040170765e-01,1.180745698189473863e-01
5.947649138445732647e-02,7.055549253253153019e-02,1.481090289823535668e-02,5.345829137126341113e-01,9.464628190949542219e-02,2.259279175626461300e-01
4.058390154982821629e-02,6.711135636327837661e-02,2.545192941046499624e-01,2.484990080816597002e-01,2.049533061855857430e-01,1.843331337149982097e-01
0.000000000000000000e+00,6.920551493886702155e-02,8.845394970682486646e-02,4.538533303362060622e-01,9.874329744654479490e-02,2.897439075715572132e-01
1.701051005281110362e-01,7.201894321910927432e-02,2.587737011639668627e-01,3.347358501356970800e-02,3.008856838104991271e-01,1.647429862647439291e-01
7.472675987886352733e-02,3.105686050803291992e-02,3.654283793183055740e-01,1.039659389067339040e-01,2.583557942491287451e-01,1.664662671389352533e-01
6.554372685684728417e-02,7.020089062836225302e-02,1.078472991489147909e-01,4.810256157260183185e-01,3.333051179631857375e-02,2.420519558435386964e-01
3.272130885235410153e-02,1.090043601744069765e-02,0.000000000000000000e+00,3.972558902356094213e-01,1.689267570702828458e-01,3.901956078243129511e-01
1.823497808382928270e-02,1.640174630138025239e-02,4.922146219425092839e-02,3.588784809905661843e-01,1.290914667318601716e-01,4.281718656981132742e-01
8.419988621139237739e-02,5.375221783730608528e-03,1.993952502554482420e-01,3.757128306545153840e-01,1.317232178518858987e-01,2.035935932430274486e-01
1.746306527154965482e-01,1.180716452048305165e-01,1.614660035894670553e-01,5.698142734537579857e-02,1.937307449628094536e-01,2.951195261820206417e-01
6.207690954974565134e-02,0.000000000000000000e+00,5.448837644143016412e-01,1.806183108198400888e-01,1.536803701450124016e-01,5.874064507110028643e-02
1.529999999999999971e-01,2.189999999999999933e-02,3.332999999999999852e-01,0.000000000000000000e+00,1.529999999999999971e-01,3.387999999999999901e-01
1.156518325865839997e-01,4.443607432887011766e-02,2.074419637895745794e-01,2.005217121938536462e-01,3.105931050907955737e-01,1.213553120103220279e-01
2.810631535923155053e-02,0.000000000000000000e+00,0.000000000000000000e+00,3.668520421971853684e-01,1.069284798065696790e-01,4.981131626370133847e-01
1.019357242272385389e-01,4.464996381448939344e-02,5.956318233149975744e-02,4.106992203070682357e-01,1.179594803030174083e-01,2.651924290166866038e-01
9.542191836007568595e-02,5.981020674110621577e-02,2.453367284684058736e-01,2.550445453527019901e-01,2.268051234551012596e-01,1.175814776226091207e-01
1.447447629684209813e-01,1.168847713632856222e-01,1.926675712651486905e-01,5.905107078777026286e-02,4.126810305279288160e-01,7.397079308744580750e-02
1.659321398874782361e-01,4.327856932139824420e-02,6.009880489456924380e-02,3.250235528582120503e-01,4.014154379118721472e-02,3.655253892471551080e-01
1.788525091501755593e-01,7.914749442117069433e-02,1.733647847755175886e-01,8.707989927872140934e-02,1.582258090978229392e-01,3.233295032765917676e-01
6.502756668582530819e-02,4.584430527844530340e-02,1.333505572173248888e-01,2.873415558552633309e-01,2.591073427900333903e-01,2.093286721731078270e-01
1.712285537440572658e-01,1.861701916752686314e-01,1.808931995304507434e-01,1.744038637301877914e-01,2.428657244221248124e-01,4.443846689791062371e-02
1.721855400558084115e-01,1.399324539010497748e-01,1.250472862068541802e-01,8.743043154634291825e-02,3.391271814514822402e-01,1.362771068384626139e-01
3.057185101501133997e-02,0.000000000000000000e+00,1.954912348166298053e-01,4.684915834816409941e-01,8.558414724487228842e-02,2.198611834418456312e-01
1.178881512212131416e-01,3.603327958978564532e-02,1.996738801566939614e-01,2.925587177155971608e-01,1.146509487942578565e-01,2.391950225224522275e-01
1.092738621784619391e-01,5.546923043823770438e-02,2.213883165162817412e-01,2.822219445993445208e-01,1.753092016210837933e-01,1.563374446465903567e-01
4.745607133605050237e-02,9.803499822642608441e-02,1.654023203308065404e-01,1.020978871058523113e-01,2.775581401865149789e-01,3.094505828143496173e-01
4.141444792002085817e-02,3.845189491143524707e-02,1.823298141283997142e-01,3.693682223905544459e-01,1.134964273289175568e-01,2.549391933206721639e-01
1.464884421713634199e-01,8.516535929486003520e-02,1.515150434771229404e-01,1.540904213185513294e-01,3.079642980860863299e-01,1.547764356520159867e-01
9.610707021283924900e-02,4.236442805256204064e-02,1.515053152008789261e-01,2.254279482649790556e-01,1.141972103154864637e-01,3.703980279532543274e-01
9.270460003658184678e-02,6.579803735495941275e-02,4.104372582491846444e-01,1.875486820729378333e-03,2.809420465337084116e-01,1.482425710048363432e-01
8.030427326263002430e-03,0.000000000000000000e+00,4.341510831862869374e-02,6.746636109166259665e-01,1.498817713376240923e-01,1.240090821008581895e-01
8.870751144634027308e-02,8.675724911030950615e-02,8.091496217349962439e-02,3.297504287808256662e-01,9.835875308474907597e-02,3.155110954042757987e-01
1.347357608662581030e-01,1.772856346908532887e-01,2.216897634800709949e-01,1.774446256035948077e-01,2.288618111823444434e-01,5.998240417687837611e-02
1.446379723446570564e-01,5.265544850183533077e-02,3.461807774677475025e-01,0.000000000000000000e+00,4.125243846305712836e-01,4.400141705518871571e-02
1.664509565303277580e-02,0.000000000000000000e+00,5.798740774237051698e-02,3.723337316800051089e-01,3.279453102459161662e-01,2.250884546786754425e-01
1.864423615198798623e-01,6.296741420368849596e-02,1.751957531111399125e-01,1.469339462947443220e-01,2.421516589605149927e-01,1.863088659100323730e-01
9.785021873316572527e-02,6.117161177727797883e-02,2.436739957909407062e-01,2.221921767804903858e-01,2.231291796067500777e-01,1.519828173113751402e-01
1.295536382619103845e-02,7.271141013850701551e-02,9.436356831785483457e-02,6.822869281754243009e-02,1.807996123788577492e-01,5.709413525210469409e-01
6.331100356840910215e-02,8.033473676977291242e-03,1.335873671771143911e-01,1.962854240246126314e-01,2.019681751823824700e-01,3.968145563705041678e-01
7.665056312925223880e-02,7.006462240657441998e-02,1.754142716679814862e-01,1.967722531242896977e-01,3.223264120866214388e-01,1.587718775852806907e-01
6.772861067993958539e-02,4.310073816256693863e-02,9.087977728576582259e-02,3.610390630800600076e-01,1.242308819975802836e-01,3.130209287940873830e-01
1.760058493825315262e-01,9.472369773240287005e-02,2.816749508501121269e-01,9.860381269010619343e-02,2.471587994452901782e-01,1.018328898995570497e-01
7.698550748068862248e-02,4.509421941664847056e-02,3.886006613988987612e-01,3.076831595952269072e-01,1.121876616632666163e-01,6.944879044527066392e-02
1.014513765333511786e-01,6.210954628396522792e-02,1.266239427393694716e-01,3.816998201301601279e-01,1.330653228549642519e-01,1.950499914581897698e-01
3.092617830688819749e-02,8.012631940704688718e-03,1.438552507495743649e-01,5.510984045473854565e-01,4.788901054730340667e-02,2.182185239081439188e-01
2.755506153501628974e-01,1.359499519273268953e-01,2.570686586016848740e-01,0.000000000000000000e+00,2.630939530261173220e-01,6.833682109470791410e-02
1.986784809669988883e-01,8.382511199769246413e-02,1.950569052166283845e-01,2.874095455349005013e-01,1.378556935748627421e-01,9.717426270891695028e-02
1.818086801256808827e-01,8.273512457811731113e-02,1.443466470415116221e-01,1.495509204306852413e-01,2.026574299633846221e-01,2.389011978606203346e-01
1.529999999999999971e-01,2.189999999999999933e-02,3.332999999999999852e-01,0.000000000000000000e+00,1.529999999999999971e-01,3.387999999999999901e-01
3.232719385448991345e-02,3.648174950230763554e-03,2.713413335666403636e-01,9.772939523818181817e-02,3.781567641611094377e-01,2.167971382293477356e-01
7.291760941758648751e-02,1.157030993135353819e-01,2.116487236227061197e-01,2.027056278614277618e-01,2.409652509056897651e-01,1.560596888790544978e-01
6.126995201766640559e-02,2.563859166667500564e-02,2.741185103149184621e-01,2.031686494207156010e-02,5.867141497938519468e-01,3.194193126481655737e-02
8.935619426581850600e-02,7.315097372666680073e-03,2.080632222590241276e-01,3.575061600735575107e-01,1.378720539515278787e-01,1.998872720774053646e-01
1.529999999999999971e-01,2.189999999999999933e-02,3.332999999999999852e-01,0.000000000000000000e+00,1.529999999999999971e-01,3.387999999999999901e-01
1.477060211276764318e-02,1.213468305645692691e-01,9.542950871129141088e-02,1.574437101172187770e-01,2.095115194263526548e-01,4.014978290678002382e-01
1.529999999999999971e-01,2.189999999999999933e-02,3.332999999999999852e-01,0.000000000000000000e+00,1.529999999999999971e-01,3.387999999999999901e-01
1.099280325730107172e-02,9.847608830734574936e-02,1.719335650908033197e-01,2.162502321022345964e-01,6.939172583108092762e-02,4.329555854112343005e-01
1.046820936418728365e-01,5.988119762395247708e-02,2.852857057141142683e-01,2.012440248804975573e-01,2.698253965079301375e-01,7.908158163163263310e-02
6.560988783920294887e-02,8.139547829513672783e-02,2.278885557261098316e-01,1.208723167266859549e-01,3.606254845251828933e-01,1.436082768876817128e-01
1.384571777509772672e-01,4.261645169788264714e-02,3.367071716605067877e-01,1.766598258421587520e-01,1.547995453635433449e-01,1.507598276849312358e-01
3.589662216621762603e-02,2.038990708212771487e-03,1.574399557929589133e-01,3.921736427781744028e-01,1.558136315033777641e-01,2.566371570510584399e-01
4.033367012037893801e-02,1.845911523268021007e-02,3.398540814490844109e-01,3.229836374019302153e-02,4.640968999430325481e-01,1.049578695146308333e-01
1.060788464869026060e-01,0.000000000000000000e+00,4.351257382071168495e-02,2.124724326328825963e-01,2.028366595050206944e-01,4.350994875544824669e-01
7.686263681505846324e-02,3.977631883231187715e-02,2.212663869496368507e-01,1.918717543815062765e-01,3.358426258142931942e-01,1.343802772071934493e-01
5.154537651340970750e-02,8.286626539577511205e-03,1.909040876782860108e-01,1.476633398458727653e-01,4.131673625874976996e-01,1.884332068353565259e-01
0.000000000000000000e+00,2.363057124480655996e-02,3.366684683058678018e-02,6.146679756181349097e-01,7.619493983803818371e-02,2.518396664684335318e-01
1.688398953038690309e-01,1.203236047241351692e-01,1.670995291436166430e-01,2.031133643927354460e-01,1.889704158401747380e-01,1.516531905954688619e-01
1.530710677038781276e-01,7.788019573994552081e-02,2.990775047188190539e-01,1.167652730453146159e-01,2.531865629646872784e-01,1.000193958273553618e-01
2.695629394059647146e-02,1.406819638309946274e-01,1.657110596944483816e-01,1.018057079616643407e-01,2.442084039316652355e-01,3.206365706406309468e-01
1.282315194022199401e-01,5.732167182652332660e-02,2.622581035792482806e-01,1.947106455064919195e-01,2.313100450718325041e-01,1.261680146136839875e-01
1.178426076515483312e-01,8.051276771067257532e-02,2.820178876143633051e-01,0.000000000000000000e+00,3.970609776407184044e-01,1.225657593826972452e-01
1.221530613026423628e-01,6.797979402711412655e-02,2.567552876385512661e-01,1.813294965083803723e-01,2.542850223277046684e-01,1.174973381956073287e-01
9.297937329086833347e-02,7.548773280743135972e-02,1.084119796599402191e-01,2.978554602100543236e-01,1.897865442196157715e-01,2.354789098120899926e-01
8.551844319348583801e-02,7.883658569753181078e-02,6.248143321232284969e-02,3.201218649861607701e-02,2.946560416562147289e-01,4.464953097418286054e-01
5.717567998621217451e-02,9.938104393718449892e-02,8.166616371495007132e-02,4.202297819242247212e-01,1.190325345751701708e-01,2.225147958622583633e-01
1.104897361904377123e-01,5.608642831529272316e-02,2.059218357613908645e-01,2.674844693392862127e-01,1.772598410334913221e-01,1.827576893601011720e-01
7.352641467281992305e-02,3.994929643211288933e-02,1.056423263318093525e-01,4.295747886459461706e-01,5.707886168393064286e-02,2.942283122333810286e-01
1.737221993989179480e-01,3.799201053199390693e-02,1.901467579801236762e-01,2.685621760041413397e-01,1.253895939784012425e-01,2.041872621064217408e-01
1.368157340586169113e-01,8.478969310993680897e-02,2.891923622117750226e-01,2.515764727361999298e-01,1.206757872892461753e-01,1.169499505942250134e-01
6.180124904833520644e-02,1.991268341566697006e-02,1.732889800005958658e-01,2.937402511024907459e-01,3.185702281686658144e-01,1.326866082642454703e-01
1.166030627334326136e-01,1.153936429277477166e-01,1.740190299796528783e-01,9.815651883410950185e-02,2.967661065007015653e-01,1.990616390243557521e-01
1.529999999999999971e-01,2.189999999999999933e-02,3.332999999999999852e-01,0.000000000000000000e+00,1.529999999999999971e-01,3.387999999999999901e-01
1.046820936418728226e-01,5.988119762395247014e-02,2.852857057141142127e-01,2.012440248804975296e-01,2.698253965079301375e-01,7.908158163163261922e-02
1.397924652434621717e-01,2.231095810765664628e-02,2.538488380101579511e-01,2.677277243562029008e-01,1.256390678767898561e-01,1.906809464057305503e-01
2.922704941860965536e-02,9.025514513561450416e-03,1.814441409558392171e-01,4.044180194012208518e-01,1.274531291814234302e-01,2.484321465293454489e-01
3.727572881116400505e-02,3.237616044177138441e-02,1.880744935774350535e-01,4.863145635294275904e-01,1.051377571539969663e-01,1.508212964862049588e-01
8.030427326263004165e-03,0.000000000000000000e+00,1.606085465252600833e-02,7.111424620556358045e-01,1.498817713376240923e-01,1.148844846279510751e-01
4.892498050445708707e-02,1.608172394349718232e-02,1.822737007070090176e-01,4.718132956045911763e-01,1.368114956355638845e-01,1.440948036048816383e-01
9.530783248100255234e-02,9.321246002622605997e-02,8.693547518468595914e-02,3.018893453050119913e-01,1.056771789580881887e-01,3.169777080449852624e-01
0.000000000000000000e+00,0.000000000000000000e+00,6.613644199166626714e-02,5.325027978474563550e-01,1.073057131109765999e-01,2.940550470499008751e-01
5.593302616665875998e-02,4.795720104158764791e-02,4.061403257306694242e-02,4.919282879612404957e-01,1.669996859327496364e-01,1.965677663246965523e-01
8.419988621139236351e-02,5.375221783730608528e-03,1.993952502554482420e-01,3.757128306545154395e-01,1.317232178518858710e-01,2.035935932430274486e-01
1.137131366690561779e-01,1.006031214811848595e-01,1.516517250651505111e-01,2.458714165895221626e-01,1.972059861596999475e-01,1.909546140353864940e-01
0.000000000000000000e+00,8.885776005428343283e-03,2.489759590540607803e-01,4.826405808686786147e-01,5.361956011118770155e-02,2.058781239606444768e-01
1.515781574006761223e-01,4.425932513303881127e-02,2.058707186745740159e-01,2.712890240019943389e-01,1.110975142926634573e-01,2.159052604970532474e-01
3.271898221663192136e-02,1.054730659599090008e-02,8.933909337341516821e-02,4.266698586738529309e-01,2.205424555363275363e-01,2.201823036037814652e-01
1.639381012644910984e-01,1.715803561627723128e-01,8.922844979540037191e-02,2.421902049080893460e-01,2.016287292199229753e-01,1.314341586493237568e-01
5.947649138445732647e-02,7.055549253253153019e-02,1.481090289823535668e-02,5.345829137126341113e-01,9.464628190949542219e-02,2.259279175626461300e-01
8.106000529683261846e-02,2.110595498285482152e-02,9.437076481323825039e-02,3.103909275289118974e-01,1.128447420369484699e-01,3.802276053412139700e-01
1.509179865985346425e-01,6.433916276474477280e-02,1.639897256941708070e-01,2.886530099798532145e-01,2.009852407726806789e-01,1.311148741900159675e-01
1.701244702539075199e-02,0.000000000000000000e+00,3.854309730227947761e-02,5.677235288536192082e-01,1.284755559121206724e-02,3.638733712274985210e-01
4.372798280894636680e-02,4.617849759716682184e-02,2.991266874695635014e-01,1.953116906447106282e-01,2.870571852646617850e-01,1.285979562149509314e-01
5.363711825593638072e-02,4.915562674811316951e-02,5.805953547198424575e-03,5.412817594332112181e-01,5.779526708163385679e-02,2.923242749339069468e-01
0.000000000000000000e+00,5.577755228446405061e-02,1.198755129207542403e-01,4.707228459835743339e-01,2.058767707567234484e-01,1.477473180544839060e-01
1.529999999999999971e-01,2.189999999999999933e-02,3.332999999999999852e-01,0.000000000000000000e+00,1.529999999999999971e-01,3.387999999999999901e-01
1.389348976759544885e-01,7.986844857367558781e-02,2.362322537377612164e-01,2.024686227799718796e-01,2.015081754145875703e-01,1.409876018180492852e-01
6.078656314551177803e-02,5.421737868823360562e-02,6.188188648614592613e-02,5.880261305140057626e-01,8.974932673130431304e-02,1.453387144347985938e-01
1.292369062693807524e-01,6.439211082532832198e-02,2.383876203062013921e-01,2.394381647129941448e-01,2.222928121473867757e-01,1.062523857387085158e-01
1.529999999999999971e-01,2.189999999999999933e-02,3.332999999999999852e-01,0.000000000000000000e+00,1.529999999999999971e-01,3.387999999999999901e-01
4.122308748414749320e-03,3.468806481666408120e-02,1.141577769415068194e-01,4.785806668007043241e-01,1.418011417722798151e-01,2.266500409204302291e-01
1.483084419615236446e-02,5.865199355444872947e-02,8.934468566270940826e-02,2.304835091257615709e-01,2.810788333372685743e-01,3.256101341236591895e-01
3.759019593366844797e-02,3.676970009514499323e-03,3.773859694966982814e-01,2.309137165975105530e-02,3.745385667698951093e-01,1.837169261304726353e-01
8.030427326263004165e-03,0.000000000000000000e+00,4.341510831862870068e-02,6.746636109166259665e-01,1.498817713376240923e-01,1.240090821008581895e-01
1.529999999999999971e-01,2.189999999999999933e-02,3.332999999999999852e-01,0.000000000000000000e+00,1.529999999999999971e-01,3.387999999999999901e-01
1.146173084444858728e-02,3.123883504663437991e-02,6.328673344699455028e-02,6.040624471243587479e-01,0.000000000000000000e+00,2.899502535375637069e-01
1.669174819608478313e-02,2.033148722648953077e-02,8.214059361918404911e-02,5.397941191518863535e-01,1.016133813138917763e-01,2.394286704924634690e-01
6.555069324680087850e-02,4.900869119565898213e-02,6.403374305605852301e-02,2.664432703976503669e-01,2.269270243558239031e-01,3.280365777480074296e-01
3.433956205545601881e-02,2.567304465721302262e-02,8.383150359846237853e-02,4.646428730222275094e-01,2.219051319059225924e-01,1.696078847607185025e-01
6.078656314551177803e-02,5.421737868823360562e-02,6.188188648614592613e-02,5.880261305140057626e-01,8.974932673130431304e-02,1.453387144347985938e-01
1.820240802261709201e-02,0.000000000000000000e+00,4.444842703747481361e-02,5.116922050849703751e-01,1.878119404337649512e-01,2.378450194211727542e-01
5.918173733069168746e-02,6.827429528268288972e-02,0.000000000000000000e+00,6.199315825276774383e-01,6.372801630668728512e-02,1.888843685522607341e-01
1.367869423145829655e-01,9.372533611408349896e-02,2.206491177874572440e-01,2.340699619059748715e-01,2.221511454241077155e-01,9.261749645379360740e-02
1.529999999999999971e-01,2.189999999999999933e-02,3.332999999999999852e-01,0.000000000000000000e+00,1.529999999999999971e-01,3.387999999999999901e-01
4.484871667875559714e-02,3.668327325784773163e-02,3.920565164113085782e-02,4.287508630188958114e-01,4.975014479939143808e-02,4.007613506039786055e-01
4.141444792002085817e-02,3.845189491143524707e-02,1.823298141283997142e-01,3.693682223905544459e-01,1.134964273289175568e-01,2.549391933206721639e-01
8.599481196470191643e-03,1.259024050925710847e-01,4.310603170014279395e-02,3.029991987689286681e-01,1.759599366002414234e-01,3.434329466416457532e-01
1.455233695256007709e-01,1.006072848421582372e-01,1.679275129338863581e-01,1.677640799741771105e-01,2.959692149324681387e-01,1.222085377917093707e-01
8.861181127801691371e-02,6.343991356407498172e-02,2.502093601601873551e-01,2.066143107657971711e-01,2.651912201231480526e-01,1.259333841087754702e-01
1.529999999999999971e-01,2.189999999999999933e-02,3.332999999999999852e-01,0.000000000000000000e+00,1.529999999999999971e-01,3.387999999999999901e-01
1.737852255474447161e-01,1.070426584144652804e-01,3.163053521062136886e-01,6.041037961507390863e-02,2.336460697841927781e-01,1.088103145326096977e-01
1.244424888497770026e-01,8.528170563411269223e-02,2.573451469029380267e-01,2.594451889037781012e-01,1.342426848536970863e-01,1.392427848556971048e-01
2.793815700611022509e-02,2.793815700611022509e-02,1.835683963928827489e-01,3.137554145752974311e-01,2.311785574898255480e-01,2.156213175297737039e-01
7.806015669227582554e-02,1.076383996410823080e-01,2.352228275620345810e-01,1.625667787892188798e-01,1.357219022232045436e-01,2.807899350921837511e-01
1.529999999999999971e-01,2.189999999999999933e-02,3.332999999999999852e-01,0.000000000000000000e+00,1.529999999999999971e-01,3.387999999999999901e-01
1.439331389176440323e-01,3.406932265211572164e-02,1.078299394899283163e-02,3.860898425379529209e-01,2.384903970850802968e-01,1.866343048582140840e-01
1.145072343641342222e-01,2.415590444413976551e-02,6.701107191817526343e-02,3.173539759627662660e-01,1.102316609809396858e-01,3.667401523298447485e-01
4.141444792002085817e-02,3.845189491143525401e-02,1.823298141283996865e-01,3.338380176875864191e-01,1.134964273289175707e-01,2.904693980236403017e-01
8.836399985585603745e-02,6.117036198114057799e-02,1.368671526091051194e-01,4.632206100169712903e-01,1.481041930532024098e-01,1.022736824837246483e-01
6.409532015003203964e-02,2.324574187351752599e-02,1.928553703569192701e-01,2.550497636135665713e-01,1.159893203287641061e-01,3.487644836772005319e-01
5.198265205296438013e-02,4.731133664400338779e-02,8.033328132013042855e-02,3.200791401692450466e-01,7.753766033369341448e-02,4.227559294799632661e-01
4.151604707152703293e-03,1.243352384090860852e-02,2.247614917610824825e-01,3.107185255441541893e-01,2.862401034989223159e-01,1.616947506477798557e-01
6.929861402771944623e-02,2.525949481010380041e-02,1.066978660426791542e-01,4.362112757744844860e-01,2.449151016979660145e-01,1.176176476470470467e-01
1.529999999999999971e-01,2.189999999999999933e-02,3.332999999999999852e-01,0.000000000000000000e+00,1.529999999999999971e-01,3.387999999999999901e-01
2.356198905289696721e-01,7.292498437007946532e-02,2.113393215006013626e-01,6.819095461340075881e-02,2.045373557815588217e-01,2.073874932053899334e-01
8.694696664672785236e-02,4.821399315137272351e-02,3.495121930520629361e-01,1.996151775899365488e-01,1.238060270760041881e-01,1.919056424838959107e-01
6.975279980214663111e-02,1.034003405200500103e-01,8.096963843465351807e-02,3.961163278524318931e-01,1.319664129824443533e-01,2.177944804082736496e-01
5.089886139709865615e-02,6.188671077935035958e-02,1.721028013835242676e-01,3.450053225364082543e-01,1.903776453118347090e-01,1.797286585917837742e-01
4.863079315086180077e-02,5.145727239443946555e-02,2.846768957228260066e-02,3.136463520993782450e-01,7.301064745439107828e-02,4.847872453286468097e-01
0.000000000000000000e+00,1.267166749971853357e-01,0.000000000000000000e+00,1.563125189039141216e-01,0.000000000000000000e+00,7.169708060989005149e-01
0.000000000000000000e+00,0.000000000000000000e+00,0.000000000000000000e+00,7.306287319843268735e-01,0.000000000000000000e+00,2.693712680156731820e-01
4.643196314396617896e-02,1.883189148317266359e-01,5.834941944490051879e-02,1.090727119088766434e-01,3.713586179313552171e-02,5.606911288773944735e-01
1.829216554071877165e-01,8.589011513954392107e-02,2.719592320249761830e-01,3.056933614354688175e-02,3.897194673468861170e-01,3.894019393785924654e-02
7.121897328827389573e-02,3.115325220965326977e-02,9.012583805192633801e-02,3.492789283230653408e-01,9.633755371236520093e-02,3.618854544147158681e-01
2.528307560458680214e-01,8.735183380637882855e-02,3.506477523932180485e-01,0.000000000000000000e+00,2.565241937813212414e-01,5.264546397321387405e-02
1.270662116057482971e-01,3.007688009816322089e-02,9.519379631192538896e-03,4.580314265248874861e-01,2.105426970455441804e-01,1.647634050944641326e-01
7.303351399510747861e-03,0.000000000000000000e+00,3.157506438410315197e-01,3.810884861079703034e-01,1.093658429270170096e-01,1.864916757244703960e-01
1.529999999999999971e-01,2.189999999999999933e-02,3.332999999999999852e-01,0.000000000000000000e+00,1.529999999999999971e-01,3.387999999999999901e-01
0.000000000000000000e+00,3.148136762835075653e-03,1.304499234840879041e-01,5.386788845335664933e-01,6.587780568385540048e-02,2.618452495356550780e-01
2.140718855594657688e-01,9.794803372370801398e-02,1.682837745616722058e-01,2.051346993290680820e-01,1.744142293847184833e-01,1.401473774413674600e-01
8.320798676874591182e-02,3.333094407663560188e-02,2.641478776640125981e-01,1.672230247403952708e-01,2.998047958639615818e-01,1.522853708862490496e-01
5.145137350352724931e-02,3.802247724085884573e-02,1.277375457660540337e-01,4.292514191170432869e-01,1.406441952257540540e-01,2.128929891467625790e-01
1.679808110235599811e-02,5.599360367451999658e-03,1.709541147845713427e-01,4.254181685048661898e-01,2.178758865459326788e-01,1.633543886948219115e-01
9.773502007580864293e-02,2.814288919377600298e-02,1.253227044415071711e-01,2.103868844336868049e-01,1.767189085826540995e-01,3.616935932725672820e-01
1.529999999999999971e-01,2.189999999999999933e-02,3.332999999999999852e-01,0.000000000000000000e+00,1.529999999999999971e-01,3.387999999999999901e-01
4.724413172244731202e-02,7.617694963530376173e-02,1.245061745089857119e-01,3.402910055542044954e-01,2.235745037628558696e-01,1.882072348162027731e-01
6.438206936910913225e-02,5.742431970304359007e-02,1.221738626045311416e-01,4.454761355767600239e-01,9.958850592349326181e-02,2.109551068230629822e-01
1.013782684314324528e-01,8.057416835277361744e-02,2.326740090110623327e-01,2.355137704865319648e-01,2.236023563935531366e-01,1.262574273246463985e-01
5.947649138445732647e-02,7.055549253253153019e-02,1.481090289823535668e-02,5.345829137126341113e-01,9.464628190949542219e-02,2.259279175626461300e-01
6.262887164348275582e-02,8.435511713274451359e-03,6.557038007849838590e-02,5.181589175029223115e-01,8.466086232403957634e-02,2.605454567377824548e-01
6.309073228005709910e-02,3.823124377663096596e-02,2.732346713005490146e-01,4.988506589275312764e-03,4.830809472374600899e-01,1.373738988160275176e-01
1.529999999999999971e-01,2.189999999999999933e-02,3.332999999999999852e-01,0.000000000000000000e+00,1.529999999999999971e-01,3.387999999999999901e-01
1.405119553046784986e-01,3.970651768226168138e-02,1.982616004128600895e-01,2.806818760306196703e-01,1.154901749243082421e-01,2.253478756452717835e-01
1.482250268529649029e-01,2.670204608067554969e-02,3.047127457368878911e-01,2.274263042606104179e-01,1.336250692920266381e-01,1.593088077768345934e-01
6.423643778467244547e-02,9.319660984283838906e-03,3.180188886554497496e-01,1.096138618404582099e-01,3.497902683401856727e-01,1.490208823949500661e-01
1.445598464621617174e-01,6.077010776707035544e-02,7.892965525348469291e-02,1.763128320205636923e-01,3.282385099208112167e-01,2.111890485759083391e-01
9.895177636343654992e-02,5.022956794930849567e-02,1.844183192318357978e-01,2.079906819670911400e-01,2.964801104138382604e-01,1.619295440744897008e-01
0.000000000000000000e+00,0.000000000000000000e+00,4.016512890977761568e-02,6.225177076790450181e-01,1.721067509354154076e-02,3.201064883176357179e-01
1.345513406738322593e-01,2.493607386748260268e-02,2.156032102453750432e-01,3.206993931598390302e-01,1.279489368826302320e-01,1.762610451708409853e-01
5.010726622048769334e-03,9.695669211472568438e-02,5.179154407663853765e-02,3.765432219244264217e-02,4.828424609642411047e-01,3.257442540299032574e-01
1.529999999999999971e-01,2.189999999999999933e-02,3.332999999999999852e-01,0.000000000000000000e+00,1.529999999999999971e-01,3.387999999999999901e-01
9.959800803983920314e-02,5.987880242395152153e-02,2.669946601067978431e-01,2.012359752804943891e-01,2.824943501129977275e-01,8.979820403591928790e-02
1.606875174069400392e-01,1.369484468537510713e-01,1.730241450107889156e-01,2.627754058284639260e-01,1.623558792852501931e-01,1.042086056148057438e-01
1.737221993989179480e-01,3.799201053199391387e-02,1.901467579801236762e-01,2.685621760041414507e-01,1.253895939784012703e-01,2.041872621064217685e-01
1.226533533783380307e-02,9.282338807713498563e-02,9.937930436065918471e-02,3.825487878780882145e-01,5.782229516407364628e-02,3.551608891822102265e-01
1.529999999999999971e-01,2.189999999999999933e-02,3.332999999999999852e-01,0.000000000000000000e+00,1.529999999999999971e-01,3.387999999999999901e-01
4.554671968852538194e-02,5.428981350240556433e-03,1.088257861378919139e-01,3.810767158243233976e-01,3.400716789534033446e-01,1.190501180456153829e-01
4.190150483702792528e-02,4.738554895241035153e-02,7.582393641796331130e-02,3.226574453310795398e-01,3.080045805837985373e-01,2.042269838777203139e-01
6.498278362549572695e-02,0.000000000000000000e+00,8.056833369230474717e-02,2.773790038017645010e-01,4.983840481118150673e-02,5.272314740692535251e-01
3.825823423877563328e-02,3.451372026126683923e-02,2.621441681973494808e-01,2.478373565184532057e-01,1.925083938359461178e-01,2.247381269482084665e-01
1.441846980604296335e-01,6.247318217210450636e-02,1.434226532515789354e-01,1.354661372515888473e-01,2.352376962887775813e-01,2.792156329755204891e-01
1.774511170003790494e-01,1.293529902818069954e-01,2.358054431673078932e-01,9.487483714038424942e-02,2.438464654923100383e-01,1.186691469178117186e-01
1.529999999999999971e-01,2.189999999999999933e-02,3.332999999999999852e-01,0.000000000000000000e+00,1.529999999999999971e-01,3.387999999999999901e-01
1.529999999999999971e-01,2.189999999999999933e-02,3.332999999999999852e-01,0.000000000000000000e+00,1.529999999999999971e-01,3.387999999999999901e-01
