1.429158759887846075e-01,3.859454614369369624e-02,2.592834945966400739e-01,2.245298836113926721e-01,1.520002864342516191e-01,1.826759132252372964e-01
1.339359430431383835e-01,9.336710614410680120e-03,1.832122138223805374e-01,4.302862599376333641e-01,1.175820651252638682e-01,1.256468074571731874e-01
1.315443443053849470e-01,1.229642783298264333e-02,3.067512105204122652e-01,1.857289001866289369e-01,1.753798459669365650e-01,1.882992711876546599e-01
1.797031614672999211e-01,5.501682351692274708e-02,2.450325623900932726e-01,1.936912196165130606e-01,2.019622051653658656e-01,1.245940278438051607e-01
5.071813220323823090e-02,1.336541596047815736e-02,1.693258756484654071e-01,4.662848114600360860e-01,1.680522627209907749e-01,1.322535020067912570e-01
7.227889820181346292e-02,7.181745842399028801e-02,1.209900811876859772e-01,4.435679152207981923e-01,8.757498396389624962e-02,2.037706630018157883e-01
8.594530422785270907e-02,3.240248558808114798e-02,2.600011764831709482e-01,3.008615065401768485e-01,1.194665183584850965e-01,2.013230088022331665e-01
1.430956738869562095e-01,2.411847416332319263e-02,2.219026897295724721e-01,3.670968739015018079e-01,1.158423132401604910e-01,1.279439750784857888e-01
1.665140786181902588e-01,5.970072052593738965e-02,2.511823418558499776e-01,2.129249835773880106e-01,1.259515201045530164e-01,1.837263553180814024e-01
8.396845734918523263e-02,1.905479000800010259e-02,2.467908679041870001e-01,2.940775710490401984e-01,5.669163668410718421e-02,2.994166770054802473e-01
4.199341262361495908e-02,1.557630775787395387e-02,1.798177639083388957e-01,4.956584587277527154e-01,3.970113474108505347e-02,2.272529222413343930e-01
2.649999999999999925e-02,4.420000000000000318e-02,2.477999999999999925e-01,2.649999999999999925e-02,5.574999999999999956e-01,9.729999999999999760e-02
2.504886794651063273e-02,6.015773666973035089e-02,1.864399539152610530e-01,3.446335874898057150e-01,2.213614415720591977e-01,1.623584124066330681e-01
3.849576724235524716e-02,1.707568648662247113e-02,1.657715820324783818e-01,3.020295852778022150e-01,2.331727443112491804e-01,2.434546346494924352e-01
1.840452660271006957e-01,4.112132608810226825e-02,3.241839993189014058e-01,1.166989422701393830e-01,2.344749392214124650e-01,9.947552707434380304e-02
7.835859644534359791e-02,0.000000000000000000e+00,9.832036523498347003e-02,5.732412297064964912e-01,1.242770749918909040e-01,1.258027336212853564e-01
1.084272943546843726e-01,2.629632876089969904e-03,1.402088150726111815e-01,4.836178810097295222e-01,9.922728299664566876e-02,1.658890936902391033e-01
1.574350107753779218e-02,0.000000000000000000e+00,1.410683203888701276e-01,5.679703883628816063e-01,1.807640300927972066e-01,9.445376007791314588e-02
1.694377922226023292e-01,5.489618147845994750e-02,2.934287744414326160e-01,1.932664894690210855e-01,1.614200373694044399e-01,1.275507250190794362e-01
1.473207760818359691e-01,2.899768147782326444e-02,3.431520516690435563e-01,1.180953963411350699e-01,2.662346553679096339e-01,9.619943906225239538e-02
1.546540095483956989e-01,1.206586837436525866e-01,2.833814209998036793e-01,1.508020578311289328e-01,1.948606074972313862e-01,9.564322037978761903e-02
3.805959823394005487e-02,9.353576774550623890e-03,2.651089950816991614e-01,5.092699279236216903e-01,7.074428609164896964e-02,1.074636158945395659e-01
1.079336668971782667e-02,0.000000000000000000e+00,1.643937544915863025e-01,6.750396615547329393e-01,5.364987999837286109e-02,9.612333726559003921e-02
6.963823238281197092e-02,4.959897761325576804e-02,2.258640795129425449e-01,3.178602421727751981e-01,1.285271664700538274e-01,2.085113018481606351e-01
1.378277010476545716e-01,1.192768891265949538e-02,2.279418374180325890e-01,3.497608956525256607e-01,1.134234394171606819e-01,1.591184375519670013e-01
6.936892491899891711e-02,4.990066534220456013e-02,2.240216536220482613e-01,3.183815784210455857e-01,1.287937172495632887e-01,2.095334604461392414e-01
7.489746697035128131e-02,3.065793507623035610e-02,2.231384514979624645e-01,3.141885713007516734e-01,1.554357308364879564e-01,2.016818443182162024e-01
6.941353554875631660e-02,4.429999663204582661e-02,1.166871766440150254e-01,3.802637885339295587e-01,8.413253158752405370e-02,3.052029710537292329e-01
8.843380657377220011e-02,3.789075669376254507e-02,2.648016033254909640e-01,1.351678171139380213e-01,4.128918210001509270e-01,6.081419529288534936e-02
1.589618299792047718e-01,1.918614561198168228e-02,3.372166225383802507e-01,1.282871785547891608e-01,2.427290598970466284e-01,1.136191634185975130e-01
7.356203432988127344e-02,4.686890105884339297e-02,1.221137727062066997e-01,5.359111031778205358e-01,8.906886944515832183e-02,1.324753192820897763e-01
8.581052252636631184e-02,3.635618191757443440e-02,2.677214303809282714e-01,2.268136424847668475e-01,2.789462807162571001e-01,1.043519419741070070e-01
7.176843353642418932e-02,2.750594232641803347e-02,1.919422033731532362e-01,3.248320808072224786e-01,2.640455033607886359e-01,1.199058365959933536e-01
1.118736620312821700e-01,7.358086650953105101e-02,1.396266653022922855e-01,4.130565978936694416e-01,1.203727067753980196e-01,1.414895014878270185e-01
1.288875835813908521e-01,7.486835812646452926e-02,2.839555906628593029e-01,2.237889767833325938e-01,1.629261404861380436e-01,1.255733503598148448e-01
1.084272943546843726e-01,2.629632876089969904e-03,1.402088150726111815e-01,4.836178810097295222e-01,9.922728299664566876e-02,1.658890936902391033e-01
9.816253803613134155e-02,6.609033793340762797e-02,1.606526675952587579e-01,3.142408942451747622e-01,2.341796014750427979e-01,1.266739607149847680e-01
1.496790146651737208e-01,4.140612334261112304e-02,1.856169479044665060e-01,3.531399289998923829e-01,1.163516914419567283e-01,1.538062936458994834e-01
6.936892491899891711e-02,4.990066534220456013e-02,2.240216536220482613e-01,3.183815784210455857e-01,1.287937172495632887e-01,2.095334604461392414e-01
1.417203170384691846e-01,1.225486111005889486e-02,3.023790006712294143e-01,1.761499917422115480e-01,1.455855681131180690e-01,2.219102613249128997e-01
1.428256351877651709e-01,3.854072914226534113e-02,2.193769426875494255e-01,3.330579837009456923e-01,1.291978832325773041e-01,1.370008260488971563e-01
1.411841258099426066e-01,2.367155714461841726e-02,2.646337621063302170e-01,2.288127234619652672e-01,1.320442745791038375e-01,2.096535568980396891e-01
1.448519979585925765e-01,1.808300804149022903e-02,1.582194237161892170e-01,4.097280652146926272e-01,1.110463592601277361e-01,1.580711458089077148e-01
1.287259699342722385e-01,1.202068587295517660e-02,2.294081315430262502e-01,3.061733406852529815e-01,1.571844384178708864e-01,1.664874335466225153e-01
1.779760898499722355e-01,5.560145622861550896e-02,2.596448954615477311e-01,2.113031531778213068e-01,1.685544145203802802e-01,1.269199907616627709e-01
4.720161585032012219e-02,1.456283781733556243e-02,3.052141780047520347e-01,2.483658776951176983e-01,2.318261034761626427e-01,1.528293871563118633e-01
1.083891560158358192e-01,0.000000000000000000e+00,1.332073042096466875e-01,4.805942547158180145e-01,1.013575528431895911e-01,1.764517322155097767e-01
1.374549927624298395e-01,2.285652618797207047e-03,1.292526331509736559e-01,3.053831109994706305e-01,2.856077632768382335e-01,1.400158471914903224e-01
7.332644427471400606e-02,4.677071753941763194e-02,1.227436038279204056e-01,5.346363606059858498e-01,8.884421790102074723e-02,1.336786558509412692e-01
9.220503892432851956e-02,1.389161379294580854e-02,2.436384866083929068e-01,3.420036076671498226e-01,1.005680075734343010e-01,2.076932454337486189e-01
1.345596147153765576e-01,1.298615583387000699e-02,2.829993959927519231e-01,2.598391180694168412e-01,1.677940135281623391e-01,1.418217018604223389e-01
1.820381238102757315e-01,5.489618147845995444e-02,2.299481565304350439e-01,2.310552032071019890e-01,1.596515697781520637e-01,1.424107651955753284e-01
1.319417963311160513e-01,8.044159357873881732e-04,2.876292477721964502e-01,3.102243243510550696e-01,1.742637451276241034e-01,9.513647048222098612e-02
1.348421449687272622e-01,1.241611621358456805e-02,2.520540014210900237e-01,2.998535049167960764e-01,1.785889102344798696e-01,1.222453222453222382e-01
9.719041084172008738e-02,0.000000000000000000e+00,1.609462408085023666e-01,5.077779076338075903e-01,9.769885744097139835e-02,1.363865832749985296e-01
1.444424785568675651e-01,1.244355552136620392e-02,3.225031731989692063e-01,1.774345167121812172e-01,2.116881418516096958e-01,1.314881341590060926e-01
6.936892491899891711e-02,4.990066534220456013e-02,2.240216536220482613e-01,3.183815784210455857e-01,1.287937172495632887e-01,2.095334604461392414e-01
1.943314297744677399e-01,6.319815433739484067e-02,2.968428993745449440e-01,1.932664894690211410e-01,1.414388097932401667e-01,1.109222172513311677e-01
4.506421517163528012e-02,4.067090323257140788e-02,2.296189161934079626e-01,3.499652418635538775e-01,9.351103781193323417e-02,2.411696857268981198e-01
1.650211915957201514e-01,0.000000000000000000e+00,2.167326342930593064e-01,2.275399022396720206e-01,1.889440636142785679e-01,2.017622082572698705e-01
1.172708918463652716e-01,3.015694854646301659e-02,1.748537497478444003e-01,4.353386816184166563e-01,6.419321412623126000e-02,1.781865141146795339e-01
1.188432512433499205e-01,0.000000000000000000e+00,1.725439672528966961e-01,4.619361591487887164e-01,1.574170988946519134e-01,8.925952346031280904e-02
6.906120816304922583e-02,3.321220427917428997e-02,2.126381084455529757e-01,3.268807969517244505e-01,1.583873904213438377e-01,1.998202917391553868e-01
6.696190859621553582e-02,3.822127560098183274e-02,2.023182119248302102e-01,3.880349095442798268e-01,7.089702463668358379e-02,2.335666696970090661e-01
5.625290764662147641e-02,9.078379283208041356e-03,1.839310947534098239e-01,4.086270690487266988e-01,9.442731861719934339e-02,2.476832306508345571e-01
0.000000000000000000e+00,0.000000000000000000e+00,4.328000000000000180e-01,5.672000000000000375e-01,0.000000000000000000e+00,0.000000000000000000e+00
1.115172793528511203e-01,7.163434255565503950e-02,1.567979430804876118e-01,4.495029392309926042e-01,9.632050931409109895e-02,1.142269864659226503e-01
1.442933175635718601e-01,1.403722766605472461e-02,2.540886357715969046e-01,2.799667649807590086e-01,1.692047669783170172e-01,1.384092870397005404e-01
5.053138469032691232e-02,8.961383005775754723e-03,1.783304488524128928e-01,3.338934913020292217e-01,1.649731383831956888e-01,2.633101537662593805e-01
1.674948410837575341e-01,5.436626075534371078e-02,2.154028279104463484e-01,2.471455348177858669e-01,1.263451358886241715e-01,1.892453995440423475e-01
2.077165289998937903e-01,8.440010784578054481e-02,2.053710466759806619e-01,1.999692802928176583e-01,1.626311102396300612e-01,1.399119259458973530e-01
6.241129277026209038e-02,3.427585952809947267e-02,2.202483188390032820e-01,4.136454307333599090e-01,6.799908069046461945e-02,2.014200174388106890e-01
1.332527158402604384e-01,1.244340236590803055e-02,3.280378102196518930e-01,2.310091187000275215e-01,1.460592046253517406e-01,1.491977482488003326e-01
7.332644427471400606e-02,4.677071753941763194e-02,1.227436038279204056e-01,5.346363606059858498e-01,8.884421790102074723e-02,1.336786558509412692e-01
3.607835040904282253e-02,8.980876925856150911e-03,1.812079021394100431e-01,4.898352215541046939e-01,4.072363157758910474e-02,2.431740173939972716e-01
1.011583037284726275e-02,2.836075558886617075e-03,2.219895555685328370e-01,5.253995634991356356e-01,1.229738156971472152e-01,1.166851593034504003e-01
7.652162162162162717e-02,2.401351351351351318e-02,2.327013513513513654e-01,3.234554054054054051e-01,2.389337837837837986e-01,1.043743243243243357e-01
1.752029411764706168e-01,2.994705882352941689e-02,2.818808823529411756e-01,1.549970588235294322e-01,1.997647058823529553e-01,1.582073529411764656e-01
1.820381238102757315e-01,5.489618147845995444e-02,2.299481565304350439e-01,2.310552032071019890e-01,1.596515697781520637e-01,1.424107651955753284e-01
1.080758733557886930e-01,2.597567311139783054e-03,1.478881655808916562e-01,4.777206773675057305e-01,9.985146305234891828e-02,1.638662533323251846e-01
1.221132295600380613e-01,1.463308727746417438e-02,1.723562152133580327e-01,3.800960100352197002e-01,1.364877608038702339e-01,1.743136971100496813e-01
1.043785152791521925e-01,5.600699158036409608e-02,2.600145250442785771e-01,2.523682355237533148e-01,1.682430187402730593e-01,1.589887138321788296e-01
1.595275183775143601e-01,1.536317705049125917e-02,2.256403441906545126e-01,1.722366826126053851e-01,1.567222289826961934e-01,2.705100487860383485e-01
1.353679865002256344e-01,0.000000000000000000e+00,3.424921113766504210e-01,3.018129347083623459e-01,1.309833693596562376e-01,8.934359805510534713e-02
1.817395155381673344e-01,5.473614606101794011e-02,2.315224689634622357e-01,2.303816223695730747e-01,1.596246431027762147e-01,1.419956039650031587e-01
9.015206985857435185e-02,4.383279773285060632e-02,2.136317102604781137e-01,3.178602421727751981e-01,1.322526407137723792e-01,2.022705392615493092e-01
1.082756285537342933e-01,2.615794062796601097e-03,1.435230588123838635e-01,4.810727738118838470e-01,9.949666578362417746e-02,1.650160789755771296e-01
7.496269560364200724e-02,4.565003284876154727e-02,2.094589145882515824e-01,3.096484653825520295e-01,2.102607377613998629e-01,1.500191538153928805e-01
3.561688311688311626e-02,0.000000000000000000e+00,1.451428571428571290e-01,5.843948051948051337e-01,8.952597402597400889e-02,1.453194805194805150e-01
9.963506993671852885e-02,4.118271232496115153e-02,2.061583918643453139e-01,2.870543424608542615e-01,1.404872368074924771e-01,2.254822466056282393e-01
6.274151532734972836e-02,3.445721552117927272e-02,1.433597945653649897e-01,5.321547179594809940e-01,6.835886862800774622e-02,1.589278879986172621e-01
1.468251565247643275e-01,0.000000000000000000e+00,2.072631026369988194e-01,2.863381061562251806e-01,1.832142865152878164e-01,1.763593481667238561e-01
8.211394620368349384e-02,5.154913535461548915e-03,9.258800821793822244e-02,3.156277459373133532e-01,3.283201835028837223e-01,1.761952026027197027e-01
1.820381238102757315e-01,5.489618147845995444e-02,2.299481565304350439e-01,2.310552032071019890e-01,1.596515697781520637e-01,1.424107651955753284e-01
1.697872573596898860e-01,5.511034397731475604e-02,2.234181290154660104e-01,2.345580076439403583e-01,1.517212564555678878e-01,1.654050055480212333e-01
1.312352740634114834e-01,1.225500965945679720e-02,2.471790598128716931e-01,2.751498162809197234e-01,1.208045759309064743e-01,2.133762642524338060e-01
1.334145324738509331e-01,2.629346522950180495e-02,2.313506960167102389e-01,2.906517242270444945e-01,1.871037187932938772e-01,1.311858632595986895e-01
6.571263443192632003e-02,3.321220427917428997e-02,2.077674557457378501e-01,3.993846977386465991e-01,6.624205320364535965e-02,2.276809546008697616e-01
8.716063730590954683e-02,0.000000000000000000e+00,1.304706820362437347e-01,3.151556102109488444e-01,3.244408708225787197e-01,1.427721996243192237e-01
1.168296356148985776e-01,0.000000000000000000e+00,1.774364841107775037e-01,4.910248743482408251e-01,7.133699871798204750e-02,1.433720072081008934e-01
1.728469645100351448e-01,5.511102343759630845e-02,2.407679103976678725e-01,2.235756821067945432e-01,1.820773417390315341e-01,1.256210778088744651e-01
5.197808219178082223e-02,2.201917808219178152e-02,1.372123287671232761e-01,3.880465753424657827e-01,1.672013698630137046e-01,2.335424657534246606e-01
1.159821789302936390e-01,1.146027847180206873e-02,3.756444710663898179e-01,1.012535653194667068e-01,2.760230632702246334e-01,1.196364429418232400e-01
8.705964041034505718e-02,0.000000000000000000e+00,1.310338061068731241e-01,5.323485404524210818e-01,1.415018688926080181e-01,1.080561441377527743e-01
2.837607912101727109e-02,0.000000000000000000e+00,1.224144310426848459e-01,5.360783210069844928e-01,1.468947457895887210e-01,1.662364230397247733e-01
1.943314297744677399e-01,6.319815433739484067e-02,2.968428993745449440e-01,1.932664894690211410e-01,1.414388097932401667e-01,1.109222172513311677e-01
1.481813487758009973e-01,1.156387665198237678e-02,2.939770454515744924e-01,1.648910443273768067e-01,2.654894181623289051e-01,1.158972666309363297e-01
1.010230073141105689e-01,0.000000000000000000e+00,1.405736424924579619e-01,3.441506754761263220e-01,2.432117457197410237e-01,1.710409289975640956e-01
9.467886178861789626e-02,4.429268292682927294e-02,1.892593495934959402e-01,3.402439024390244149e-01,1.468796747967479888e-01,1.846455284552845633e-01
1.496119494960005403e-01,1.229626166077237015e-02,3.377113736704050462e-01,1.289830414564698269e-01,2.300829345618333743e-01,1.413144391545188283e-01
4.360159518031147402e-02,5.063599887800772359e-02,1.059233874410039355e-01,4.169908655194702329e-01,1.596424259424125414e-01,2.232057270387940995e-01
1.332527158402604384e-01,1.757584429131223494e-02,2.526266071574179151e-01,1.902572836520339539e-01,2.154025566822516669e-01,1.908849923767236556e-01
6.989596783444268491e-02,7.012685629913731344e-02,2.393372177498815923e-01,3.239203390677988237e-01,8.086831710251153604e-02,2.158513019462279803e-01
1.516992797185402198e-01,3.014663163970571214e-02,2.041671260520797615e-01,2.962064144360062046e-01,1.885922345838449421e-01,1.291883135698232155e-01
1.156022619389406730e-01,6.338585416288708418e-02,2.154343602651199452e-01,2.944080332122104848e-01,1.199600875748357970e-01,1.912094028460060435e-01
1.696569582368703463e-02,0.000000000000000000e+00,2.380566688112243923e-01,5.429490478179872515e-01,1.457000421685146485e-01,5.632854537858670435e-02
5.912096750171279974e-02,3.925262875696286513e-02,1.478486959407992740e-01,4.591675638412405780e-01,1.795012276752469549e-01,1.151089162840376878e-01
4.736478228126273643e-02,1.251867307003790182e-02,2.185298583933135141e-01,5.419634810306299677e-01,5.173150285805997589e-02,1.278917023666958919e-01
1.937930386190040988e-01,6.338564802684869270e-02,2.724470836241741911e-01,1.888489100716618518e-01,1.487918685885832870e-01,1.327334510697278092e-01
1.820381238102757315e-01,5.489618147845995444e-02,2.299481565304350439e-01,2.310552032071019890e-01,1.596515697781520637e-01,1.424107651955753284e-01
1.751354047450612850e-01,5.518661594930239500e-02,2.349801661524558161e-01,2.203760838243954412e-01,1.471692475977772474e-01,1.671524817310078570e-01
1.295287562151739291e-01,4.190847638780809820e-02,1.931555738898628749e-01,1.660166321335821427e-01,9.817709065794122392e-02,3.712134707156318214e-01
4.263877872953283216e-02,9.753065480246316671e-03,2.203930050088873660e-01,4.191445577247552845e-01,1.698403999266657194e-01,1.382301931299124431e-01
1.678341043601605798e-01,2.973543036220056140e-02,3.181958741474986696e-01,2.253418851413617752e-01,1.282832742819604577e-01,1.306094317068180466e-01
1.894018766644665897e-01,5.501682351692274708e-02,2.983508799460909411e-01,1.936912196165130606e-01,1.523732159148777632e-01,1.111659843411289261e-01
1.336828724866371831e-01,1.753983026836167594e-02,2.254429977873992630e-01,3.272336068156069255e-01,1.290450694938741483e-01,1.670556231481206688e-01
1.343713242122206719e-01,1.203634476091605156e-02,3.373081447123421062e-01,2.163089495164033094e-01,1.602655377186424368e-01,1.397096990794756133e-01
1.052136737187847962e-02,3.455719908714414285e-02,1.715778352744582458e-01,4.609406719795094975e-01,1.587278656954210776e-01,1.636750605915885948e-01
1.694398731179098394e-01,5.990757538010239164e-02,2.618574752007972184e-01,2.120713431044707054e-01,1.431967549624722225e-01,1.535269782342476019e-01
1.149664091918878583e-01,6.051530224471269107e-03,1.998272800660589044e-01,4.475036019599728521e-01,5.534716086661289891e-02,1.763040176909962398e-01
1.444424785568675651e-01,1.244355552136620392e-02,3.225031731989692063e-01,1.774345167121812172e-01,2.116881418516096958e-01,1.314881341590060926e-01
1.378030303030303161e-01,1.225454545454545546e-02,3.217878787878787894e-01,2.350727272727272943e-01,1.624893939393939613e-01,1.305924242424242321e-01
1.118796242641931782e-01,3.477350780362776367e-02,2.637137130966422660e-01,2.401336473141081895e-01,2.166974208917766542e-01,1.328020866296520108e-01
4.347457767462124117e-02,0.000000000000000000e+00,1.475278949399935480e-01,4.039068839578139891e-01,2.031493033749087740e-01,2.019413400526624824e-01
1.163422554882099919e-01,0.000000000000000000e+00,1.932771969789421063e-01,1.168236179473619990e-01,4.296210796078591132e-01,1.439358499776268174e-01
6.281999999999999806e-01,0.000000000000000000e+00,0.000000000000000000e+00,0.000000000000000000e+00,1.794999999999999929e-01,1.922999999999999987e-01
6.431823023778571180e-02,3.236129166902176890e-02,2.443319912868429089e-01,3.057675752292421389e-01,1.306451823284651703e-01,2.225757292486424122e-01
1.724834864075370511e-01,5.489618147845995444e-02,2.428309516917112054e-01,2.227041062484100831e-01,1.819539110678351224e-01,1.251313631060466391e-01
1.308380115587801373e-01,1.477261755334556559e-02,2.243996468916812648e-01,3.455151105532490718e-01,1.034790135036345454e-01,1.809955999393095261e-01
1.735841852388896323e-01,4.105359012471382352e-02,2.782128847211552403e-01,2.219302990495324590e-01,1.885222677278932391e-01,9.669677313781549488e-02
1.818170653613691845e-01,5.489618147845995444e-02,2.824249760958622013e-01,1.932664894690211410e-01,1.570602735159697394e-01,1.305350140793178626e-01
3.575599547525062233e-02,6.126113742174812277e-02,1.796653024718935232e-01,2.339429575272688744e-01,2.653019414940667176e-01,2.240726656097720426e-01
6.936892491899891711e-02,4.990066534220456013e-02,2.240216536220482613e-01,3.183815784210455857e-01,1.287937172495632887e-01,2.095334604461392414e-01
1.546285388144560125e-01,1.967125947281512729e-02,2.937005626980236372e-01,1.758095948915702755e-01,2.251743339455448689e-01,1.310157101775901167e-01
6.983625265444820540e-02,4.937714831380037722e-02,2.272188049639896623e-01,3.174769065457761497e-01,1.283311731729651073e-01,2.077597143490204912e-01
1.314983931985518328e-01,4.152090197833190749e-02,1.444358567573797714e-01,4.756013640862926661e-01,1.070828079024800233e-01,9.986067607696375026e-02
1.820381238102757315e-01,5.489618147845995444e-02,2.299481565304350439e-01,2.310552032071019890e-01,1.596515697781520637e-01,1.424107651955753284e-01
5.122598991135222241e-02,3.514260849909875070e-03,2.561622957053979466e-01,3.704784820145748392e-01,1.583984455291501114e-01,1.602205259896149481e-01
6.449320888085763315e-02,3.259588732802096156e-02,1.856741644272904834e-01,3.904498140903685521e-01,6.501280325909387925e-02,2.617741220143685044e-01
5.785474947401230555e-02,3.436452894880385935e-03,2.347749292189407477e-01,4.151289643886853509e-01,9.328813735421698228e-02,1.955167666692641248e-01
8.662608282603533050e-02,2.412530156626957467e-02,1.655020687758597120e-01,3.960299503743796579e-01,1.756396954961937096e-01,1.520769009612620293e-01
1.418105640663120393e-01,1.220203970792347985e-02,3.969378518409958367e-01,1.158047190875625965e-01,1.992861884359078406e-01,1.339586368612981082e-01
0.000000000000000000e+00,0.000000000000000000e+00,3.309999999999999748e-02,4.966999999999999749e-01,9.270000000000000462e-02,3.775000000000000022e-01
3.980680430975000461e-02,9.009930341328780540e-03,2.383715586532225150e-01,3.532128945566298528e-01,1.307061273998971762e-01,2.288926847391715702e-01
1.688118461714826490e-01,5.451365768349882013e-02,2.243328479544572929e-01,3.015568710380034934e-01,1.283180768264514382e-01,1.224667003261063064e-01
1.445534897228935023e-01,1.246486166592691153e-02,3.217369981314351368e-01,1.777383242096957083e-01,2.117930550760851460e-01,1.317132711939635881e-01
8.726892919446058161e-02,2.620438307659828103e-02,2.150796502131536447e-01,3.281072719169261798e-01,1.961779256005402594e-01,1.471618399983209424e-01
2.466798750070590962e-02,2.488328972384843199e-02,1.450254597820153368e-01,5.596281271765525256e-01,1.481526363345443964e-01,9.764249948233345855e-02
1.132195040832011390e-01,0.000000000000000000e+00,1.874710670256228284e-01,3.978098581104463904e-01,1.369422958511800070e-01,1.645572749295496073e-01
1.574368361326451693e-02,0.000000000000000000e+00,1.111449279773214366e-01,6.526374981702659506e-01,1.196754740279220852e-01,1.007984162112259274e-01
3.998709677419354930e-02,9.767741935483869112e-03,2.147596774193548386e-01,4.084032258064515530e-01,1.025032258064516172e-01,2.245790322580645260e-01
2.829523455428915868e-02,0.000000000000000000e+00,1.220656675085578097e-01,5.370812446313414368e-01,1.464762368748317445e-01,1.660816164309798781e-01
1.312320925588379428e-01,1.225471256426224030e-02,2.121165288617571920e-01,3.668868211839252935e-01,1.067044853641943569e-01,1.708053594670230491e-01
7.332644427471400606e-02,4.677071753941763194e-02,1.227436038279204056e-01,5.346363606059858498e-01,8.884421790102074723e-02,1.336786558509412692e-01
1.000578630585346324e-01,2.075393760291751113e-02,3.174291872553553495e-01,2.490661308991430067e-01,1.386103446866504829e-01,1.740825364973990763e-01
2.742672573274267805e-02,4.685953140468595603e-03,1.867991320086799245e-01,5.424815751842482214e-01,1.016909830901691070e-01,1.369156308436915714e-01
1.332527158402604661e-01,1.244340236590803228e-02,2.192965046778146687e-01,3.895855737765449578e-01,1.025749904228264592e-01,1.428468129166455269e-01
8.275094035159488715e-02,2.193206740985693265e-02,1.624473005375061119e-01,3.485130512846736917e-01,1.736542460709780966e-01,2.107023943453903148e-01
5.586320429506675539e-02,1.153766525092411906e-02,1.912212236759323336e-01,3.286440630270090479e-01,2.549703417681573048e-01,1.577635019829106144e-01
1.778080467598300018e-01,5.443933894842108157e-02,2.574342439890687229e-01,2.142176090760967988e-01,1.674301921601420717e-01,1.286705690664413648e-01
7.332644427471400606e-02,4.677071753941763194e-02,1.227436038279204056e-01,5.346363606059858498e-01,8.884421790102074723e-02,1.336786558509412692e-01
8.301855040194694446e-02,3.277712332845732213e-02,1.854690675607451322e-01,3.301871221633937425e-01,6.508822120674701006e-02,3.034599153387099180e-01
9.331145956818040488e-02,2.072801433780359359e-02,2.215550224449550354e-01,3.796427909276311463e-01,1.772044653943176951e-01,1.075582473271120276e-01
9.043450292713778316e-02,0.000000000000000000e+00,2.043563810522560642e-01,4.552915515722216200e-01,1.125907466769012766e-01,1.373268177714832561e-01
1.333445665024158289e-01,1.246470798555030825e-02,2.807018264858948675e-01,2.851718058415219081e-01,1.370515122996352197e-01,1.512655808849819594e-01
7.202593611135754692e-02,4.596724114293088137e-02,1.210787357758655591e-01,4.803809769591200207e-01,8.729888626337733992e-02,1.932482237473487630e-01
1.312320925588379428e-01,1.225471256426224030e-02,2.642869372461139621e-01,3.582957949426583411e-01,1.263411167728044904e-01,1.075893459153230980e-01
1.308395906790692786e-01,1.220203970792347985e-02,3.285602213850358222e-01,2.382992663603368810e-01,1.009095062803348347e-01,1.891893755872996741e-01
7.627164702148288289e-02,5.547300616964568470e-02,2.271627456010295865e-01,3.057675752292420834e-01,1.315506289212468038e-01,2.037743970573528962e-01
1.778080467598300018e-01,5.443933894842108157e-02,2.574342439890687229e-01,2.142176090760967988e-01,1.674301921601420717e-01,1.286705690664413648e-01
6.823389299537856167e-02,3.277712332845731519e-02,2.119451384483941325e-01,3.440164273971184072e-01,1.288754546984426652e-01,2.141519631322088280e-01
1.694377922226023570e-01,5.489618147845995444e-02,2.205040483521496508e-01,2.780055615498653876e-01,1.281630218339079308e-01,1.489933945630148027e-01
1.103861991617520050e-01,9.563900903945789234e-02,1.379590142041390854e-01,3.443880295855216711e-01,1.360133977905797764e-01,1.756143502185495975e-01
3.557233868722707582e-02,4.151262778521114943e-02,1.614750080895157591e-01,3.701791757670938043e-01,1.356828650044213103e-01,2.555779846665308663e-01
1.464977642263978197e-01,1.237992028359935839e-02,3.175451593613707324e-01,1.765271323524909564e-01,2.005849134772963172e-01,1.464651102988446252e-01
8.857941625325548018e-02,0.000000000000000000e+00,1.294060357309008424e-01,5.335939164423884051e-01,1.404873396899379845e-01,1.079332918835173294e-01
1.817395155381673344e-01,5.473614606101794011e-02,2.315224689634622357e-01,2.303816223695730747e-01,1.596246431027762147e-01,1.419956039650031587e-01
1.813243769954803464e-01,5.451365768349882013e-02,2.337111483478824525e-01,2.294451802365429782e-01,1.595872084372995381e-01,1.414184282992958230e-01
3.244954998846124455e-02,1.325675017308136118e-02,1.615169619733839435e-01,4.795917844047283274e-01,1.724659606656580857e-01,1.407189927946870533e-01
6.861241347814758806e-02,7.340073365308100173e-02,2.048386447033636037e-01,2.901850772590824357e-01,2.358295257611584816e-01,1.271336051451668059e-01
9.581591554725729654e-02,0.000000000000000000e+00,1.495159862052449773e-01,4.620953448622957538e-01,2.063897452496647744e-01,8.618300813553701756e-02
1.778080467598300018e-01,5.443933894842108157e-02,2.574342439890687229e-01,2.142176090760967988e-01,1.674301921601420717e-01,1.286705690664413648e-01
1.010230073141105689e-01,0.000000000000000000e+00,1.405736424924579619e-01,3.441506754761263220e-01,2.432117457197410237e-01,1.710409289975640956e-01
1.697893506817300946e-01,5.511102343759632927e-02,2.183536283821086166e-01,3.173137383027777592e-01,1.280759362229976217e-01,1.113563229727897314e-01
1.443003063276126485e-01,1.241626869809010075e-02,3.234844151879546215e-01,1.770454298236072421e-01,2.115537792686735530e-01,1.311998006940618966e-01
1.817395155381673344e-01,5.473614606101794011e-02,2.315224689634622357e-01,2.303816223695730747e-01,1.596246431027762147e-01,1.419956039650031587e-01
1.813243769954803464e-01,5.451365768349882013e-02,2.337111483478824525e-01,2.294451802365429782e-01,1.595872084372995381e-01,1.414184282992958230e-01
1.168296356148986054e-01,0.000000000000000000e+00,1.684003576050064621e-01,5.632898860584047984e-01,5.714079997119960591e-02,9.433932075049050736e-02
1.333445665024158289e-01,1.246470798555030825e-02,2.807018264858948675e-01,2.851718058415219081e-01,1.370515122996352197e-01,1.512655808849819594e-01
8.174449663811365896e-02,4.954933617547598729e-02,1.974328609586968597e-01,3.536625481914236202e-01,1.054816510743562391e-01,2.121291069619337111e-01
1.322964617148806865e-01,3.602595958289887650e-03,2.324389901605902198e-01,3.733145475194254437e-01,1.345954308942985955e-01,1.237519737525151486e-01
1.820381238102757315e-01,5.489618147845995444e-02,2.299481565304350439e-01,2.310552032071019890e-01,1.596515697781520637e-01,1.424107651955753284e-01
1.820381238102757315e-01,5.489618147845995444e-02,2.299481565304350439e-01,2.310552032071019890e-01,1.596515697781520637e-01,1.424107651955753284e-01
1.445534897228935023e-01,1.246486166592691153e-02,3.217369981314351368e-01,1.777383242096957083e-01,2.117930550760851460e-01,1.317132711939635881e-01
7.156157475211742669e-02,4.562457040649830348e-02,1.969452816551074403e-01,3.066617214626495280e-01,1.841008315284604624e-01,1.951060201951668183e-01
2.726999999999999980e-01,2.172000000000000042e-01,2.172000000000000042e-01,0.000000000000000000e+00,2.172000000000000042e-01,7.580000000000000626e-02
1.820381238102757315e-01,5.489618147845995444e-02,2.299481565304350439e-01,2.310552032071019890e-01,1.596515697781520637e-01,1.424107651955753284e-01
0.000000000000000000e+00,0.000000000000000000e+00,0.000000000000000000e+00,1.000000000000000000e+00,0.000000000000000000e+00,0.000000000000000000e+00
1.665163754235023663e-01,5.394967111218393341e-02,2.360130003362155837e-01,2.726949834909523918e-01,1.259532574118296389e-01,1.448727122253161692e-01
9.329631443048533312e-02,0.000000000000000000e+00,1.404152268068177833e-01,5.456957978262243492e-01,1.085831213048314425e-01,1.120095396316411751e-01
1.282446959835168154e-01,0.000000000000000000e+00,2.683586644482185424e-01,3.228876608877815912e-01,1.640318284093554568e-01,1.164771502711277190e-01
4.649999999999999967e-02,0.000000000000000000e+00,3.952999999999999847e-01,0.000000000000000000e+00,5.000000000000000000e-01,5.809999999999999887e-02
1.524882652221338786e-01,2.686806432704453088e-02,2.654482908224883309e-01,2.247661890703102350e-01,1.458481732823993238e-01,1.845810172756238432e-01
1.694357113784052959e-01,5.489550730536567336e-02,2.205013403696893803e-01,2.089467922356804674e-01,2.091660935592078163e-01,1.370545551516512139e-01
1.660837369396374608e-01,2.687690820492624061e-02,2.373600135310479919e-01,2.789914430936716871e-01,1.629207310222731686e-01,1.277671672084435828e-01
1.185613070346447084e-01,3.845231579501990488e-02,1.532705436550990674e-01,5.224783678841441459e-01,8.954142172491325047e-02,7.769604390617892986e-02
9.123159707219884174e-02,4.845436561102912931e-02,1.468836661875889960e-01,4.011559404131692097e-01,1.382782180363116009e-01,1.739962126797021669e-01
5.138078440422422927e-02,1.708809986922933330e-02,2.659523731030011273e-01,2.987164694117517838e-01,2.023274981043747811e-01,1.645347751074187626e-01
1.408955094792974372e-01,6.504761608744008550e-02,2.164123132891249968e-01,2.707934392910088528e-01,1.228301807749117847e-01,1.840209410782168709e-01
1.383094617956911188e-01,1.225471256426223857e-02,2.366441360564007224e-01,3.235271390064409780e-01,1.270805207949805282e-01,1.621840297822242927e-01
1.634336689088934369e-01,5.805518990385560157e-02,2.327971877498346276e-01,1.906595045751876272e-01,1.727874233044388308e-01,1.822670255577897025e-01
0.000000000000000000e+00,1.474000000000000032e-01,0.000000000000000000e+00,6.320000000000000617e-02,0.000000000000000000e+00,7.894999999999999796e-01
8.287530332868241201e-02,0.000000000000000000e+00,1.087034738801761630e-01,5.734029122440147397e-01,5.392234991918451459e-02,1.810959606279421708e-01
2.482892366342157389e-02,4.705867000249506354e-02,1.064299567527191431e-01,3.858870515323358785e-01,5.986703684565065908e-02,3.759283612033776922e-01
1.558910579345088032e-01,8.497015113350125937e-02,2.757204030226700353e-01,2.066071788413098020e-01,1.763892947103274378e-01,1.004219143576826068e-01
1.058158602101955531e-01,0.000000000000000000e+00,1.563803857641486994e-01,4.495818619282906381e-01,1.106123093197620560e-01,1.776095827776030811e-01
1.820381238102757315e-01,5.489618147845995444e-02,2.299481565304350439e-01,2.310552032071019890e-01,1.596515697781520637e-01,1.424107651955753284e-01
1.061347484633128578e-02,0.000000000000000000e+00,1.633395111934826116e-01,6.759476793023907470e-01,5.369004920065600234e-02,9.640928545713942088e-02
1.502783888329052402e-02,0.000000000000000000e+00,2.258248947778551396e-01,4.383085089374346710e-01,1.892077662312458275e-01,1.316309911701738222e-01
1.813243769954803464e-01,5.451365768349882013e-02,2.337111483478824525e-01,2.294451802365429782e-01,1.595872084372995381e-01,1.414184282992958230e-01
1.277657947370484937e-01,1.429663908388564483e-02,2.133985646495940858e-01,3.860798462684811860e-01,9.878818777206950508e-02,1.596709674889211228e-01
1.051720199541673062e-01,7.475865205157597448e-02,1.400697069507998438e-01,3.525432721002719205e-01,1.343358839214002232e-01,1.931204650217847318e-01
5.668904790971311669e-02,1.667554124079533365e-02,1.811491058325432890e-01,4.436460213769010119e-01,7.239055052663020962e-02,2.294497331134170703e-01
1.051482411726401694e-01,0.000000000000000000e+00,1.292243086286860854e-01,5.156530319339792667e-01,9.832688806495765155e-02,1.516475301997368685e-01
1.670649092476624575e-01,5.418321381005268556e-02,2.159737447782746067e-01,3.005592568293425915e-01,1.261729468789347663e-01,1.360459284557329618e-01
5.570240936545821364e-02,9.280123734983132880e-03,1.596937959172788912e-01,4.007970106268083921e-01,4.208056107414765573e-02,3.324460992813237370e-01
1.820381238102757315e-01,5.489618147845995444e-02,2.299481565304350439e-01,2.310552032071019890e-01,1.596515697781520637e-01,1.424107651955753284e-01
5.237446439436109491e-02,2.138862638998563145e-02,2.056246682804955817e-01,4.256145710624085199e-01,1.074819738766844834e-01,1.875156959960646852e-01
1.743886680797579747e-01,5.384975872217854370e-02,2.406934997147019140e-01,2.664722849137144967e-01,1.562080263846759021e-01,1.083877621849711620e-01
9.408516196514864205e-02,0.000000000000000000e+00,2.389249703228946142e-01,3.015828221017733957e-01,2.266932778929190428e-01,1.387137677172642081e-01
7.332644427471400606e-02,4.677071753941763194e-02,1.227436038279204056e-01,5.346363606059858498e-01,8.884421790102074723e-02,1.336786558509412692e-01
1.083399616302379714e-01,0.000000000000000000e+00,1.435635262642098176e-01,4.368183559464670074e-01,1.113246183408693468e-01,1.999535378182159817e-01
5.877530864197531152e-02,2.586419753086419832e-02,1.880629629629629596e-01,3.062592592592592311e-01,2.886049382716049938e-01,1.324333333333333473e-01
1.694377922226023292e-01,5.489618147845994750e-02,2.205040483521495953e-01,2.849811837153609084e-01,1.328298113108239697e-01,1.373509829206031319e-01
8.662608282603533050e-02,2.412530156626957467e-02,1.655020687758597120e-01,3.960299503743796579e-01,1.756396954961937096e-01,1.520769009612620293e-01
1.563015021178369990e-01,3.081467408030321223e-02,3.167051300524967861e-01,1.323765645525400714e-01,2.184184089551199359e-01,1.453837202417030405e-01
1.825800421986249200e-01,5.518661594930239500e-02,2.270910727315152977e-01,2.322776269508221858e-01,1.597004366779879447e-01,1.431642054917473261e-01
1.694377922226023570e-01,5.489618147845995444e-02,2.386431221874260045e-01,1.988543558163811675e-01,1.881681096870970182e-01,1.500004386080335261e-01
6.983625265444820540e-02,4.937714831380037722e-02,2.272188049639896623e-01,3.174769065457761497e-01,1.283311731729651073e-01,2.077597143490204912e-01
5.306608182033420440e-02,8.673005271093719645e-03,1.699335817268750881e-01,4.750791287118842354e-01,8.839362484267715425e-02,2.048545776271354923e-01
8.426877644884646357e-02,2.152596004807789259e-02,3.724413165965476669e-01,1.740258610221681601e-01,2.218212845316334392e-01,1.259168013527263985e-01
2.145037549120841491e-02,3.517862909495389490e-02,2.171589714557577155e-01,4.112236720927173184e-01,2.003565538531869861e-01,1.146317980121757257e-01
1.048668992968064539e-01,3.386420076698248155e-02,1.393568680690132622e-01,4.980007242544951529e-01,7.971193459284926786e-02,1.441993730198533608e-01
1.443003063276126485e-01,1.241626869809010075e-02,3.234844151879546215e-01,1.770454298236072421e-01,2.115537792686735530e-01,1.311998006940618966e-01
1.388087659526421325e-01,3.965847398325721834e-02,3.402593623232698095e-01,2.166415834757857983e-01,1.621316353166981639e-01,1.025001789483469539e-01
8.662608282603534438e-02,2.412530156626958161e-02,1.655020687758596842e-01,3.960299503743796579e-01,1.756396954961937096e-01,1.520769009612620293e-01
1.195883474928344514e-01,0.000000000000000000e+00,1.722037497555114482e-01,4.620281739023015533e-01,1.568123695754796154e-01,8.936735927387272349e-02
1.820381238102757315e-01,5.489618147845995444e-02,2.299481565304350439e-01,2.310552032071019890e-01,1.596515697781520637e-01,1.424107651955753284e-01
1.985356312601717910e-01,5.648397377677229908e-02,1.994438664765794678e-01,1.865845401852800067e-01,2.409061802195544000e-01,1.180458080816420841e-01
1.308213583047651563e-01,0.000000000000000000e+00,3.323804997207792655e-01,2.262968593570395537e-01,2.016602676248936965e-01,1.088410149925222864e-01
5.530591306380602118e-02,9.039078429589994523e-03,1.827556202028597643e-01,4.804672787958285674e-01,9.212457304640318811e-02,1.803075364615124854e-01
1.448519979585925765e-01,1.808300804149022903e-02,1.582194237161892170e-01,4.097280652146926272e-01,1.110463592601277361e-01,1.580711458089077148e-01
2.116905208129776436e-02,6.152612327389141850e-03,1.991787336340184456e-01,5.428181161235492436e-01,8.410176778175457168e-02,1.465797180519907983e-01
1.195292799965537445e-01,0.000000000000000000e+00,1.902372831289433353e-01,3.878624517872005795e-01,1.527055322985370334e-01,1.496654527887652519e-01
1.699130471283823440e-01,5.518661594930239500e-02,2.175969994283802611e-01,3.046498736386992756e-01,1.280452950014753510e-01,1.246081688537604010e-01
1.807079587019040090e-01,5.418329590807022256e-02,2.369610080274917041e-01,2.280547045222445779e-01,1.595316235897343005e-01,1.405614092505553525e-01
