0.000000000000000000e+00,0.000000000000000000e+00,7.523999999999999577e-01,1.238000000000000073e-01,1.238000000000000073e-01,0.000000000000000000e+00
0.000000000000000000e+00,0.000000000000000000e+00,1.943999999999999895e-01,5.559999999999999665e-02,8.329999999999999905e-02,6.667000000000000703e-01
0.000000000000000000e+00,0.000000000000000000e+00,3.846384638463846706e-01,7.690769076907691404e-02,7.690769076907691404e-02,4.615461546154616124e-01
8.179999999999999771e-02,0.000000000000000000e+00,2.091000000000000358e-01,0.000000000000000000e+00,5.999999999999999778e-01,1.091000000000000164e-01
1.052894710528947259e-01,9.209079092090791119e-02,1.710828917108289104e-01,0.000000000000000000e+00,5.262473752624737822e-01,1.052894710528947259e-01
0.000000000000000000e+00,0.000000000000000000e+00,0.000000000000000000e+00,7.500000000000000000e-01,0.000000000000000000e+00,2.500000000000000000e-01
1.748825117488250758e-01,8.199180081991798430e-02,4.207579242075791814e-01,0.000000000000000000e+00,2.731726827317267903e-01,4.919508049195079474e-02
8.699130086991299637e-02,8.699130086991299637e-02,4.349565043495649819e-02,5.216478352164782839e-01,1.086891310868913080e-01,1.521847815218478062e-01
0.000000000000000000e+00,4.169583041695830439e-02,2.499750024997500208e-01,1.666833316668333009e-01,0.000000000000000000e+00,5.416458354164582767e-01
2.026999999999999635e-01,6.759999999999999343e-02,6.216000000000000414e-01,0.000000000000000000e+00,1.081000000000000016e-01,0.000000000000000000e+00
4.880000000000000310e-02,4.880000000000000310e-02,2.073000000000000398e-01,3.901999999999999913e-01,0.000000000000000000e+00,3.049000000000000044e-01
2.650530106021204216e-02,4.420884176835367108e-02,2.478495699139827702e-01,2.650530106021204216e-02,5.576115223044608715e-01,9.731946389277855436e-02
0.000000000000000000e+00,2.353000000000000369e-01,0.000000000000000000e+00,0.000000000000000000e+00,5.881999999999999451e-01,1.765000000000000180e-01
0.000000000000000000e+00,0.000000000000000000e+00,0.000000000000000000e+00,0.000000000000000000e+00,7.906999999999999584e-01,2.093000000000000138e-01
3.066999999999999171e-01,2.132999999999999619e-01,1.466999999999999693e-01,0.000000000000000000e+00,2.532999999999999696e-01,7.999999999999998779e-02
0.000000000000000000e+00,0.000000000000000000e+00,0.000000000000000000e+00,7.385999999999999233e-01,0.000000000000000000e+00,2.614000000000000212e-01
0.000000000000000000e+00,0.000000000000000000e+00,0.000000000000000000e+00,7.068999999999999728e-01,0.000000000000000000e+00,2.931000000000000272e-01
0.000000000000000000e+00,0.000000000000000000e+00,0.000000000000000000e+00,8.636000000000000343e-01,0.000000000000000000e+00,1.363999999999999935e-01
0.000000000000000000e+00,0.000000000000000000e+00,5.938000000000001055e-01,0.000000000000000000e+00,2.708000000000000407e-01,1.354000000000000203e-01
0.000000000000000000e+00,3.131000000000000449e-01,0.000000000000000000e+00,1.615999999999999936e-01,0.000000000000000000e+00,5.252999999999999892e-01
1.333133313331333336e-01,1.244124412441244276e-01,2.222222222222222654e-01,2.178217821782178210e-01,1.378137813781378229e-01,1.644164416441644128e-01
0.000000000000000000e+00,0.000000000000000000e+00,9.329999999999999405e-02,5.466999999999999638e-01,8.000000000000001554e-02,2.800000000000000266e-01
0.000000000000000000e+00,0.000000000000000000e+00,0.000000000000000000e+00,1.000000000000000000e+00,0.000000000000000000e+00,0.000000000000000000e+00
6.539346065393461527e-02,2.149785021497850335e-01,9.349065093490652179e-02,5.609439056094391723e-02,4.018598140185981604e-01,1.681831816818318281e-01
2.499750024997500139e-02,0.000000000000000000e+00,4.169583041695830439e-02,5.416458354164582767e-01,4.169583041695830439e-02,3.499650034996499848e-01
2.000000000000000111e-01,6.959999999999999520e-02,3.912999999999999812e-01,0.000000000000000000e+00,1.652000000000000135e-01,1.738999999999999990e-01
2.474999999999999978e-01,1.633999999999999619e-01,2.129000000000000059e-01,0.000000000000000000e+00,3.761999999999999789e-01,0.000000000000000000e+00
0.000000000000000000e+00,0.000000000000000000e+00,0.000000000000000000e+00,2.320999999999999730e-01,0.000000000000000000e+00,7.679000000000000270e-01
9.679032096790320117e-02,9.679032096790320117e-02,2.064793520647935088e-01,0.000000000000000000e+00,5.870412958704129824e-01,1.289871012898710124e-02
1.939999999999999780e-01,4.479999999999999954e-02,2.238999999999999602e-01,4.479999999999999954e-02,4.924999999999999933e-01,0.000000000000000000e+00
1.110999999999999904e-01,2.380000000000000171e-02,1.666999999999999871e-01,0.000000000000000000e+00,5.316999999999999504e-01,1.666999999999999871e-01
7.739999999999999658e-02,2.579999999999999655e-02,2.644999999999999574e-01,0.000000000000000000e+00,6.065000000000000391e-01,2.579999999999999655e-02
2.474999999999999978e-01,1.633999999999999897e-01,2.129000000000000059e-01,0.000000000000000000e+00,3.761999999999999789e-01,0.000000000000000000e+00
0.000000000000000000e+00,0.000000000000000000e+00,0.000000000000000000e+00,7.500000000000000000e-01,0.000000000000000000e+00,2.500000000000000000e-01
1.897000000000000353e-01,8.619999999999999885e-02,3.621000000000000330e-01,1.378999999999999948e-01,8.619999999999999885e-02,1.378999999999999948e-01
1.957000000000000128e-01,0.000000000000000000e+00,0.000000000000000000e+00,0.000000000000000000e+00,1.630000000000000060e-01,6.412999999999999812e-01
0.000000000000000000e+00,0.000000000000000000e+00,0.000000000000000000e+00,6.974000000000000199e-01,0.000000000000000000e+00,3.025999999999999246e-01
0.000000000000000000e+00,2.000000000000000111e-01,0.000000000000000000e+00,2.399999999999999634e-01,0.000000000000000000e+00,5.600000000000000533e-01
0.000000000000000000e+00,0.000000000000000000e+00,5.231476852314769221e-01,0.000000000000000000e+00,3.973602639736026343e-01,7.949205079492049908e-02
7.689999999999999614e-02,0.000000000000000000e+00,4.786000000000000809e-01,0.000000000000000000e+00,6.840000000000000246e-02,3.761000000000000454e-01
1.738999999999999713e-01,2.028999999999999693e-01,1.448999999999999733e-01,1.448999999999999733e-01,2.898999999999999355e-01,4.349999999999999006e-02
0.000000000000000000e+00,0.000000000000000000e+00,7.524000000000000687e-01,1.237999999999999934e-01,1.237999999999999934e-01,0.000000000000000000e+00
0.000000000000000000e+00,0.000000000000000000e+00,5.231476852314769221e-01,0.000000000000000000e+00,3.973602639736026343e-01,7.949205079492051296e-02
0.000000000000000000e+00,0.000000000000000000e+00,0.000000000000000000e+00,8.461999999999999522e-01,0.000000000000000000e+00,1.537999999999999923e-01
3.007000000000000228e-01,2.797000000000000042e-01,6.990000000000000380e-02,0.000000000000000000e+00,3.497000000000000108e-01,0.000000000000000000e+00
1.285999999999999921e-01,0.000000000000000000e+00,5.714000000000000190e-01,0.000000000000000000e+00,8.569999999999999840e-02,2.142999999999999905e-01
0.000000000000000000e+00,0.000000000000000000e+00,1.943999999999999895e-01,5.559999999999999665e-02,8.330000000000001292e-02,6.666999999999999593e-01
5.099999999999999672e-02,7.140000000000000513e-02,1.734999999999999876e-01,4.898000000000000131e-01,0.000000000000000000e+00,2.142999999999999905e-01
0.000000000000000000e+00,0.000000000000000000e+00,0.000000000000000000e+00,0.000000000000000000e+00,0.000000000000000000e+00,1.000000000000000000e+00
0.000000000000000000e+00,0.000000000000000000e+00,2.249999999999999917e-02,2.584000000000000186e-01,0.000000000000000000e+00,7.190999999999999615e-01
3.029697030296970434e-02,6.099390060993901443e-03,4.666533346665333593e-01,0.000000000000000000e+00,4.787521247875212715e-01,1.819818018198180246e-02
0.000000000000000000e+00,0.000000000000000000e+00,0.000000000000000000e+00,7.600000000000000089e-01,0.000000000000000000e+00,2.399999999999999634e-01
0.000000000000000000e+00,0.000000000000000000e+00,6.490649064906491017e-02,7.792779277927793791e-01,0.000000000000000000e+00,1.558155815581558079e-01
0.000000000000000000e+00,0.000000000000000000e+00,5.409459054094591102e-02,7.837216278372163281e-01,0.000000000000000000e+00,1.621837816218378303e-01
0.000000000000000000e+00,0.000000000000000000e+00,3.130000000000000143e-02,5.208000000000000407e-01,1.039999999999999952e-02,4.375000000000000000e-01
6.930693069306929910e-02,2.871287128712871617e-01,1.287128712871287162e-01,0.000000000000000000e+00,3.267326732673266898e-01,1.881188118811880916e-01
1.285999999999999921e-01,0.000000000000000000e+00,5.714000000000000190e-01,0.000000000000000000e+00,8.569999999999999840e-02,2.142999999999999905e-01
7.269999999999998685e-02,4.181999999999999607e-01,0.000000000000000000e+00,0.000000000000000000e+00,5.090999999999998860e-01,0.000000000000000000e+00
6.089999999999998886e-02,2.173999999999999821e-01,1.216999999999999887e-01,2.173999999999999821e-01,1.825999999999999568e-01,1.999999999999999833e-01
0.000000000000000000e+00,0.000000000000000000e+00,0.000000000000000000e+00,2.779999999999999485e-02,3.610999999999999766e-01,6.110999999999999766e-01
0.000000000000000000e+00,2.000000000000000111e-01,0.000000000000000000e+00,2.399999999999999911e-01,0.000000000000000000e+00,5.600000000000000533e-01
0.000000000000000000e+00,0.000000000000000000e+00,0.000000000000000000e+00,9.302000000000000268e-01,0.000000000000000000e+00,6.980000000000000093e-02
2.529999999999999957e-02,0.000000000000000000e+00,1.771999999999999964e-01,1.012999999999999873e-01,6.962000000000000410e-01,0.000000000000000000e+00
3.160316031603160186e-02,2.789278927892788751e-01,3.789378937893789212e-01,7.890789078907889387e-02,1.105110511051105027e-01,1.211121112111211012e-01
2.499750024997500486e-02,0.000000000000000000e+00,4.169583041695830439e-02,5.416458354164583877e-01,4.169583041695830439e-02,3.499650034996500403e-01
0.000000000000000000e+00,0.000000000000000000e+00,4.328000000000000180e-01,5.672000000000000375e-01,0.000000000000000000e+00,0.000000000000000000e+00
1.081000000000000016e-01,5.404999999999999805e-01,0.000000000000000000e+00,8.110000000000000542e-02,0.000000000000000000e+00,2.702999999999999847e-01
6.549345065493450413e-02,0.000000000000000000e+00,3.630636936306369522e-01,0.000000000000000000e+00,5.178482151784822296e-01,5.359464053594641120e-02
1.025999999999999968e-01,0.000000000000000000e+00,7.689999999999999614e-02,3.076999999999999735e-01,2.564000000000000168e-01,2.564000000000000168e-01
0.000000000000000000e+00,0.000000000000000000e+00,9.260000000000000175e-02,4.444000000000000172e-01,0.000000000000000000e+00,4.629999999999999116e-01
2.726999999999999980e-01,1.817999999999999894e-01,0.000000000000000000e+00,1.091000000000000025e-01,2.363999999999999990e-01,2.000000000000000111e-01
0.000000000000000000e+00,0.000000000000000000e+00,5.532000000000000250e-01,1.701999999999999902e-01,0.000000000000000000e+00,2.766000000000000125e-01
3.180318031803180262e-02,2.550255025502550302e-02,3.121312131213120900e-01,0.000000000000000000e+00,4.713471347134713385e-01,1.592159215921592208e-01
0.000000000000000000e+00,0.000000000000000000e+00,0.000000000000000000e+00,7.500000000000000000e-01,0.000000000000000000e+00,2.500000000000000000e-01
0.000000000000000000e+00,0.000000000000000000e+00,6.490649064906491017e-02,7.792779277927793791e-01,0.000000000000000000e+00,1.558155815581558079e-01
0.000000000000000000e+00,2.060000000000000372e-02,4.845000000000000417e-01,0.000000000000000000e+00,2.165000000000000258e-01,2.784000000000000363e-01
7.739999999999999658e-02,2.580000000000000349e-02,2.645000000000000129e-01,0.000000000000000000e+00,6.065000000000000391e-01,2.580000000000000349e-02
2.033999999999999975e-01,0.000000000000000000e+00,2.428999999999999770e-01,0.000000000000000000e+00,4.293999999999999484e-01,1.242999999999999799e-01
0.000000000000000000e+00,0.000000000000000000e+00,0.000000000000000000e+00,6.142999999999999572e-01,0.000000000000000000e+00,3.857000000000000428e-01
0.000000000000000000e+00,0.000000000000000000e+00,0.000000000000000000e+00,7.068999999999999728e-01,0.000000000000000000e+00,2.931000000000000272e-01
1.124000000000000138e-01,1.010999999999999954e-01,3.034000000000000030e-01,0.000000000000000000e+00,2.921000000000000818e-01,1.910000000000000309e-01
2.939706029397060050e-02,2.939706029397060050e-02,2.352764723527647206e-01,3.823617638236176397e-01,1.764823517648235196e-01,1.470852914708529191e-01
0.000000000000000000e+00,0.000000000000000000e+00,0.000000000000000000e+00,4.182000000000000162e-01,0.000000000000000000e+00,5.817999999999999838e-01
2.740000000000000074e-02,0.000000000000000000e+00,1.369999999999999829e-01,7.397000000000000242e-01,5.480000000000000149e-02,4.109999999999999765e-02
1.487851214878512240e-01,1.487851214878512240e-01,1.900809919008099313e-01,4.959504049595040570e-02,3.553644635536446494e-01,1.073892610738926140e-01
7.739999999999999658e-02,2.580000000000000002e-02,2.645000000000000129e-01,0.000000000000000000e+00,6.065000000000000391e-01,2.580000000000000002e-02
1.957000000000000128e-01,0.000000000000000000e+00,0.000000000000000000e+00,0.000000000000000000e+00,1.630000000000000060e-01,6.412999999999999812e-01
2.380238023802380351e-02,0.000000000000000000e+00,2.460246024602460169e-01,2.380238023802380351e-02,6.984698469846983837e-01,7.900790079007900465e-03
4.839516048395160058e-02,0.000000000000000000e+00,1.451854814518548087e-01,5.160483951604839525e-01,1.451854814518548087e-01,1.451854814518548087e-01
1.569000000000000117e-01,5.880000000000000504e-02,1.960999999999999965e-01,9.800000000000000377e-02,2.417999999999999872e-01,2.484000000000000097e-01
0.000000000000000000e+00,0.000000000000000000e+00,0.000000000000000000e+00,1.000000000000000000e+00,0.000000000000000000e+00,0.000000000000000000e+00
0.000000000000000000e+00,0.000000000000000000e+00,2.222222222222222099e-01,3.333333333333333148e-01,1.111111111111111049e-01,3.333333333333333148e-01
1.111000000000000043e-01,0.000000000000000000e+00,0.000000000000000000e+00,2.222000000000000086e-01,4.814999999999999836e-01,1.852000000000000035e-01
1.712171217121712385e-01,3.082308230823082029e-01,1.438143814381438457e-01,0.000000000000000000e+00,2.397239723972397485e-01,1.370137013701370199e-01
2.179999999999999993e-01,2.748999999999999777e-01,1.327000000000000124e-01,0.000000000000000000e+00,2.227000000000000091e-01,1.517000000000000015e-01
0.000000000000000000e+00,0.000000000000000000e+00,3.130000000000000143e-02,5.207999999999999297e-01,1.039999999999999779e-02,4.374999999999998890e-01
4.477552244775521162e-01,8.959104089591038433e-02,1.790820917908208798e-01,1.193880611938805958e-01,1.268873112688730931e-01,3.729627037296269487e-02
0.000000000000000000e+00,0.000000000000000000e+00,1.403999999999999970e-01,6.491000000000000103e-01,0.000000000000000000e+00,2.105000000000000204e-01
2.726727327267273182e-01,2.171782821717828382e-01,2.171782821717828382e-01,0.000000000000000000e+00,2.171782821717828382e-01,7.579242075792420874e-02
0.000000000000000000e+00,0.000000000000000000e+00,0.000000000000000000e+00,7.866999999999999549e-01,0.000000000000000000e+00,2.132999999999999896e-01
2.480000000000000607e-02,0.000000000000000000e+00,1.818000000000000449e-01,2.397000000000000242e-01,4.380000000000000004e-01,1.157000000000000112e-01
1.000000000000000056e-01,0.000000000000000000e+00,1.000000000000000056e-01,0.000000000000000000e+00,2.250000000000000056e-01,5.749999999999999556e-01
0.000000000000000000e+00,0.000000000000000000e+00,3.236999999999999877e-01,0.000000000000000000e+00,5.252000000000000002e-01,1.511000000000000121e-01
0.000000000000000000e+00,0.000000000000000000e+00,0.000000000000000000e+00,9.302000000000000268e-01,0.000000000000000000e+00,6.980000000000000093e-02
1.000000000000000194e-01,0.000000000000000000e+00,1.000000000000000194e-01,0.000000000000000000e+00,2.250000000000000056e-01,5.749999999999999556e-01
2.026999999999999635e-01,6.759999999999999343e-02,6.216000000000000414e-01,0.000000000000000000e+00,1.081000000000000016e-01,0.000000000000000000e+00
1.029000000000000054e-01,0.000000000000000000e+00,2.867999999999999994e-01,0.000000000000000000e+00,5.881999999999999451e-01,2.209999999999999812e-02
1.025999999999999968e-01,0.000000000000000000e+00,7.689999999999999614e-02,3.076999999999999735e-01,2.564000000000000168e-01,2.564000000000000168e-01
2.260226022602260243e-01,2.260226022602260243e-01,2.260226022602260243e-01,0.000000000000000000e+00,2.603260326032603156e-01,6.160616061606160460e-02
5.190000000000000863e-02,0.000000000000000000e+00,2.468000000000000194e-01,9.090000000000000857e-02,2.207999999999999963e-01,3.896000000000000019e-01
0.000000000000000000e+00,1.882188218821882197e-01,0.000000000000000000e+00,1.529152915291529247e-01,0.000000000000000000e+00,6.588658865886589666e-01
0.000000000000000000e+00,0.000000000000000000e+00,0.000000000000000000e+00,4.443999999999999617e-01,0.000000000000000000e+00,5.555999999999999828e-01
3.160316031603160880e-02,2.789278927892789306e-01,3.789378937893789212e-01,7.890789078907890775e-02,1.105110511051105027e-01,1.211121112111211012e-01
5.410000000000000225e-02,1.349999999999999985e-02,3.784000000000000141e-01,0.000000000000000000e+00,4.188999999999999391e-01,1.350999999999999979e-01
2.000000000000000111e-01,6.959999999999999520e-02,3.912999999999999812e-01,0.000000000000000000e+00,1.652000000000000135e-01,1.738999999999999990e-01
7.960796079607959652e-02,0.000000000000000000e+00,7.699769976997700160e-01,0.000000000000000000e+00,1.504150415041503874e-01,0.000000000000000000e+00
0.000000000000000000e+00,0.000000000000000000e+00,0.000000000000000000e+00,6.078000000000000069e-01,0.000000000000000000e+00,3.921999999999999376e-01
2.027000000000000191e-01,6.759999999999999343e-02,6.216000000000000414e-01,0.000000000000000000e+00,1.081000000000000155e-01,0.000000000000000000e+00
2.000000000000000111e-01,6.959999999999999520e-02,3.912999999999999812e-01,0.000000000000000000e+00,1.652000000000000135e-01,1.738999999999999990e-01
1.809000000000000330e-01,0.000000000000000000e+00,3.404000000000000359e-01,0.000000000000000000e+00,3.404000000000000359e-01,1.383000000000000063e-01
2.631736826317367939e-01,1.710828917108289104e-01,3.157684231576842748e-01,0.000000000000000000e+00,2.499750024997500208e-01,0.000000000000000000e+00
0.000000000000000000e+00,0.000000000000000000e+00,7.040704070407041715e-02,5.630563056305631225e-02,0.000000000000000000e+00,8.732873287328732914e-01
1.285999999999999921e-01,0.000000000000000000e+00,5.714000000000000190e-01,0.000000000000000000e+00,8.569999999999999840e-02,2.142999999999999905e-01
2.809719028097190097e-01,1.404859514048595048e-01,4.049595040495950760e-01,0.000000000000000000e+00,0.000000000000000000e+00,1.735826417358264095e-01
3.180318031803180262e-02,2.550255025502550302e-02,3.121312131213120900e-01,0.000000000000000000e+00,4.713471347134713385e-01,1.592159215921592208e-01
2.860286028602860436e-02,9.500950095009501328e-03,3.619361936193619678e-01,4.476447644764476319e-01,1.900190019001900266e-02,1.333133313331333059e-01
7.700770077007701442e-03,0.000000000000000000e+00,3.538353835383538093e-01,2.615261526152615201e-01,2.769276927692769230e-01,1.000100010001000045e-01
0.000000000000000000e+00,2.353000000000000369e-01,0.000000000000000000e+00,0.000000000000000000e+00,5.881999999999999451e-01,1.765000000000000180e-01
0.000000000000000000e+00,0.000000000000000000e+00,0.000000000000000000e+00,0.000000000000000000e+00,0.000000000000000000e+00,1.000000000000000000e+00
0.000000000000000000e+00,4.170000000000000789e-02,2.707999999999999852e-01,1.042000000000000148e-01,0.000000000000000000e+00,5.833000000000000407e-01
3.644999999999999907e-01,2.897000000000000131e-01,3.740000000000000269e-02,0.000000000000000000e+00,3.084000000000000075e-01,0.000000000000000000e+00
7.409259074092590380e-02,5.559444055594441048e-02,1.666833316668333287e-01,5.555444455554444660e-01,1.849815018498150374e-02,1.295870412958704254e-01
5.260526052605260516e-02,1.750175017501750044e-02,5.000500050005000086e-01,0.000000000000000000e+00,3.070307030703069984e-01,1.228122812281228077e-01
0.000000000000000000e+00,0.000000000000000000e+00,0.000000000000000000e+00,6.320999999999998842e-01,0.000000000000000000e+00,3.679000000000000048e-01
7.799999999999999642e-03,0.000000000000000000e+00,2.340000000000000413e-02,0.000000000000000000e+00,7.344000000000000528e-01,2.343999999999999972e-01
6.281999999999999806e-01,0.000000000000000000e+00,0.000000000000000000e+00,0.000000000000000000e+00,1.794999999999999929e-01,1.922999999999999987e-01
0.000000000000000000e+00,0.000000000000000000e+00,3.840000000000000080e-01,0.000000000000000000e+00,4.320000000000000506e-01,1.839999999999999969e-01
3.180318031803180262e-02,2.550255025502549608e-02,3.121312131213120900e-01,0.000000000000000000e+00,4.713471347134713385e-01,1.592159215921592208e-01
0.000000000000000000e+00,0.000000000000000000e+00,0.000000000000000000e+00,5.733000000000000318e-01,0.000000000000000000e+00,4.267000000000000237e-01
1.963000000000000023e-01,8.589999999999999025e-02,1.717999999999999805e-01,0.000000000000000000e+00,5.460000000000000409e-01,0.000000000000000000e+00
1.008000000000000146e-01,0.000000000000000000e+00,5.042000000000000925e-01,0.000000000000000000e+00,2.353000000000000091e-01,1.597000000000000364e-01
0.000000000000000000e+00,3.130999999999999894e-01,0.000000000000000000e+00,1.615999999999999936e-01,0.000000000000000000e+00,5.252999999999999892e-01
1.460853914608539195e-01,2.249775022497750229e-02,4.269573042695730680e-01,0.000000000000000000e+00,4.044595540445955484e-01,0.000000000000000000e+00
1.325132513251325028e-01,6.020602060206020623e-02,2.530253025302530157e-01,0.000000000000000000e+00,4.578457845784578706e-01,9.640964096409641859e-02
2.000000000000000111e-01,6.959999999999999520e-02,3.912999999999999812e-01,0.000000000000000000e+00,1.652000000000000135e-01,1.738999999999999990e-01
0.000000000000000000e+00,0.000000000000000000e+00,0.000000000000000000e+00,6.749999999999999334e-01,0.000000000000000000e+00,3.249999999999999556e-01
2.954704529547045322e-01,3.408659134086591269e-01,0.000000000000000000e+00,4.549545045495450440e-02,3.181681831816818296e-01,0.000000000000000000e+00
0.000000000000000000e+00,0.000000000000000000e+00,0.000000000000000000e+00,0.000000000000000000e+00,6.153999999999999471e-01,3.846000000000000529e-01
0.000000000000000000e+00,0.000000000000000000e+00,0.000000000000000000e+00,5.576999999999999735e-01,0.000000000000000000e+00,4.422999999999999710e-01
0.000000000000000000e+00,0.000000000000000000e+00,6.490649064906489629e-02,7.792779277927792680e-01,0.000000000000000000e+00,1.558155815581558079e-01
0.000000000000000000e+00,0.000000000000000000e+00,0.000000000000000000e+00,7.444000000000000616e-01,0.000000000000000000e+00,2.556000000000000494e-01
0.000000000000000000e+00,0.000000000000000000e+00,6.667000000000000703e-01,0.000000000000000000e+00,0.000000000000000000e+00,3.333000000000000407e-01
0.000000000000000000e+00,0.000000000000000000e+00,3.309999999999999748e-02,4.966999999999999749e-01,9.270000000000000462e-02,3.775000000000000022e-01
2.480000000000000607e-02,0.000000000000000000e+00,1.818000000000000449e-01,2.397000000000000242e-01,4.380000000000000004e-01,1.157000000000000112e-01
0.000000000000000000e+00,0.000000000000000000e+00,0.000000000000000000e+00,8.990000000000000213e-01,0.000000000000000000e+00,1.009999999999999787e-01
3.644999999999999907e-01,2.897000000000000131e-01,3.740000000000000269e-02,0.000000000000000000e+00,3.084000000000000075e-01,0.000000000000000000e+00
5.260526052605260516e-02,1.750175017501750391e-02,5.000500050005000086e-01,0.000000000000000000e+00,3.070307030703069984e-01,1.228122812281228077e-01
0.000000000000000000e+00,0.000000000000000000e+00,1.636163616361636097e-01,6.727672767276727805e-01,0.000000000000000000e+00,1.636163616361636097e-01
1.959999999999999590e-02,0.000000000000000000e+00,2.842999999999999972e-01,5.098000000000000309e-01,1.959999999999999590e-02,1.666999999999999871e-01
0.000000000000000000e+00,0.000000000000000000e+00,0.000000000000000000e+00,9.302000000000000268e-01,0.000000000000000000e+00,6.980000000000000093e-02
0.000000000000000000e+00,0.000000000000000000e+00,0.000000000000000000e+00,8.545000000000000373e-01,0.000000000000000000e+00,1.454999999999999627e-01
0.000000000000000000e+00,0.000000000000000000e+00,0.000000000000000000e+00,7.042000000000000481e-01,0.000000000000000000e+00,2.958000000000000074e-01
0.000000000000000000e+00,0.000000000000000000e+00,0.000000000000000000e+00,9.302000000000000268e-01,0.000000000000000000e+00,6.980000000000000093e-02
2.380238023802380004e-02,0.000000000000000000e+00,2.460246024602460169e-01,2.380238023802380004e-02,6.984698469846984947e-01,7.900790079007900465e-03
2.939706029397060050e-02,2.939706029397060050e-02,2.352764723527647206e-01,3.823617638236176397e-01,1.764823517648234918e-01,1.470852914708529191e-01
0.000000000000000000e+00,2.129787021297870411e-02,6.379362063793621307e-02,7.659234076592340568e-01,2.129787021297870411e-02,1.276872312768723428e-01
0.000000000000000000e+00,0.000000000000000000e+00,0.000000000000000000e+00,7.297000000000000153e-01,0.000000000000000000e+00,2.702999999999999847e-01
4.400000000000000439e-02,0.000000000000000000e+00,1.318999999999999895e-01,3.626000000000000334e-01,1.537999999999999923e-01,3.077000000000000290e-01
1.025999999999999968e-01,0.000000000000000000e+00,7.689999999999999614e-02,3.076999999999999735e-01,2.564000000000000168e-01,2.564000000000000168e-01
3.007000000000000228e-01,2.797000000000000042e-01,6.990000000000000380e-02,0.000000000000000000e+00,3.497000000000000108e-01,0.000000000000000000e+00
0.000000000000000000e+00,0.000000000000000000e+00,0.000000000000000000e+00,7.500000000000000000e-01,0.000000000000000000e+00,2.500000000000000000e-01
0.000000000000000000e+00,0.000000000000000000e+00,0.000000000000000000e+00,7.237000000000000099e-01,0.000000000000000000e+00,2.762999999999999901e-01
2.442000000000000004e-01,1.628000000000000003e-01,3.487999999999999989e-01,0.000000000000000000e+00,6.980000000000000093e-02,1.743999999999999995e-01
1.290129012901290173e-01,0.000000000000000000e+00,8.060806080608061419e-02,5.484548454845484811e-01,4.840484048404840312e-02,1.935193519351935398e-01
0.000000000000000000e+00,2.353000000000000369e-01,0.000000000000000000e+00,0.000000000000000000e+00,5.881999999999999451e-01,1.765000000000000180e-01
0.000000000000000000e+00,0.000000000000000000e+00,0.000000000000000000e+00,5.262999999999999901e-01,0.000000000000000000e+00,4.737000000000000099e-01
0.000000000000000000e+00,0.000000000000000000e+00,0.000000000000000000e+00,1.000000000000000000e+00,0.000000000000000000e+00,0.000000000000000000e+00
0.000000000000000000e+00,0.000000000000000000e+00,3.268999999999999684e-01,3.173000000000000265e-01,0.000000000000000000e+00,3.557999999999999496e-01
2.439999999999999947e-01,2.039999999999999591e-01,2.600000000000000089e-01,0.000000000000000000e+00,2.080000000000000182e-01,8.399999999999999134e-02
3.007000000000000228e-01,2.797000000000000042e-01,6.990000000000000380e-02,0.000000000000000000e+00,3.497000000000000108e-01,0.000000000000000000e+00
2.480000000000000607e-02,0.000000000000000000e+00,1.818000000000000449e-01,2.397000000000000242e-01,4.380000000000000004e-01,1.157000000000000112e-01
0.000000000000000000e+00,0.000000000000000000e+00,0.000000000000000000e+00,6.899999999999999467e-01,0.000000000000000000e+00,3.099999999999999423e-01
0.000000000000000000e+00,1.817999999999999894e-01,0.000000000000000000e+00,3.635999999999999788e-01,1.364000000000000212e-01,3.181999999999999829e-01
0.000000000000000000e+00,2.353000000000000091e-01,0.000000000000000000e+00,0.000000000000000000e+00,5.881999999999999451e-01,1.764999999999999902e-01
6.360636063606360524e-02,0.000000000000000000e+00,4.636463646364635816e-01,0.000000000000000000e+00,2.545254525452544936e-01,2.182218221822182225e-01
0.000000000000000000e+00,0.000000000000000000e+00,0.000000000000000000e+00,9.302000000000000268e-01,0.000000000000000000e+00,6.980000000000000093e-02
6.170617061706169804e-02,0.000000000000000000e+00,0.000000000000000000e+00,4.691469146914690747e-01,4.691469146914690747e-01,0.000000000000000000e+00
0.000000000000000000e+00,0.000000000000000000e+00,0.000000000000000000e+00,6.143000000000000682e-01,0.000000000000000000e+00,3.857000000000000428e-01
8.050805080508051381e-02,1.034103410341034313e-01,1.609160916091609272e-01,1.379137913791379233e-01,2.069206920692069351e-01,3.103310331033103942e-01
0.000000000000000000e+00,0.000000000000000000e+00,2.790999999999999592e-01,2.329999999999999780e-02,1.394999999999999851e-01,5.580999999999999295e-01
1.014101410141014237e-01,1.594159415941594216e-01,2.174217421742174472e-01,3.043304330433043159e-01,1.884188418841884483e-01,2.900290029002900241e-02
3.007000000000000228e-01,2.797000000000000042e-01,6.990000000000000380e-02,0.000000000000000000e+00,3.497000000000000108e-01,0.000000000000000000e+00
0.000000000000000000e+00,0.000000000000000000e+00,0.000000000000000000e+00,6.817999999999999616e-01,0.000000000000000000e+00,3.181999999999999829e-01
0.000000000000000000e+00,0.000000000000000000e+00,0.000000000000000000e+00,1.000000000000000000e+00,0.000000000000000000e+00,0.000000000000000000e+00
1.150000000000000154e-02,5.700000000000001073e-03,3.736000000000000987e-01,0.000000000000000000e+00,4.885000000000000453e-01,1.207000000000000295e-01
1.529999999999999971e-01,2.189999999999999933e-02,3.332999999999999852e-01,0.000000000000000000e+00,1.529999999999999971e-01,3.387999999999999901e-01
0.000000000000000000e+00,0.000000000000000000e+00,0.000000000000000000e+00,1.000000000000000000e+00,0.000000000000000000e+00,0.000000000000000000e+00
0.000000000000000000e+00,0.000000000000000000e+00,0.000000000000000000e+00,7.866999999999999549e-01,0.000000000000000000e+00,2.132999999999999896e-01
6.329999999999999516e-02,8.859999999999998432e-02,1.645999999999999963e-01,1.391999999999999904e-01,1.391999999999999904e-01,4.051000000000000156e-01
1.199999999999999956e-01,5.000000000000000278e-02,2.200000000000000011e-01,0.000000000000000000e+00,4.500000000000000111e-01,1.600000000000000033e-01
2.525000000000000022e-01,0.000000000000000000e+00,5.050999999999999934e-01,0.000000000000000000e+00,1.211999999999999883e-01,1.211999999999999883e-01
0.000000000000000000e+00,0.000000000000000000e+00,0.000000000000000000e+00,7.142999999999999350e-01,0.000000000000000000e+00,2.857000000000000095e-01
0.000000000000000000e+00,1.785999999999999810e-01,0.000000000000000000e+00,3.213999999999999635e-01,3.569999999999999563e-02,4.642999999999999905e-01
1.897000000000000353e-01,8.619999999999999885e-02,3.621000000000000330e-01,1.378999999999999948e-01,8.619999999999999885e-02,1.378999999999999948e-01
0.000000000000000000e+00,0.000000000000000000e+00,5.142999999999999794e-01,0.000000000000000000e+00,2.285999999999999699e-01,2.570999999999999952e-01
2.726727327267272627e-01,2.171782821717827827e-01,2.171782821717827827e-01,0.000000000000000000e+00,2.171782821717827827e-01,7.579242075792419486e-02
2.575999999999999956e-01,0.000000000000000000e+00,2.121000000000000107e-01,1.970000000000000084e-01,0.000000000000000000e+00,3.333000000000000407e-01
0.000000000000000000e+00,0.000000000000000000e+00,0.000000000000000000e+00,1.000000000000000000e+00,0.000000000000000000e+00,0.000000000000000000e+00
0.000000000000000000e+00,0.000000000000000000e+00,1.400000000000000133e-01,5.999999999999999778e-01,0.000000000000000000e+00,2.600000000000000089e-01
0.000000000000000000e+00,0.000000000000000000e+00,0.000000000000000000e+00,7.866999999999999549e-01,0.000000000000000000e+00,2.132999999999999896e-01
0.000000000000000000e+00,0.000000000000000000e+00,0.000000000000000000e+00,7.866999999999999549e-01,0.000000000000000000e+00,2.132999999999999896e-01
4.650465046504650285e-02,0.000000000000000000e+00,3.953395339533953279e-01,0.000000000000000000e+00,5.000500050005000086e-01,5.810581058105810520e-02
1.562843715628436936e-01,1.171882811718828049e-01,3.749625037496250313e-01,0.000000000000000000e+00,3.515648435156484286e-01,0.000000000000000000e+00
0.000000000000000000e+00,0.000000000000000000e+00,0.000000000000000000e+00,1.276872312768723150e-01,6.595340465953404285e-01,2.127787221277872010e-01
0.000000000000000000e+00,0.000000000000000000e+00,0.000000000000000000e+00,8.094999999999999973e-01,0.000000000000000000e+00,1.905000000000000027e-01
0.000000000000000000e+00,0.000000000000000000e+00,0.000000000000000000e+00,1.000000000000000000e+00,0.000000000000000000e+00,0.000000000000000000e+00
2.266773322667733348e-01,1.199880011998799983e-01,1.466853314668533359e-01,0.000000000000000000e+00,1.999800019998000389e-01,3.066693330666933059e-01
3.299670032996700891e-02,0.000000000000000000e+00,6.373362663733627143e-01,1.098890110988901131e-01,1.428857114288571151e-01,7.689231076892311112e-02
0.000000000000000000e+00,2.000000000000000111e-01,0.000000000000000000e+00,2.399999999999999911e-01,0.000000000000000000e+00,5.600000000000000533e-01
5.190000000000000169e-02,0.000000000000000000e+00,2.467999999999999639e-01,9.089999999999998082e-02,2.207999999999999685e-01,3.896000000000000019e-01
1.682168216821681717e-01,1.682168216821681717e-01,4.670467046704669667e-02,1.308130813081307964e-01,3.271327132713270913e-01,1.589158915891588919e-01
0.000000000000000000e+00,1.473852614738526134e-01,0.000000000000000000e+00,6.319368063193681051e-02,0.000000000000000000e+00,7.894210578942105760e-01
0.000000000000000000e+00,0.000000000000000000e+00,0.000000000000000000e+00,1.000000000000000000e+00,0.000000000000000000e+00,0.000000000000000000e+00
0.000000000000000000e+00,1.504999999999999949e-01,0.000000000000000000e+00,2.258000000000000285e-01,0.000000000000000000e+00,6.237000000000000322e-01
1.896999999999999797e-01,8.619999999999999885e-02,3.620999999999999219e-01,1.378999999999999948e-01,8.619999999999999885e-02,1.378999999999999948e-01
0.000000000000000000e+00,0.000000000000000000e+00,2.054999999999999605e-01,5.204999999999998517e-01,1.233000000000000068e-01,1.506999999999999729e-01
1.712171217121712385e-01,3.082308230823082029e-01,1.438143814381438457e-01,0.000000000000000000e+00,2.397239723972397485e-01,1.370137013701370199e-01
0.000000000000000000e+00,0.000000000000000000e+00,0.000000000000000000e+00,1.000000000000000000e+00,0.000000000000000000e+00,0.000000000000000000e+00
0.000000000000000000e+00,0.000000000000000000e+00,2.580741925807419346e-01,0.000000000000000000e+00,5.268473152684731708e-01,2.150784921507849223e-01
0.000000000000000000e+00,0.000000000000000000e+00,0.000000000000000000e+00,8.199999999999999512e-01,0.000000000000000000e+00,1.799999999999999933e-01
0.000000000000000000e+00,1.750175017501750391e-02,0.000000000000000000e+00,7.719771977197720236e-01,0.000000000000000000e+00,2.105210521052105210e-01
2.624999999999999556e-01,4.999999999999999584e-02,1.624999999999999778e-01,1.124999999999999889e-01,3.374999999999999667e-01,7.499999999999998335e-02
1.569000000000000117e-01,5.880000000000000504e-02,1.961000000000000243e-01,9.800000000000001765e-02,2.418000000000000149e-01,2.484000000000000374e-01
0.000000000000000000e+00,0.000000000000000000e+00,0.000000000000000000e+00,7.030999999999999472e-01,0.000000000000000000e+00,2.968999999999999972e-01
0.000000000000000000e+00,0.000000000000000000e+00,0.000000000000000000e+00,8.052000000000000268e-01,0.000000000000000000e+00,1.948000000000000009e-01
1.199999999999999956e-01,5.000000000000000278e-02,2.200000000000000011e-01,0.000000000000000000e+00,4.499999999999999556e-01,1.600000000000000033e-01
0.000000000000000000e+00,0.000000000000000000e+00,0.000000000000000000e+00,8.199999999999999512e-01,0.000000000000000000e+00,1.800000000000000211e-01
1.110999999999999904e-01,8.499999999999999223e-02,3.463999999999999857e-01,0.000000000000000000e+00,4.575000000000000178e-01,0.000000000000000000e+00
0.000000000000000000e+00,0.000000000000000000e+00,0.000000000000000000e+00,8.333000000000000407e-01,0.000000000000000000e+00,1.666999999999999871e-01
0.000000000000000000e+00,0.000000000000000000e+00,0.000000000000000000e+00,0.000000000000000000e+00,9.157000000000000695e-01,8.429999999999999993e-02
0.000000000000000000e+00,0.000000000000000000e+00,0.000000000000000000e+00,7.500000000000000000e-01,0.000000000000000000e+00,2.500000000000000000e-01
0.000000000000000000e+00,0.000000000000000000e+00,0.000000000000000000e+00,7.175999999999999046e-01,2.823999999999999844e-01,0.000000000000000000e+00
8.179999999999998384e-02,0.000000000000000000e+00,2.090999999999999803e-01,0.000000000000000000e+00,5.999999999999999778e-01,1.090999999999999887e-01
0.000000000000000000e+00,0.000000000000000000e+00,0.000000000000000000e+00,7.468000000000000194e-01,3.799999999999999212e-02,2.151999999999999746e-01
1.285999999999999921e-01,0.000000000000000000e+00,5.714000000000000190e-01,0.000000000000000000e+00,8.569999999999999840e-02,2.142999999999999905e-01
1.285999999999999921e-01,0.000000000000000000e+00,5.714000000000000190e-01,0.000000000000000000e+00,8.569999999999999840e-02,2.142999999999999905e-01
0.000000000000000000e+00,0.000000000000000000e+00,2.470752924707529108e-01,0.000000000000000000e+00,5.058494150584941229e-01,2.470752924707529108e-01
0.000000000000000000e+00,0.000000000000000000e+00,1.476999999999999980e-01,4.549999999999999878e-02,4.885999999999999233e-01,3.181999999999999273e-01
2.000000000000000111e-01,6.959999999999999520e-02,3.912999999999999812e-01,0.000000000000000000e+00,1.652000000000000135e-01,1.738999999999999990e-01
0.000000000000000000e+00,0.000000000000000000e+00,0.000000000000000000e+00,7.237000000000000099e-01,0.000000000000000000e+00,2.762999999999999901e-01
3.299670032996700197e-02,0.000000000000000000e+00,6.373362663733626032e-01,1.098890110988901131e-01,1.428857114288571151e-01,7.689231076892309724e-02
0.000000000000000000e+00,3.130999999999999894e-01,0.000000000000000000e+00,1.615999999999999936e-01,0.000000000000000000e+00,5.252999999999999892e-01
0.000000000000000000e+00,0.000000000000000000e+00,0.000000000000000000e+00,8.333000000000000407e-01,0.000000000000000000e+00,1.666999999999999871e-01
3.644999999999999352e-01,2.896999999999999575e-01,3.740000000000000269e-02,0.000000000000000000e+00,3.084000000000000075e-01,0.000000000000000000e+00
0.000000000000000000e+00,0.000000000000000000e+00,4.340000000000001079e-01,4.528000000000000913e-01,3.770000000000000434e-02,7.550000000000001155e-02
0.000000000000000000e+00,0.000000000000000000e+00,0.000000000000000000e+00,7.444000000000000616e-01,0.000000000000000000e+00,2.555999999999999939e-01
0.000000000000000000e+00,0.000000000000000000e+00,4.327999999999999625e-01,5.671999999999999265e-01,0.000000000000000000e+00,0.000000000000000000e+00
4.118000000000000549e-01,4.706000000000000183e-01,0.000000000000000000e+00,0.000000000000000000e+00,0.000000000000000000e+00,1.175999999999999962e-01
2.645735426457354045e-01,1.165883411658834024e-01,1.210878912108789007e-01,0.000000000000000000e+00,3.990600939906009392e-01,9.869013098690128383e-02
2.380238023802380004e-02,0.000000000000000000e+00,2.460246024602460169e-01,2.380238023802380004e-02,6.984698469846984947e-01,7.900790079007900465e-03
0.000000000000000000e+00,0.000000000000000000e+00,4.349999999999999006e-02,7.825999999999998513e-01,0.000000000000000000e+00,1.738999999999999713e-01
0.000000000000000000e+00,0.000000000000000000e+00,5.231476852314769221e-01,0.000000000000000000e+00,3.973602639736026343e-01,7.949205079492051296e-02
0.000000000000000000e+00,4.170000000000000095e-02,2.707999999999999297e-01,1.042000000000000010e-01,0.000000000000000000e+00,5.833000000000000407e-01
2.442000000000000004e-01,1.628000000000000003e-01,3.487999999999999989e-01,0.000000000000000000e+00,6.980000000000000093e-02,1.743999999999999995e-01
0.000000000000000000e+00,0.000000000000000000e+00,0.000000000000000000e+00,8.938999999999999169e-01,0.000000000000000000e+00,1.060999999999999999e-01
1.529999999999999971e-01,2.189999999999999933e-02,3.332999999999999852e-01,0.000000000000000000e+00,1.529999999999999971e-01,3.387999999999999901e-01
