9.142222131675509234e-02,1.250073685240763177e-01,2.029687533277496070e-01,2.324926774704174359e-01,1.729326642066386643e-01,1.751763151543629105e-01
5.522467375509632070e-02,4.743777167342908690e-02,2.078700812645249418e-01,2.768474450058712732e-01,1.162031319701974513e-01,2.964168963308810301e-01
4.818726283300862195e-02,6.098102362066463306e-02,2.399011410188573723e-01,8.609915204372357855e-02,2.420477059713377066e-01,3.227837145124081708e-01
1.340417956958838419e-01,4.645619348076829302e-02,2.409709971096464509e-01,1.140122335048435742e-01,2.846180663053831661e-01,1.799007139034747571e-01
3.009442807256529004e-02,1.612863163599983704e-02,1.566251066395336899e-01,4.090938736201149561e-01,1.426712255254665163e-01,2.453867345063197591e-01
4.934495230828166851e-02,9.071612042367417639e-02,1.113096768575621599e-02,4.897830889305247459e-01,7.596949115009415943e-02,2.830553795016690355e-01
1.431173452672999391e-01,6.917405084453370767e-02,2.820696094229076523e-01,1.296028924296831475e-01,2.562344715494883074e-01,1.198016304860870657e-01
1.783369094262080359e-02,2.435594034083150838e-02,7.138976372672074799e-02,6.308504531497135526e-01,4.184861262523994346e-02,2.137215392148735515e-01
7.675313989749898980e-02,9.697185470872310420e-02,2.400348344166735592e-01,8.771338344926463138e-02,2.431009261071527539e-01,2.554258614206870170e-01
1.121106464101956357e-01,6.107308790702701412e-02,1.927863690019993026e-01,1.615657874243737746e-01,1.667568510370705526e-01,3.057072582193338661e-01
4.022923445043485174e-02,1.962340569377788932e-02,1.965658691877442965e-01,4.825866055027934753e-01,4.354483053801475045e-02,2.174500546272346568e-01
2.649999999999999925e-02,4.420000000000000318e-02,2.477999999999999925e-01,2.649999999999999925e-02,5.574999999999999956e-01,9.729999999999999760e-02
1.348844630465515504e-01,1.058048053570172370e-01,1.387077946681412044e-01,7.123691575185237684e-03,3.762426379329324444e-01,2.372366074201723019e-01
5.079832788220121909e-02,3.533915210758806907e-02,1.051537383219489086e-01,1.305302589658964008e-01,4.365729312864312095e-01,2.416055914359341861e-01
1.237184170352637474e-01,8.581120326247239360e-02,2.027870842142629471e-01,2.765254994168551694e-01,2.064631166977763388e-01,1.046946793733693759e-01
3.196849784410880912e-02,2.559927591056868068e-02,2.801413053612460125e-02,5.658041007404799316e-01,1.882802026586652966e-01,1.603337923100527918e-01
2.726712111868530991e-02,1.263354389239820623e-02,1.063351055850930704e-02,4.587076451274187949e-01,1.443190719845330594e-01,3.464391073184553416e-01
6.560880967704942925e-03,0.000000000000000000e+00,6.825083148131445843e-02,5.493350114495653136e-01,2.449212020506566223e-01,1.309320740507586289e-01
8.919527926958913111e-02,2.418776943002804575e-02,2.524681258128492201e-01,1.261755412979331803e-01,1.458892831980652949e-01,3.620840009915350932e-01
7.530821502597213890e-02,1.261757268624916217e-01,2.059536795226630246e-01,1.943398293883476236e-01,2.327798565795129448e-01,1.654426926210127158e-01
1.770520413945762261e-01,1.514127088144945066e-01,2.831167054416148243e-01,5.221439127228968968e-02,2.645880900370461974e-01,7.161606303997858358e-02
5.137419758629796496e-02,3.841710219003222765e-02,2.571475562306760332e-01,3.368371916998293969e-01,8.211315196996694932e-02,2.341108003231974766e-01
9.759080359520694303e-02,2.310938829858987659e-02,7.803939353719797564e-03,5.195345928117192091e-01,1.726018399064722098e-01,1.793594360342918581e-01
1.111022223757203858e-01,9.290338479295853769e-02,2.250751952338735096e-01,1.682090836809662926e-01,2.736577674339081834e-01,1.290523464825731326e-01
5.449743145628311441e-02,3.838253370724489105e-02,1.695172563104209718e-01,2.025487106521771108e-01,2.349749247516752793e-01,3.000791431221986882e-01
1.145652309077717645e-01,5.536541664183546041e-02,2.463739983175131376e-01,1.605072693847216514e-01,3.045986689639751943e-01,1.185894157841828056e-01
1.213774806007215379e-01,7.293230148833892978e-02,2.207264395108027855e-01,1.318987201300442225e-01,2.881823449954667993e-01,1.648827132746257806e-01
5.930638338937629234e-02,5.623551837647005475e-02,2.405712120074879334e-02,4.142637527216903592e-01,6.233842798467417734e-02,3.837987963270402814e-01
7.275419400856190932e-02,3.715865226465913523e-02,1.836487981252246937e-01,5.433829071484028161e-02,6.267333398917707132e-01,2.536672499494317667e-02
8.196346994218069171e-02,4.024381068462375144e-02,2.902515009629605403e-01,2.437437970654831101e-02,4.423215872880811306e-01,1.208452514156055646e-01
6.833973483534647175e-02,6.092945941967072704e-02,4.026107986609302886e-02,4.452095477978046945e-01,1.684686516600703843e-01,2.167915264210146520e-01
1.362764317106982537e-01,1.059467526237247159e-01,2.621716499847425719e-01,8.118500605399456282e-02,3.536464110870999877e-01,6.077374853973968594e-02
8.769688729226057800e-02,4.236552749402197615e-02,1.125431554235764436e-01,3.048438801530984898e-01,2.889682231555801839e-01,1.635823264814623423e-01
1.006033728918363096e-01,9.295394415691986267e-02,3.566506058532793039e-02,4.496257404706858751e-01,1.183471838955204303e-01,2.028046979997095434e-01
1.542501271834773036e-01,6.581706322039579393e-02,2.597893298838147569e-01,3.210449704481958128e-02,4.174084990524475902e-01,7.063048361504496719e-02
9.485690436970332928e-02,1.197765405393629717e-02,3.251077528925565979e-02,3.823275728571575716e-01,7.626766479718941061e-02,4.020594286327577316e-01
1.043984335524778123e-01,8.047977251968080337e-02,2.448228568261918286e-02,4.882173931687862067e-01,1.399880958705983502e-01,1.624340192058375820e-01
9.022447064836947028e-02,7.243622356138823548e-02,9.301594598334662900e-02,3.299380121080420225e-01,2.198286826294526541e-01,1.945566650694010580e-01
9.936385552097509732e-02,5.446354378547382802e-02,3.020790585971679931e-01,1.578926923023661888e-01,2.730750452192617916e-01,1.131258045747551566e-01
5.318786933250313487e-02,2.819114848871199022e-02,2.710065323301695250e-01,1.083233519604844958e-01,1.691073825027036848e-01,3.701837153854271589e-01
6.386502442252900424e-02,8.547215263807986241e-02,1.279194976200933587e-01,4.302186454310848451e-01,1.718780825839723303e-01,1.206465973042407103e-01
7.631941470611243450e-02,2.261758036225663959e-02,2.838284331907116043e-01,1.781540654738673068e-01,2.251430981666327213e-01,2.139374081004193906e-01
7.361295575337210850e-02,4.740742236588689484e-02,2.531999355203031765e-01,2.555649445119506646e-01,1.806595439715047435e-01,1.895551978769824675e-01
8.785802750372322112e-02,8.569586484339283827e-02,1.114081009112631165e-01,3.465864671424715993e-01,2.485941789432151439e-01,1.198573606559340116e-01
6.435252131748940563e-02,8.491135746148982533e-02,5.539370607599077012e-02,4.711470575694668428e-01,1.270966822846425204e-01,1.970986752909205941e-01
9.792504316256647745e-02,3.587415885568311091e-02,3.763365582530479037e-01,1.644705606574883849e-01,1.791693104346817889e-01,1.462243686365323203e-01
0.000000000000000000e+00,0.000000000000000000e+00,3.954277110278347357e-02,4.279229436253106922e-01,7.897199783729989819e-02,4.535622874346060263e-01
2.602538007580706969e-02,2.683339043407207206e-02,6.588556222955407882e-02,6.324141896147880137e-01,5.775374614744235163e-02,1.910877314983364939e-01
4.102574907199556947e-02,3.793184628272901204e-02,5.800515480608273156e-02,3.817973232618466217e-01,6.858330194372364019e-02,4.126566246336224597e-01
2.176365518310548544e-02,9.169253430070498090e-02,2.021741994949152743e-02,1.920348134444853083e-01,1.493688526422494167e-01,5.249227244799633540e-01
4.829834773924012586e-02,4.414024764695231168e-02,1.414269297161962480e-01,2.533910848674407745e-01,2.285967187803000511e-01,2.841466712498704195e-01
2.773374786109472634e-02,3.174222371776888336e-03,4.830905554854963285e-02,7.148950492079634289e-01,2.217607410419469849e-02,1.837118509064205596e-01
1.228639656957400544e-01,4.199671352526865992e-02,2.819624449934269861e-01,3.132390582587542549e-01,1.397836568760071063e-01,1.001541606508028898e-01
2.327935045413733264e-03,6.833075528984197677e-03,1.084750740226241295e-01,5.486339350398978798e-01,1.240169713042352378e-01,2.097130090588447682e-01
6.532405766985355244e-02,4.169008918152990878e-02,1.521126435673624266e-01,3.972949861900511026e-01,1.559508121812696879e-01,1.876274112099332869e-01
9.835232806038313180e-02,1.005431587454711229e-01,2.572697403944198546e-01,1.652349327382912347e-01,2.800079565795048908e-01,9.859188348192976514e-02
1.032981303419496510e-01,4.053834151208731557e-02,3.482155626809524951e-01,1.576268711384276044e-01,1.849225758116725404e-01,1.653985185149103310e-01
1.121699533408000854e-01,1.501338272191647671e-01,2.471100102783819197e-01,1.632495507843596816e-01,1.766275337705465187e-01,1.507091246067470414e-01
8.200002834369873872e-02,7.540757389861832416e-02,1.311785742428663859e-01,2.583251582678212088e-01,2.240606506813957732e-01,2.290280145655995969e-01
2.272321789208729403e-01,1.301948822714433796e-01,5.881694488676281543e-03,9.030464942681003249e-02,2.730741728931668777e-01,2.733124219990303860e-01
7.545135845527368990e-02,7.095525258646917521e-02,1.009506616760674075e-01,4.687920413206638770e-01,7.496961266152579739e-02,2.088810733000001363e-01
2.329303282625377544e-02,0.000000000000000000e+00,3.024306827020580707e-02,5.823038577535041282e-01,1.664888290020427319e-01,1.976712121479935191e-01
2.976249071239878141e-02,5.057258831726180875e-02,2.501182045560651490e-01,1.282075064639052187e-01,2.711953299508462201e-01,2.701438799995229401e-01
7.764660557499424021e-02,9.779580216649171043e-02,1.908175136691825646e-01,3.508522465913093691e-01,8.485356493265276689e-02,1.980342670653693626e-01
1.695962403370701588e-02,4.134641827442488149e-02,1.421509333945656095e-01,3.784189942303819998e-01,1.137542133236906228e-01,3.073698167432299955e-01
0.000000000000000000e+00,0.000000000000000000e+00,4.328000000000000180e-01,5.672000000000000375e-01,0.000000000000000000e+00,0.000000000000000000e+00
1.034419020429763192e-01,1.389457183786995675e-01,1.045576364051140350e-01,1.650816390792205768e-01,2.450189308891607964e-01,2.429541732048286773e-01
1.276687350964434697e-01,8.007392107785325785e-02,1.950576148084629535e-01,1.902724589370276276e-01,2.915430274149937717e-01,1.153842426652190306e-01
1.110881454031498877e-01,4.676062508037381188e-02,2.280959462113377745e-01,2.564106372765787567e-01,1.896042664330761240e-01,1.680403795954836244e-01
1.829209619875308765e-02,0.000000000000000000e+00,5.940695453187265496e-02,4.805393900600837265e-01,2.845794070604957399e-02,4.133036185032409326e-01
1.508904935313772622e-01,6.491832703041468255e-02,1.576036032377890472e-01,1.176948219158601011e-01,3.173582582205418112e-01,1.915344960640170124e-01
1.222948243092310677e-01,8.100415992906971618e-02,1.874905685583802828e-01,1.813672786121170444e-01,1.911792273699029210e-01,2.366639412212989679e-01
9.037637325000141830e-02,1.816617781638688034e-02,2.982509937362523011e-01,1.932355598333205804e-01,2.528721137658080376e-01,1.470987815982306712e-01
4.949302168872349306e-02,5.745495227748130540e-02,1.116436837644188204e-02,4.892317499727020236e-01,7.619745277455371169e-02,3.164584549100976085e-01
4.534676485134905843e-02,6.249577191563969458e-02,2.268789752025984763e-01,2.983087315635400971e-01,1.953341818073662806e-01,1.716355746595063236e-01
1.016410989759472180e-02,6.949012739354909485e-02,1.275631015630833698e-01,3.677234310079846025e-01,1.256005940144269417e-01,2.994586361233612104e-01
1.635905822542111920e-01,5.786068142224913557e-02,2.453658877834492824e-01,2.791320356707405886e-02,2.930809571951880632e-01,2.121886877778282054e-01
8.725832786333279079e-02,3.849968906361644905e-02,3.121393729833902286e-01,9.330962626911744329e-02,2.837248616001108448e-01,1.850681222204322574e-01
6.898569179598254553e-02,5.511341768334946517e-02,1.305003604552021634e-01,4.292630400738216001e-01,4.549743250710139297e-02,2.706400574845428397e-01
2.726712111868531338e-02,1.263354389239820623e-02,1.063351055850930878e-02,4.587076451274187394e-01,1.443190719845330594e-01,3.464391073184553971e-01
4.641670602542124352e-02,2.640419035609525497e-02,5.214924395041766608e-02,3.289744323231600376e-01,1.900981199368150798e-01,3.559573074080907285e-01
7.044380603550212672e-02,2.409350732115489446e-02,2.117243110472126211e-01,3.654048611513304734e-01,1.166244998332890276e-01,2.117090146115107596e-01
1.110096443861689347e-01,6.288049031095588326e-02,1.841910823265494879e-01,1.462111848292777516e-01,1.421271205603462651e-01,3.535804775867016914e-01
7.672431085479564095e-02,0.000000000000000000e+00,3.905629266123578636e-01,2.648330785129046072e-01,1.781325482658701331e-01,8.974713575407185229e-02
1.313016232954906659e-01,5.796360585210930810e-02,1.423285346637769566e-01,2.810576658892557367e-01,1.720669158279383992e-01,2.152816544714289404e-01
1.171782835284221475e-01,5.380125925729714598e-02,2.038292630012103757e-01,1.311167931772696804e-01,3.883673070657310267e-01,1.057070939700696793e-01
6.171176902530672165e-02,8.961479126780963825e-03,0.000000000000000000e+00,3.265924741580246704e-01,1.678725124104999966e-01,4.348617652793876354e-01
1.270801270283580253e-01,6.765386358315596260e-02,7.251770934814658065e-02,3.386898426466241618e-01,1.987405618020308407e-01,1.953178955916844151e-01
1.067624428594930036e-01,4.488303107158616440e-02,1.961661240255569982e-01,2.425014232068195830e-01,2.038750660114100055e-01,2.058119128251342522e-01
1.405744840799357520e-01,1.053936099083419287e-01,1.956552209879796889e-01,5.498187957529138137e-02,4.130229526975833787e-01,9.037185275086782876e-02
1.631828602205859791e-01,6.292470774738856409e-02,1.246389027972668317e-01,2.932475716719573633e-01,6.200717338339566120e-02,2.939987841794056145e-01
1.587230114493880240e-01,9.120587230260773781e-02,2.292637194785737131e-01,8.449668433821895530e-02,1.569270091236910081e-01,2.793837033075205478e-01
6.802596579920396069e-02,3.583033590953103170e-02,1.025499472336666162e-01,3.598333659237823445e-01,2.672608599177536681e-01,1.664995252160623718e-01
1.711055927211885541e-01,1.579500954777369182e-01,2.073046166310626715e-01,1.508448349825825541e-01,2.228076646054341914e-01,8.998719558199495816e-02
1.798196979395347006e-01,1.602894333093577983e-01,1.037565271601759986e-01,8.783881210542464346e-02,2.720783293904360245e-01,1.962172000950707929e-01
1.770966353657292200e-02,0.000000000000000000e+00,1.958088216362403600e-01,4.138892265543465121e-01,1.321901697103840256e-01,2.404021185624560797e-01
1.698357653498231423e-01,3.322030441770943560e-02,2.501660929175351655e-01,2.243794043120239945e-01,1.184943742592714788e-01,2.039040587436367347e-01
9.891979947323867317e-02,5.421263851294279290e-02,2.330179168746066010e-01,2.760097735064550584e-01,2.008767772680707109e-01,1.369630943646862331e-01
4.692579170971648145e-02,1.280255307772190654e-01,1.479005107695116339e-01,8.325793375631514170e-02,3.091414848816204652e-01,2.847487481056172332e-01
3.366231728608002488e-02,3.125430741608416912e-02,1.482005522747795456e-01,4.524682300445749816e-01,9.225168846777234699e-02,2.421629045107090150e-01
1.366246737508131637e-01,7.370706021633606497e-02,1.644808892154680513e-01,1.342793857516482448e-01,3.587300740950609135e-01,1.321779169706735757e-01
1.237492977902924784e-01,3.552009866443586045e-02,1.635195429813079415e-01,2.144133295915348347e-01,1.241700490663665141e-01,3.386276819060622389e-01
6.055398452456099007e-02,4.055341791371824822e-02,3.809394664997114432e-01,6.586273462306604931e-02,2.805715748157148748e-01,1.715188216232284013e-01
6.916647950009773699e-03,0.000000000000000000e+00,3.739365388058812217e-02,6.797951232752066364e-01,1.290939329063868213e-01,1.468006419878085944e-01
7.538185667801236556e-02,6.740730996034974276e-02,6.897965418370695379e-02,3.679710420711755914e-01,8.770577124311225437e-02,3.325543658636431199e-01
1.436610722524792050e-01,1.764645075188785162e-01,2.934965863831817123e-01,1.405093565209150075e-01,1.998091999970777743e-01,4.605927732746783326e-02
1.319253085715465512e-01,3.851904626136108678e-02,3.260532168696317901e-01,0.000000000000000000e+00,4.670525043397669718e-01,3.644992395769355853e-02
6.314736157152858742e-02,2.746240163748270291e-02,9.233407712213988205e-02,3.085304139678073376e-01,2.925856121521080433e-01,2.159401335489335161e-01
2.418985290619347084e-01,9.112656813240646581e-02,1.621583747068053583e-01,1.121541987901563397e-01,2.285882299991602862e-01,1.640740993095367584e-01
9.576017197826924843e-02,4.975929230605057041e-02,2.787803470241089765e-01,1.825922307188214966e-01,2.615384810600772103e-01,1.315694769126724284e-01
3.487375553603111467e-02,9.096282787345408294e-02,8.967901695201492551e-02,6.567003536909700456e-02,2.292417705397104266e-01,4.895725937296924180e-01
9.857794405657416270e-02,6.342900228669519358e-02,1.093035492300689082e-01,1.706499542042398676e-01,2.263897890138380775e-01,3.316497612085838598e-01
8.490515249951291477e-02,9.284249949404667357e-02,2.199210916926808146e-01,1.684216723241855618e-01,2.791312789271055972e-01,1.547783050624685630e-01
6.082968989072763677e-02,3.814741462741699785e-02,8.984988598584146835e-02,2.826089350669120925e-01,1.790711939091374771e-01,3.494928805199642996e-01
1.575721868040791951e-01,8.598872200217816397e-02,2.389846153843694643e-01,1.941983131941229235e-01,2.100743951811739618e-01,1.131817674340762359e-01
7.586445455212555145e-02,3.941815611236988703e-02,3.437590293651008322e-01,2.518328066163201262e-01,2.234176661366426564e-01,6.570788721744090510e-02
8.141773995884978021e-02,5.256172950643825392e-02,1.464803393992384628e-01,3.257866309712057484e-01,1.332932280536071878e-01,2.604603321106606639e-01
6.098083001245636209e-02,3.966961352950597319e-02,2.468647958635323270e-01,4.291681588108052225e-01,6.724958414806883611e-02,1.560670176356312999e-01
2.462131622066315306e-01,1.218033184123892138e-01,2.524556825095448653e-01,6.897166466189448564e-02,2.239823110602212342e-01,8.657386114931867049e-02
1.941332472552901034e-01,7.377000343060766130e-02,2.150988428816812958e-01,2.409007696597081638e-01,1.394433823009203210e-01,1.366537544717924824e-01
1.768028238251242723e-01,9.016247473537214452e-02,1.719885756155442869e-01,1.403398798414624560e-01,2.112006217666884400e-01,2.095056242158082893e-01
9.336286103719676488e-02,2.718437798584626142e-02,1.151017605601035165e-01,2.602495263849510798e-01,9.527002193204836544e-02,4.088314520998539980e-01
3.347934474497601259e-02,4.132713303236914409e-03,3.260065691774791108e-01,7.749663986229861357e-02,3.481920014742754255e-01,2.106927314377338711e-01
8.647664438994591418e-02,1.071996547476050526e-01,1.951254309642150575e-01,1.415233139064229761e-01,3.421773840261141952e-01,1.274975719656968876e-01
5.286037637414495172e-02,2.033858983083109903e-02,2.454311468177119704e-01,1.298726456416559594e-01,4.829851465385000542e-01,6.851209479715590633e-02
7.456116061041015430e-02,6.621456325668535932e-03,2.269898333882368613e-01,3.861846356250696610e-01,1.147285534520283701e-01,1.909143605985862968e-01
1.046440650777694242e-01,2.830425293390140262e-02,2.793460321942954350e-01,2.220910511944590160e-01,1.862186744490009482e-01,1.793959241505738711e-01
2.510339075193566277e-02,1.151209120850626016e-01,1.142641937064824142e-01,1.390649586763021972e-01,2.566825966737192322e-01,3.497639481064979683e-01
1.448826423925105578e-01,2.533572747230592934e-02,2.867916723442232585e-01,7.180357443650357829e-02,1.050282739762904705e-01,3.661581093781662299e-01
1.089363428648344907e-02,7.695322219860353807e-02,1.695797921895038363e-01,2.167735881100103790e-01,5.982753550324269864e-02,4.659722277121561840e-01
8.743080460097661655e-02,5.001295929983263361e-02,2.382714934712133470e-01,2.889252231962614603e-01,2.693103407171072439e-01,6.604917871460862233e-02
5.793434271751581738e-02,6.602127409441010952e-02,1.903079432879946353e-01,2.604764471004246129e-01,2.814417262211061366e-01,1.438182665785486258e-01
1.275472177633649451e-01,3.756719902523025095e-02,3.208405246967526714e-01,1.778590026720008876e-01,1.664808948452075610e-01,1.697051609974436492e-01
6.119126080117229249e-02,2.891883339796395488e-02,1.545118884941918957e-01,3.693812807495049366e-01,1.415384051046857938e-01,2.444583314524811646e-01
2.984645616784391969e-02,1.331753424545030311e-02,2.648273527854160814e-01,2.374951470536709741e-02,5.228731495732158452e-01,1.453859925227068695e-01
6.281999999999999806e-01,0.000000000000000000e+00,0.000000000000000000e+00,0.000000000000000000e+00,1.794999999999999929e-01,1.922999999999999987e-01
8.313058538387899099e-02,3.943476879071201868e-02,2.617445055681550392e-01,1.577592996118017399e-01,3.264807862531005078e-01,1.314500543923517450e-01
9.730444528140852478e-02,1.834877887268763358e-02,1.600774422542524389e-01,1.363564588626702268e-01,3.783167223401858181e-01,2.095961523887953093e-01
0.000000000000000000e+00,1.809823913327748141e-02,2.809579168657109008e-02,6.542663346615008590e-01,6.196446627248936023e-02,2.375751682461611225e-01
1.828625537483803964e-01,1.170740807023071539e-01,2.099844380234671126e-01,1.616577699564646087e-01,1.986531945379576836e-01,1.297679630314230448e-01
1.728206400879691296e-01,1.110619888709215158e-01,2.966219859347433707e-01,9.079138111673096256e-02,2.439722445126775441e-01,8.473175947695738008e-02
2.713611748630369996e-02,1.327384317978611006e-01,1.308050278880338035e-01,8.135515849037157354e-02,2.003190922874710234e-01,4.276461720499587504e-01
1.254615466125806322e-01,5.866782881203341793e-02,2.841591569212938984e-01,1.586391272293292964e-01,2.737329267225985796e-01,9.933941370216400890e-02
1.189934002047935979e-01,8.254363865674967105e-02,2.882555581940679512e-01,0.000000000000000000e+00,3.984750490588658267e-01,1.117323538855229531e-01
1.145435229965856283e-01,5.533476609871715302e-02,2.462983996498741279e-01,1.608766523363818479e-01,3.042678038084671299e-01,1.186788551099740574e-01
6.921723857774876587e-02,5.381125143554430640e-02,9.637030770084377418e-02,3.789313607506213377e-01,1.574114384343135442e-01,2.442584031009282231e-01
1.193306306094389507e-01,9.990633532573184317e-02,1.021117223513644673e-01,2.665732749912633551e-02,2.842348344162770601e-01,3.677591497980613466e-01
4.324637849038687892e-02,7.888928905456300822e-02,9.598114151523177984e-02,3.517207303160739262e-01,2.317101370055486553e-01,1.984523236181956474e-01
9.848993536592490217e-02,5.397705304285907446e-02,2.064358705240580127e-01,2.605882437902719007e-01,2.000038507457745918e-01,1.805050465311114072e-01
1.321981013643721836e-01,7.970562799752925476e-02,1.016059017895627886e-01,3.594218128975559812e-01,9.721956697563964578e-02,2.298489889753400905e-01
1.739743786898664268e-01,3.793414116468013519e-02,2.298968433003359124e-01,2.286573604085454237e-01,1.352375908652976855e-01,1.942996855712744997e-01
1.013763915522690878e-01,6.947427412068070407e-02,3.332213123350054595e-01,2.113556012883373025e-01,1.093600675182948012e-01,1.752123531854126171e-01
0.000000000000000000e+00,0.000000000000000000e+00,3.309999999999999748e-02,4.966999999999999749e-01,9.270000000000000462e-02,3.775000000000000022e-01
9.455284898407578797e-02,9.277570333972939842e-02,1.458096746291192847e-01,1.804622820188387655e-01,2.528113887876505261e-01,2.335881022405863205e-01
1.016889751051360952e-01,2.960868492611835184e-02,1.049326680571069648e-01,4.478566542218844204e-01,1.037662168970386323e-01,2.121468007927154731e-01
8.741834030805641087e-02,5.000582936230815040e-02,2.382375250581039994e-01,2.889885740645248835e-01,2.693099685822348266e-01,6.603976262477168069e-02
1.246104938793191896e-01,3.464629904416838962e-02,2.623004038429271323e-01,2.230089477363341177e-01,1.485527214328866974e-01,2.068811340643643693e-01
2.097232994538735310e-02,1.132729371837600668e-02,1.405878154674304881e-01,3.740204676329327294e-01,1.039913158157933504e-01,3.491007774200800551e-01
3.293581291024719887e-02,2.694331840005839696e-02,1.786523088210639210e-01,4.887177297208038507e-01,9.891657742900476780e-02,1.738342527188218856e-01
6.891109585016508624e-03,0.000000000000000000e+00,1.378221917003301725e-02,7.233470522514798828e-01,1.286172788969869585e-01,1.273623400964836450e-01
3.790450441433714651e-02,1.245927479012297855e-02,1.412160867889764304e-01,5.590019725794107552e-01,1.059943588486023519e-01,1.434238025785502524e-01
7.411134201433666746e-02,6.633780035781074169e-02,6.781438794289618155e-02,3.736362190371645409e-01,8.618027651510191955e-02,3.319199741326900877e-01
0.000000000000000000e+00,0.000000000000000000e+00,6.629864081892572480e-02,5.183010006866289876e-01,1.069252515463125358e-01,3.084751069481326269e-01
4.133021118070170918e-02,3.402697613586336961e-02,4.703780270161810745e-02,5.065292863004039470e-01,1.691974998880498016e-01,2.018782237933630652e-01
7.041321986761912843e-02,2.412088202790377972e-02,2.117732766708265435e-01,3.654418159102752472e-01,1.165050662012305643e-01,2.117457393221446049e-01
7.104203666974391596e-02,6.663004613448976488e-02,1.249576019357368784e-01,3.392568678205137300e-01,1.409837659333107729e-01,2.571296815062050767e-01
0.000000000000000000e+00,6.681323305309063050e-03,1.872080588879735108e-01,5.881967777422166810e-01,4.031720092566399433e-02,1.775966391388367482e-01
1.595741302396927463e-01,3.084833270673875694e-02,2.470455763486421041e-01,2.317319398563420785e-01,1.196728321030736536e-01,2.111271887455106744e-01
5.189405192056988775e-02,1.487713833334241946e-02,1.252493043980728304e-01,2.998592973780573878e-01,3.125656168070237717e-01,1.955545911629336386e-01
1.370823272043277252e-01,1.419217184234657370e-01,7.514858853353226231e-02,3.472207166931515210e-01,1.694790035152668461e-01,1.291476456302559084e-01
4.949302168872349306e-02,5.745495227748130540e-02,1.116436837644188204e-02,4.892317499727020236e-01,7.619745277455371169e-02,3.164584549100976085e-01
9.829734262259183508e-02,2.443711811459882421e-02,1.294217559046849098e-01,2.820283251622803800e-01,1.058128313827965683e-01,3.600026268130475104e-01
1.348250724325989192e-01,5.410227943821196983e-02,1.621779026025550186e-01,3.260171626072738693e-01,1.880640928473380213e-01,1.348134900720221463e-01
2.319456044639248149e-02,0.000000000000000000e+00,3.777062540484102393e-02,4.785005043037823813e-01,7.247795782026562883e-02,3.880563520247184428e-01
3.361408356461507291e-02,3.938204556845151250e-02,2.507094721313858909e-01,1.665661357829279210e-01,4.023048106522960632e-01,1.074234523003235742e-01
3.655654917221475703e-02,3.350217432886697794e-02,5.247649678104416432e-03,5.656444641941450469e-01,3.981936885628568901e-02,3.192297937703831301e-01
0.000000000000000000e+00,3.801420222761712348e-02,8.169903130686775872e-02,4.697376052506012645e-01,2.996947933828870703e-01,1.108543678320269010e-01
1.125373775349458871e-01,2.348403518816657293e-02,3.070238991400194850e-01,1.734242437646701107e-01,1.540221179822220676e-01,2.295083263899758974e-01
1.441645316115209574e-01,9.221059112194865404e-02,2.548989266583442381e-01,1.564049275872691491e-01,2.386545224806703724e-01,1.136665005402465733e-01
6.403654056387722560e-02,8.473883560042622110e-02,5.524030083202650931e-02,4.716208697721395726e-01,1.268543726685642525e-01,1.975090805629663160e-01
1.274063359414092655e-01,7.375412152017736533e-02,2.293312390641606691e-01,1.740235713503313908e-01,3.008305337247471067e-01,9.465419839917414702e-02
8.764733735863126929e-02,1.460244019457118680e-02,7.932161200894573272e-02,5.694461788891113097e-01,3.438764359393963604e-02,2.145947879548008308e-01
3.999757571798624040e-02,6.859443295128013485e-02,1.049847062439726725e-01,4.281470477678817610e-01,1.667240828823796372e-01,1.915521544364995055e-01
2.336305841793612920e-02,9.008230122591066868e-02,9.472385174436698252e-02,2.285974544465957936e-01,2.714988969179277789e-01,2.917344372472626124e-01
5.567917575412720949e-02,6.099323771640278828e-03,3.769415289012962300e-01,1.866180976593935156e-02,3.411960280237554821e-01,2.014221337832415304e-01
6.906407446378790525e-03,0.000000000000000000e+00,3.733829037920601696e-02,6.799956184867813613e-01,1.289028017546756666e-01,1.468568819329580943e-01
1.612552634777440208e-01,4.879097954984400187e-02,2.312730851087874684e-01,1.403958358925615213e-01,2.582281982165207102e-01,1.600566377545423469e-01
4.495903019273849582e-02,5.027014393313698759e-02,7.893561487145488165e-02,5.316712925122504263e-01,2.221214135316112656e-02,2.719517771372581549e-01
2.461052152209173075e-02,2.207425333505996790e-02,9.822054876318966898e-02,4.095777141088152162e-01,2.221988572244846527e-01,2.233181050463587947e-01
6.423418581892971491e-02,5.685456980562421381e-02,8.995380115962556267e-02,2.782303310636181637e-01,1.974887336938327687e-01,3.132383784583696040e-01
3.134918790400900018e-02,2.764639095607774807e-02,7.442715796014340301e-02,5.411257406058738173e-01,1.856943340662094710e-01,1.397571885076866194e-01
6.403654056387722560e-02,8.473883560042622110e-02,5.524030083202650931e-02,4.716208697721395726e-01,1.268543726685642525e-01,1.975090805629663160e-01
1.742845153744647380e-02,0.000000000000000000e+00,3.492778476791678216e-02,5.610082297961632714e-01,1.445717882414808420e-01,2.420637456569925683e-01
4.930730705083348486e-02,5.688277825255205755e-02,0.000000000000000000e+00,5.236745967670730639e-01,5.309504265169277815e-02,3.170402752778484490e-01
1.129255256789014200e-01,8.302458101932343182e-02,2.853793668557907393e-01,1.627079305404519061e-01,2.604357363423555061e-01,9.552685956317694127e-02
1.060631312289590372e-01,3.088230392320255938e-02,1.966434452184927240e-01,2.786073797540082331e-01,1.744608513049565046e-01,2.133428885703810007e-01
3.803722148791357366e-02,3.028413306273954400e-02,9.022182983242998944e-02,3.708906700903768505e-01,4.302014688907853518e-02,4.275459986374614552e-01
3.366231728608002488e-02,3.125430741608416912e-02,1.482005522747795456e-01,4.524682300445749816e-01,9.225168846777234699e-02,2.421629045107090150e-01
1.138052206430696309e-02,1.069281522855197314e-01,1.248798907384144480e-01,2.455494000209839656e-01,1.651123184518900611e-01,3.461497164388848691e-01
1.523556211836980256e-01,9.589755004191186094e-02,2.021936702063110713e-01,1.581996743178357978e-01,2.643008007318479180e-01,1.270526835183953818e-01
8.128201707091001205e-02,5.010814205721868947e-02,2.202164363263904578e-01,3.055455212270813403e-01,2.148818780026508224e-01,1.279660053157485600e-01
1.425604036654789519e-01,5.803051619712521619e-02,1.457665288607269960e-01,2.976030815005407670e-01,1.357573101113294378e-01,2.202821596647987767e-01
1.683943291545317300e-01,1.097514320711824448e-01,3.215511590000096898e-01,5.408371554124918185e-02,2.504395442787119008e-01,9.577981995431499029e-02
1.037017283621393532e-01,7.106785113085217764e-02,2.784546409106817833e-01,2.162036033933898704e-01,1.838697311621860508e-01,1.467024450407506675e-01
2.149065049513488451e-02,2.149065049513488451e-02,1.758272722779909147e-01,3.361748877790656787e-01,2.157964910684172788e-01,2.292200478842562894e-01
2.726999999999999980e-01,2.172000000000000042e-01,2.172000000000000042e-01,0.000000000000000000e+00,2.172000000000000042e-01,7.580000000000000626e-02
1.994018535513987778e-01,3.274695194758317496e-02,2.860129408780455740e-01,1.168412708625755220e-01,1.679318424023712453e-01,1.970651403580258587e-01
0.000000000000000000e+00,0.000000000000000000e+00,0.000000000000000000e+00,1.000000000000000000e+00,0.000000000000000000e+00,0.000000000000000000e+00
1.081757011775295457e-01,1.833681928275820994e-02,7.155302534614248200e-02,3.744771318097351309e-01,9.165114615452284175e-02,3.358061762293116370e-01
3.370455107772572095e-02,3.129352004355194505e-02,1.483864893032187382e-01,4.536119056788349146e-01,9.236743030920888109e-02,2.406361035874598486e-01
7.184657096412565280e-02,4.973610022348953774e-02,1.750730662175538355e-01,3.930009463638864942e-01,1.921833478575652732e-01,1.181599683733793871e-01
4.649999999999999967e-02,0.000000000000000000e+00,3.952999999999999847e-01,0.000000000000000000e+00,5.000000000000000000e-01,5.809999999999999887e-02
8.812987198677545153e-02,6.586418378651918981e-02,1.366717076961248278e-01,2.416649296177683093e-01,1.172986288904001029e-01,3.503706780224121742e-01
1.601688859520995767e-02,1.391766790213290299e-02,2.182197762992382495e-01,2.657571847237411022e-01,3.422512660766969805e-01,1.438372164029808054e-01
5.786280030221827714e-02,2.109111595431506156e-02,1.298632658478551249e-01,3.642267063179460140e-01,2.879750711367337068e-01,1.389810404409319300e-01
6.993444088643319123e-02,2.985505371175218008e-03,7.747200343271801182e-02,4.927950384294130237e-01,1.120808658008844716e-01,2.447321460793760450e-01
2.137495197611963549e-01,8.827054320358743156e-02,2.091639800041603103e-01,1.058275928303927249e-01,2.045426388901486758e-01,1.784457253105145857e-01
7.345658238975491527e-02,4.003945766246790050e-02,2.976665521619796251e-01,2.888462109283534973e-01,1.078110813818953378e-01,1.921801154755486962e-01
1.521557568008170547e-01,1.014447468216466003e-01,6.600193057539309460e-02,3.277939307192351270e-01,1.131793055922868940e-01,2.394243294906212849e-01
4.255711935045131122e-02,5.044321987343689667e-02,2.298637507181224837e-01,2.830842963217992669e-01,1.972845462090315194e-01,1.967670675271585290e-01
7.819894352725632880e-02,7.357446059522773640e-02,5.482871068607227116e-02,2.417435783198759180e-01,1.726321240654530575e-01,3.790221828061146603e-01
0.000000000000000000e+00,1.474000000000000032e-01,0.000000000000000000e+00,6.320000000000000617e-02,0.000000000000000000e+00,7.894999999999999796e-01
0.000000000000000000e+00,0.000000000000000000e+00,0.000000000000000000e+00,7.042906593215660926e-01,0.000000000000000000e+00,2.957093406784339074e-01
2.992647748713121378e-02,1.503352687468623716e-01,3.760755456302323357e-02,1.201012660232278206e-01,2.393492449310546596e-02,6.380945086866498528e-01
1.547619081312053002e-01,7.288851215505680325e-02,2.310737834054008011e-01,1.665601610059990467e-01,3.146891504622282287e-01,6.002648484010979918e-02
4.178218087793377639e-02,1.827674225927008664e-02,8.067078802858533570e-02,4.346853809179827555e-01,7.143110766425854463e-02,3.531538002519694075e-01
2.380774647775220354e-01,8.447041336028666969e-02,3.464856460428072382e-01,0.000000000000000000e+00,2.333122135577772593e-01,9.765426226160663081e-02
9.775848018948687934e-02,2.314886725009629442e-02,7.805476398787224157e-03,5.190778623481566711e-01,1.726358351484432174e-01,1.795734786650296511e-01
1.313558842132405910e-02,0.000000000000000000e+00,2.846899708027900155e-01,3.762642060805028166e-01,1.424765023918950213e-01,1.834337323034880285e-01
1.020558339448748436e-01,2.971550287552688491e-02,1.053112290251403405e-01,4.305742455268336544e-01,1.041405697105621114e-01,2.282026189170621999e-01
0.000000000000000000e+00,2.991310829103656452e-03,8.978872654793515484e-02,5.195564217257954143e-01,4.772727776880120176e-02,3.399362631283645020e-01
1.721781767011353048e-01,8.129482147128221092e-02,1.338561683040167816e-01,2.950094487380904851e-01,1.515056457446856686e-01,1.661557390407894519e-01
8.352182486552799101e-02,4.164032571723592924e-02,2.289623735601526155e-01,2.204321749189929736e-01,2.728257760773741825e-01,1.526175248607163915e-01
3.999997683641289686e-02,2.764927879971126531e-02,1.064391688459448287e-01,4.318849559493727064e-01,1.128057665724345182e-01,2.812208529961238157e-01
1.278061079547064376e-02,4.260203598490214585e-03,2.251935399713868857e-01,3.823266139549735820e-01,2.033697130580338908e-01,1.720693186216447623e-01
1.199275249379666425e-01,3.340117683549172906e-02,1.688718741130709466e-01,1.491174059065289437e-01,1.877528818035029967e-01,3.409291364034388594e-01
1.029328055905060352e-01,2.997084989930981838e-02,1.062161744677644765e-01,4.272278876406595538e-01,1.050354556104252379e-01,2.286168267913348540e-01
4.347696044686257671e-02,6.438302990728531072e-02,1.185985647118093650e-01,3.774013294899556947e-01,2.009985803773324808e-01,1.951415350667545512e-01
8.640215248925010860e-02,7.105548367613147287e-02,1.119136619551721751e-01,4.077129788964131141e-01,8.793801770995791911e-02,2.349777052730752380e-01
6.775407838876902622e-02,4.690305449617906963e-02,2.090115893919821111e-01,2.837651184578492414e-01,2.366617210271421134e-01,1.559044382380784799e-01
4.949302168872349306e-02,5.745495227748130540e-02,1.116436837644188204e-02,4.892317499727020236e-01,7.619745277455371169e-02,3.164584549100976085e-01
6.138430234735695740e-02,8.267880098654046758e-03,6.461246380696993030e-02,4.913393746062632572e-01,8.634086033184207309e-02,2.880551188089138237e-01
5.298172079505867466e-02,3.019865870534162167e-02,2.344692322334442358e-01,8.510650061091387664e-02,4.235823933799454100e-01,1.736614942752962854e-01
1.154857490733739583e-01,2.414164739756546885e-02,2.125685929160794907e-01,2.194657574376884801e-01,2.552905253598345969e-01,1.730477278154580745e-01
1.641304249548852512e-01,3.206219385050267795e-02,2.514841817355526477e-01,2.266448241981388334e-01,1.183493430405455626e-01,2.073290322203749925e-01
1.472056746914943703e-01,2.392184315372044082e-02,3.171798144381545170e-01,1.914209746081211583e-01,1.439053906079013623e-01,1.763663025006080576e-01
9.755179190285320767e-02,3.728804354315080893e-02,2.603550676419216225e-01,1.052673478524648876e-01,3.434826725430786265e-01,1.560550765165308329e-01
1.360079421558866575e-01,5.098917967329057166e-02,1.168097140847234733e-01,1.566476164040589703e-01,3.007371027849818912e-01,2.388084448970584639e-01
1.010060661809600302e-01,5.533385046653289258e-02,2.116942520038588571e-01,1.820046895160978839e-01,3.141248651621647014e-01,1.358362766703856972e-01
1.485848293854413749e-02,7.437414452186559728e-03,3.223926738175641321e-02,5.552155423580062976e-01,1.054499441744115168e-01,2.847993486950949893e-01
1.039422084174429634e-01,3.274845030285566255e-02,2.943072978084491642e-01,2.308803184976757628e-01,1.604855453091442175e-01,1.776361796644320423e-01
3.753392507696910046e-02,1.173615272574857898e-01,7.230031533409694844e-02,3.521245229115534808e-02,4.365975058251391205e-01,3.009942742151536788e-01
1.079399592349675335e-01,4.057486072075584815e-02,9.845753729020080558e-02,4.323045847212245163e-01,5.646121545610594678e-02,2.642618425767455093e-01
9.814999999999997338e-02,4.989999999999999991e-02,2.982499999999999596e-01,1.677000000000000157e-01,3.111666666666667025e-01,7.483333333333332116e-02
1.177974785111958744e-01,9.314798226633089206e-02,2.330330801418961928e-01,2.996657906869886201e-01,1.313699552189054043e-01,1.249857131746830025e-01
1.739337391918762965e-01,3.794770879426299925e-02,2.297496413914719149e-01,2.288052143988826004e-01,1.352200489916371984e-01,1.943436472318690322e-01
1.850166209924871893e-02,8.492617914764698239e-02,1.096505492989978819e-01,2.995523450046354563e-01,1.792508807560281581e-01,3.081183836934428544e-01
1.494232296679421923e-01,9.702145008389143066e-02,9.506217736234504057e-02,2.911382319673678776e-01,8.517329433242862291e-02,2.821816165860248082e-01
1.023658755110507246e-01,3.280030144123924352e-02,1.460861090530782280e-01,2.850280487822939302e-01,3.123482351232184095e-01,1.213714300891194781e-01
3.272007079029732451e-02,8.769521847553475580e-02,6.581001117647304610e-02,2.826391599701214563e-01,2.703341531557396649e-01,2.608013864318337038e-01
5.319126652445813064e-02,0.000000000000000000e+00,6.661363258838719215e-02,3.612776010789461312e-01,4.079492637224139268e-02,4.781225734359671464e-01
7.361295575337210850e-02,4.740742236588689484e-02,2.531999355203031765e-01,2.555649445119506646e-01,1.806595439715047435e-01,1.895551978769824675e-01
1.127029520694952519e-01,4.969875695957134965e-02,1.242953788618428451e-01,2.632902241925335063e-01,1.865533497800147822e-01,2.634593381365421538e-01
1.312944621410746804e-01,9.288414693866990646e-02,2.874981699035763505e-01,1.616559321848289321e-01,2.032345871178713737e-01,1.234327017139787153e-01
1.249129568010571290e-01,2.460566487631993607e-02,1.045584530799937989e-01,3.557101148535658508e-01,1.249865813313523200e-01,2.652262290577109827e-01
1.060631312289590372e-01,3.088230392320255938e-02,1.966434452184927240e-01,2.786073797540082331e-01,1.744608513049565046e-01,2.133428885703810007e-01
