1.055033517775558205e-01,1.566853483420622972e-01,2.082459458589726864e-01,1.997150189581641533e-01,1.701224851175026365e-01,1.597278499457424894e-01
4.766266457850400207e-02,4.094203633776388046e-02,1.794060749576290859e-01,3.357352780368895173e-01,1.002912380547298504e-01,2.959627080344836014e-01
7.408937931224678086e-02,6.521088680103274970e-02,2.655750918072186106e-01,7.510012037494967485e-02,2.265177372636854036e-01,2.935067844408667526e-01
1.253519622948990608e-01,5.815039378503145118e-02,2.182538123027323029e-01,1.435269256650390235e-01,2.761805945400758744e-01,1.785363114122222594e-01
2.607610972983871733e-02,1.397507762295313594e-02,1.429348563202805511e-01,4.591155445033496263e-01,1.236212405539663522e-01,2.342771712696115893e-01
7.968645138654562032e-02,9.423938593507739936e-02,3.519897976451792643e-02,4.300346415193308514e-01,1.083805465598565582e-01,2.524599948346716305e-01
1.493906614268818434e-01,7.146694639937267723e-02,2.928473537431018348e-01,1.307202692579754466e-01,2.333358195903380006e-01,1.222389495823303085e-01
1.542656874154242803e-02,2.106847029824815420e-02,6.175385124235448220e-02,6.441927802964287908e-01,3.620004975294088129e-02,2.213582796684851750e-01
9.265683392948091679e-02,1.320606479972174785e-01,2.400855340316873365e-01,7.553525118410482631e-02,2.305913072531385610e-01,2.290704256043708809e-01
9.643260906172289315e-02,5.253236332954522303e-02,1.658262899169953286e-01,2.651672456774122333e-01,1.434368522467046880e-01,2.766046397676195090e-01
3.473966677664052510e-02,1.694565119464522956e-02,1.697430460342537195e-01,5.281787753481663739e-01,3.760282598963454043e-02,2.127900346566594658e-01
2.649999999999999925e-02,4.420000000000000318e-02,2.477999999999999925e-01,2.649999999999999925e-02,5.574999999999999956e-01,9.729999999999999760e-02
1.162542188668423682e-01,1.344364209356496420e-01,1.195494718640938286e-01,2.845996174991343233e-02,3.242759988020095796e-01,2.770239277814910972e-01
6.897309928120741451e-02,4.199410643254585657e-02,1.387742088074831182e-01,1.314945623937998354e-01,3.907279257264542061e-01,2.280360973585096596e-01
1.190432376406417025e-01,7.358349801251908018e-02,2.386615042151381261e-01,2.371218764350973840e-01,2.418137188288546346e-01,8.977616486774905868e-02
2.774572460147084127e-02,2.221782402398975523e-02,2.431369639559728332e-02,6.150077175027024445e-01,1.634099505191209667e-01,1.473050869571186916e-01
2.337176245374934097e-02,1.082872612465892413e-02,9.114415920227431425e-03,4.821783168330975866e-01,1.237017671681024111e-01,3.508050115001643543e-01
1.898053186838130971e-02,4.838343513515137688e-03,1.412798897240429563e-01,4.748848296738295560e-01,2.189918547974433749e-01,1.410245504227876923e-01
8.472167163883893848e-02,2.466833085272918807e-02,2.262564104397579712e-01,1.777902416376962447e-01,1.578967733438904619e-01,3.286665720870872165e-01
7.751972691426568807e-02,1.082896080278164808e-01,2.411929615933434967e-01,1.667910656983340456e-01,2.642163771948005668e-01,1.419902605714397359e-01
1.921746118075068344e-01,1.762224802350407793e-01,2.470009227365900506e-01,6.240499899912194809e-02,2.573056477961094823e-01,6.489133842563088450e-02
4.437209420572493096e-02,7.585531315400750874e-02,2.220993441439700344e-01,3.129530438191282515e-01,7.092144862447738451e-02,2.737987560526919384e-01
8.397256805686797998e-02,1.988460603014478162e-02,4.566174478617748833e-02,4.502879085112979074e-01,1.679826684682644011e-01,2.322105041472473930e-01
1.069962056239106007e-01,7.988516216914164081e-02,2.228366476451394962e-01,1.446385398995190807e-01,3.193869499019811875e-01,1.262564947603078414e-01
7.528206102535268951e-02,4.248012944940340874e-02,2.329194797299481423e-01,1.741423209251574677e-01,2.171813848793263668e-01,2.579946239908118555e-01
1.008231174358673043e-01,5.003926160212420621e-02,2.265745412573922646e-01,1.427644300835898550e-01,2.803318208286400548e-01,1.994668287923863637e-01
1.307398767739625101e-01,7.475040554634886092e-02,2.400991923507030112e-01,1.327210896823241282e-01,2.605042272902849398e-01,1.611852083563764804e-01
5.109191373803787656e-02,4.844639126012077746e-02,2.072499267244739402e-02,4.552120426411576659e-01,5.370399277674373778e-02,3.708206669114926801e-01
9.449406440953381225e-02,4.965999910993919297e-02,1.989926314238621985e-01,5.880880222728214479e-02,5.655814332650229703e-01,3.246306956435948687e-02
8.187385672417893390e-02,3.810382698590007722e-02,2.631229934037245810e-01,2.108219348463541074e-02,4.638349222771745994e-01,1.319822071243864359e-01
5.876384158805515040e-02,5.239190801676180814e-02,3.461962100255978197e-02,4.153482338110431327e-01,1.448625046988804288e-01,2.940138908826995801e-01
1.513997045629005000e-01,1.137587761874396669e-01,2.554720932445805337e-01,7.014613167739945643e-02,3.567130639932448721e-01,5.251023033443486671e-02
8.210352126563043307e-02,3.657196209827039829e-02,1.403345921961461906e-01,2.631559074160461087e-01,3.238231849000747786e-01,1.540108321238321532e-01
8.639500920285940466e-02,7.982592064297323875e-02,3.062803113771131805e-02,4.189042572491992744e-01,1.016328354396126010e-01,2.826139463276439723e-01
1.520474497523671142e-01,6.880749699319094193e-02,2.471202847319889373e-01,2.761463799454145704e-02,4.278821807565669211e-01,7.652794977134448617e-02
8.174743048640321919e-02,1.032231073394668762e-02,2.801770056356957597e-02,3.333309290370465860e-01,1.156322433091278301e-01,4.309493858699059432e-01
8.987835099670359040e-02,6.928637716602073504e-02,3.597452284814514623e-02,4.203144887596672596e-01,2.069531136545486039e-01,1.775931465749148730e-01
7.736891076224673702e-02,6.211520750857939255e-02,8.531952811129528413e-02,3.995076219971950837e-01,2.014583847637949343e-01,1.742303468568887070e-01
9.690191646987998675e-02,4.682934723071636995e-02,2.890461128967743432e-01,1.357607529569577476e-01,3.189003659747762232e-01,1.125615044708952184e-01
5.010904272266930581e-02,8.030255009798077659e-02,2.922432666160455494e-01,9.362347805013260249e-02,1.554817345168784393e-01,3.282399279962933680e-01
6.571229743357941133e-02,1.033248607130390351e-01,1.261479572165384866e-01,3.883511726323766178e-01,1.829462715740453882e-01,1.335174404304209361e-01
7.204676269232335173e-02,1.940960863116051455e-02,2.632137642518431742e-01,1.528855267236421123e-01,2.848546737741036172e-01,2.075896639269274313e-01
6.941387645299954001e-02,4.105006895892922281e-02,2.381270613296995464e-01,2.496289985828521185e-01,1.772051793075705983e-01,2.245748153679490711e-01
7.565128280987250264e-02,7.378952488580951818e-02,9.740210981564488557e-02,3.605098506421618443e-01,2.140552100981807926e-01,1.785920217483304984e-01
5.533681960266249172e-02,7.301539044417605651e-02,4.763312233140017116e-02,4.997065807243736835e-01,1.092906079776356093e-01,2.150174789197520642e-01
8.487351463349827874e-02,3.109282210422528378e-02,3.261781190229838256e-01,2.417640228606143527e-01,1.552894806061703437e-01,1.608020407725078149e-01
2.304351244649410421e-02,7.676475723312523904e-03,3.397417637657171308e-02,4.060714175625002031e-01,1.318683801740129780e-01,3.973660377171084335e-01
2.240563582468538956e-02,2.310126392990904942e-02,5.672185801398933747e-02,5.444547584549757069e-01,1.772204265705093207e-01,1.760960572059313278e-01
4.470053721332260810e-02,5.133688136776787952e-02,5.934950543092480657e-02,3.759233551562188302e-01,8.940654455684775292e-02,3.792831762749181990e-01
1.873917377090346739e-02,7.895008073318771080e-02,2.049293784666994522e-02,2.379176608472752530e-01,1.286111575502449644e-01,5.152889892517188430e-01
6.099167917045635740e-02,4.144398805219427773e-02,1.646883436599964889e-01,2.226716362963001017e-01,2.194318757632961192e-01,2.907724770577564954e-01
6.979634726249873966e-02,2.772387869550015614e-03,6.751207538041202605e-02,6.480292251357931965e-01,2.443245930699328855e-02,1.874575050447528646e-01
1.236653191706793414e-01,3.612955678694347583e-02,3.223983591075021415e-01,2.694779518030383514e-01,1.322278920259216672e-01,1.161009211059150087e-01
2.001396844783080199e-03,5.874603688284150971e-03,9.325933355151089232e-02,5.740319748880571282e-01,1.066211772346669917e-01,2.182115137926975978e-01
5.632373063082399961e-02,5.372139732404022233e-02,1.311546138963212427e-01,3.536619664556406861e-01,1.344639609093002119e-01,2.706743307838736512e-01
8.463998886749363182e-02,8.652537265507988240e-02,2.214010424802327348e-01,2.444348971879563293e-01,2.781525534774005881e-01,8.484614533183687524e-02
9.329199945932298288e-02,3.843399574792240314e-02,3.431653497024494959e-01,1.355660807930621492e-01,2.250093459039828048e-01,1.645332283932600947e-01
9.656151621386044326e-02,1.292427210629781553e-01,2.127246785206962365e-01,2.611346062870623097e-01,1.520498311538047709e-01,1.482866467615981954e-01
8.158283752970972580e-02,7.659916084386869661e-02,1.476094936638903676e-01,2.340573265293648675e-01,2.378988983219152142e-01,2.222522831112510033e-01
1.963528367371127903e-01,1.125022634736707605e-01,6.406012552691063566e-02,1.395653572347014815e-01,2.410883878670127822e-01,2.464310291605915082e-01
1.463615270771658206e-01,7.215831811932373052e-02,8.675043402638024648e-02,4.028493957095241051e-01,6.922116716850598706e-02,2.226591578991000686e-01
4.009396515435775799e-02,2.508804480516203111e-02,2.599438223575072787e-02,5.004991200151730490e-01,1.430997086801930329e-01,2.652247791093636509e-01
3.660223852956361046e-02,5.525423238635677331e-02,2.504705811170516716e-01,1.213484958029667077e-01,2.788723029297205946e-01,2.574521492343407325e-01
8.151189183633276991e-02,9.699807366739791881e-02,1.880580326309624906e-01,3.017927751847239159e-01,1.465734120400989660e-01,1.850658146404838278e-01
2.376534793203651311e-02,6.574448593140204411e-02,1.353133902564517266e-01,3.331272640828566445e-01,1.542376296441112515e-01,2.878118821531419069e-01
0.000000000000000000e+00,0.000000000000000000e+00,4.328000000000000180e-01,5.672000000000000375e-01,0.000000000000000000e+00,0.000000000000000000e+00
8.897317282224775914e-02,1.195109638363306553e-01,8.993284607134323372e-02,2.708281956875590590e-01,2.107473978356134148e-01,2.200074237469059057e-01
1.210947538402736973e-01,6.869480966694498092e-02,2.007797070407007778e-01,2.056708677607274327e-01,2.629745748490208701e-01,1.407852868423322135e-01
1.110898225108439552e-01,5.217047163233824725e-02,2.448327987048007082e-01,2.201354051402459044e-01,2.275043318386738844e-01,1.442671701730972589e-01
1.576070723826174247e-02,0.000000000000000000e+00,8.537781941966084143e-02,4.140389685740946124e-01,9.452273147020716360e-02,3.902997732977755985e-01
1.389740516974973528e-01,6.027646101799163242e-02,1.448477102530673355e-01,1.672324836217999044e-01,3.071942420160408971e-01,1.814750513936027598e-01
1.053205690150515322e-01,6.976095893268223491e-02,1.917946101136178416e-01,2.203462487747758214e-01,1.693075737693147120e-01,2.434700393945578023e-01
8.916571931524600036e-02,1.560181243584894163e-02,2.863297625957137438e-01,1.695154037998824748e-01,2.908626168519204969e-01,1.485246850013881570e-01
7.391117846871865515e-02,6.834795771829177413e-02,3.356477240382797766e-02,4.490032603792031285e-01,1.009825837746944482e-01,2.741902472552639747e-01
7.935991481347504095e-02,8.253288571795291961e-02,2.320603938316691262e-01,2.562167031556855101e-01,2.024126908184839813e-01,1.474174116627334219e-01
1.726114317185593883e-02,6.218233103204962031e-02,1.166247433030410396e-01,4.216776724216688699e-01,1.149283625241127732e-01,2.673257475472717859e-01
1.481665339442193863e-01,5.225184869010054273e-02,2.807602991035793583e-01,2.403400050128744886e-02,2.950196059366581025e-01,1.997677118241551752e-01
1.175461185763261723e-01,4.469381067244126982e-02,3.164658670429030263e-01,8.071774702921515054e-02,2.804827721381784045e-01,1.600936845409359766e-01
1.063311030209723174e-01,4.804079895163964470e-02,1.394191405482051727e-01,3.981353043434191497e-01,4.479195558767996854e-02,2.632816975480837263e-01
2.337176245374934097e-02,1.082872612465892413e-02,9.114415920227431425e-03,4.821783168330975866e-01,1.237017671681023973e-01,3.508050115001643543e-01
3.982112976912103447e-02,2.265229010526498624e-02,1.516512908541215177e-01,2.998201960555245682e-01,1.806774965635598307e-01,3.053775966524081009e-01
6.469275630961911216e-02,2.208775623852283695e-02,2.323709764276623568e-01,3.767087589242557599e-01,1.032062461379724128e-01,2.009335059619674624e-01
1.110212787666009643e-01,6.572864528197515377e-02,2.050774465231357813e-01,1.273847226362035956e-01,1.827352012514662227e-01,3.080527055406181436e-01
8.405931513530108534e-02,6.876283177569142077e-03,3.954426595948094536e-01,2.445976808575971995e-01,1.713162339408331181e-01,9.770782729389008991e-02
1.129386734537221049e-01,4.985721112372912961e-02,1.955873047013881316e-01,2.417508569417825270e-01,2.035749074875130848e-01,1.962910462918650845e-01
1.270433948145416048e-01,5.820845200599826519e-02,2.253587924965735900e-01,1.320395111359548568e-01,3.472635624736029047e-01,1.100862870733288201e-01
5.299662039628018351e-02,1.070366677688579758e-02,9.009154886085933914e-03,3.886363021549483765e-01,1.471727364654296377e-01,3.914815193203700638e-01
1.097724742073245552e-01,5.843975898411406245e-02,6.264117423503440252e-02,3.706425267264422119e-01,1.716731302093702782e-01,2.268309356377146146e-01
9.369928744891484196e-02,3.867610239471659661e-02,2.407492368852654496e-01,2.106667599552697334e-01,1.927616089434046887e-01,2.234470043724287314e-01
1.402965382666586935e-01,1.029559736057408664e-01,1.921106684006416154e-01,4.761523676426143020e-02,4.236447374583299230e-01,9.337684550436747832e-02
1.677581129719304676e-01,6.018933882055688828e-02,1.438190928905072052e-01,2.550167551727010595e-01,9.000512975924460091e-02,2.832115703850597299e-01
1.373443667130835599e-01,7.892121411715016799e-02,1.983838390825349851e-01,1.831182667876474213e-01,1.357902706826114303e-01,2.664420426169724077e-01
5.921138582844557435e-02,3.118755932351462493e-02,8.926186377511784176e-02,4.061915847286783343e-01,2.692225396877604426e-01,1.449250666564831092e-01
1.952038692238213524e-01,1.377995514289576673e-01,2.063727273609836099e-01,1.554190714202019763e-01,1.994859066353323052e-01,1.057188739307032554e-01
1.895413584309629251e-01,1.808500724522279224e-01,1.228415862425776689e-01,7.546381282321196204e-02,2.627296465054445584e-01,1.685735235455750880e-01
3.115111002147151475e-02,0.000000000000000000e+00,1.875589821197077567e-01,3.593257729521182609e-01,1.969427414890685402e-01,2.250213934176338582e-01
1.721187708667565597e-01,3.331434654155764757e-02,2.787303311326949640e-01,1.934885382136792842e-01,1.278456757383222564e-01,1.945023375069893090e-01
9.653011097111585670e-02,4.664529993946060077e-02,2.296793046998949483e-01,2.374826059860099536e-01,2.565888887202881774e-01,1.330737896832303313e-01
4.042963941402186873e-02,1.103023701151529951e-01,1.722372393347136321e-01,7.173215661329708503e-02,3.390514548118669369e-01,2.662471397109474336e-01
2.886818758689782549e-02,2.680312236731214118e-02,1.378181802064184780e-01,4.446824741493087263e-01,9.596144447978172121e-02,2.658665912102812223e-01
1.657705404854824816e-01,7.295354116149149748e-02,1.411271907215023713e-01,1.237044847576415779e-01,3.393449515985624276e-01,1.570992912753196025e-01
1.062396516374545935e-01,3.049425714425109055e-02,1.403826897805048046e-01,2.670185011717864931e-01,1.066008695982374466e-01,3.492640306677655682e-01
7.229641179520927829e-02,5.477725127018873846e-02,3.454390615671140696e-01,5.769135659650709291e-02,2.778456320700101179e-01,1.919502867009707792e-01
1.990156377367318166e-02,0.000000000000000000e+00,4.612709671955155660e-02,5.849652502778860397e-01,1.424726110562709869e-01,2.065334781726180791e-01
6.484670809781072076e-02,1.017446042206028994e-01,5.933925876415171302e-02,3.391292267235172520e-01,7.544826828276295083e-02,3.594919339111544154e-01
1.448302236017038891e-01,1.571143950227281982e-01,2.984796225509264711e-01,1.229188249099673058e-01,1.939491011921330166e-01,8.270783272254106366e-02
1.165855603179700856e-01,4.123168124779422877e-02,3.542216223756320392e-01,0.000000000000000000e+00,4.564845821052020414e-01,3.147655395340135526e-02
5.427063712870244111e-02,2.360196842527287689e-02,7.935452993444805370e-02,3.515129280532186540e-01,2.514563901169490356e-01,2.398035463414088519e-01
2.114815770418605190e-01,7.834750264885631532e-02,1.452654007548150328e-01,1.723836341959743279e-01,2.023795154432848076e-01,1.901423699152091085e-01
8.226091356565784496e-02,4.274475242593762936e-02,2.394808358902950629e-01,2.602251999771311719e-01,2.622660975266330463e-01,1.130222006143453695e-01
3.010966312775044396e-02,7.853642552456088777e-02,7.742799559580482160e-02,1.316156189289630907e-01,1.979251267798870784e-01,4.843851700430337193e-01
1.066198158822898451e-01,7.646297974710093703e-02,1.072436508038671216e-01,1.464130197462975846e-01,2.309645149561243282e-01,3.322960188643200863e-01
8.848174952525528214e-02,9.177169881981972477e-02,2.371902927163816732e-01,1.454256822809513461e-01,3.034854209874067177e-01,1.336451556701852839e-01
7.538203626500127041e-02,4.046375805959358252e-02,7.713113073206182002e-02,2.812139917245696785e-01,2.180725560387277995e-01,3.077365271800457935e-01
1.507314427568567372e-01,8.678712528004529914e-02,2.301002583776201871e-01,1.687891328201435448e-01,2.514429124876747523e-01,1.121491282776594239e-01
6.519319872315634812e-02,3.387351428155928323e-02,2.954051518142821742e-01,3.296706151502044602e-01,1.919912611604199237e-01,8.386625887037778282e-02
7.005413254944196921e-02,4.522560277075959867e-02,2.061360019684061740e-01,2.803160569235654265e-01,1.498892411018903081e-01,2.483789646859366207e-01
5.272934453601831051e-02,7.666823854522411552e-02,2.134608346958064840e-01,3.929627681014029039e-01,5.814985613877576842e-02,2.060289579827723483e-01
2.487267305932347183e-01,1.438271431113677112e-01,2.540956075567381012e-01,5.931905121156103022e-02,2.195736546227181063e-01,7.445781290438045763e-02
2.153836349213646417e-01,6.431879548756155862e-02,2.131644210687775320e-01,2.339567175937636301e-01,1.267029723649235606e-01,1.464734585636089936e-01
1.708222916569573369e-01,8.506576927854778147e-02,2.077594816171130232e-01,1.357063347054088265e-01,1.991844991568340884e-01,2.014616235851389436e-01
8.141735870728129820e-02,2.370621710945823926e-02,1.673100314905800745e-01,2.269513681103000058e-01,1.339215762017317013e-01,3.666934483806486567e-01
5.624437980364350304e-02,9.657328823510526877e-03,3.168651556657737234e-01,6.966523823828410511e-02,3.359368471565747916e-01,2.116310503122133535e-01
1.128411844954503029e-01,1.155806437090256683e-01,2.044683174784890922e-01,1.219775688707848416e-01,3.130651642855089012e-01,1.320671211607412354e-01
4.959237717829022979e-02,1.750545134439036171e-02,2.877178839213667128e-01,1.117815590046912083e-01,4.744342773484249154e-01,5.896845120283662062e-02
6.416981635384277904e-02,2.190537433740148698e-02,2.342483669555844861e-01,3.777366164603974674e-01,1.019861313192038377e-01,1.999536945735700677e-01
9.077789881323646004e-02,2.455371555862651683e-02,2.423304735492351480e-01,2.764204797182728268e-01,1.615432272599817976e-01,2.043742051006470772e-01
2.164028661861551114e-02,9.923956321020492577e-02,1.098408214674977124e-01,1.633496334137288231e-01,2.212722981098264596e-01,3.846573971801265923e-01
1.349128766653461264e-01,3.959716079966332791e-02,2.584675827475750864e-01,1.063624022519679413e-01,1.199373646321386655e-01,3.407226129033088524e-01
9.408999214882786399e-03,6.646567969954234045e-02,1.464686705657797794e-01,2.944458063130083181e-01,5.167396112028804778e-02,4.315368830864986793e-01
7.506098389999879550e-02,4.293706262831417653e-02,2.045605415264774574e-01,3.072151819530096195e-01,2.312079734474292714e-01,1.390182565447705687e-01
4.985741645884562284e-02,5.681690692027833306e-02,2.316502212890682866e-01,2.351630358933521070e-01,2.733947726533573208e-01,1.531176467850985101e-01
1.718764269264763112e-01,4.476931677181261726e-02,3.012156586997853935e-01,1.697643562534271455e-01,1.609996070226982212e-01,1.513746343258003391e-01
5.303557871642126942e-02,2.506447889753901995e-02,1.339182641044655009e-01,4.143663870509366465e-01,1.226739100819846939e-01,2.509413811486527202e-01
2.567602310535346474e-02,1.145668065480148941e-02,2.432197966195527306e-01,2.043100476943451871e-02,5.540122068372476116e-01,1.452042880136103220e-01
6.281999999999999806e-01,0.000000000000000000e+00,0.000000000000000000e+00,0.000000000000000000e+00,1.794999999999999929e-01,1.922999999999999987e-01
8.695099500661862546e-02,4.565863332858420554e-02,2.733078031910802230e-01,1.362105773884126625e-01,3.443770158250247793e-01,1.134949752602796291e-01
8.364239644290781539e-02,1.577251514331200200e-02,1.589314199132121075e-01,1.456461986162114475e-01,3.625225232392143004e-01,2.334849466451423827e-01
0.000000000000000000e+00,3.331903648102335636e-02,2.424021170039191223e-02,5.755433221813002209e-01,5.346109471137846375e-02,3.134363349259059461e-01
1.576240336719167412e-01,1.333915124377239858e-01,1.810025806329561282e-01,1.393459144730468391e-01,2.524180833511388000e-01,1.362178754332174502e-01
1.812577286495384854e-01,1.078266113729264147e-01,2.929272701275490998e-01,8.952448249115900480e-02,2.512466700563292243e-01,7.721723730249774320e-02
2.341222454564486147e-02,1.145227194957726541e-01,1.128546368565686159e-01,7.293538209123788529e-02,2.332105345025144438e-01,4.430645025082614041e-01
1.193166136916675030e-01,5.041090937982797837e-02,2.735953193991310095e-01,1.363122315720062538e-01,3.196518058081735947e-01,1.007131201491936329e-01
1.230453455873801172e-01,7.531784386637782602e-02,2.936226816079313129e-01,0.000000000000000000e+00,3.692262709521384467e-01,1.387878579861722694e-01
1.008220648444653894e-01,5.001977384128356713e-02,2.265349953738799993e-01,1.431040573046708231e-01,2.800789640606746178e-01,1.994401445750255963e-01
5.974219649158814260e-02,5.724561191310514885e-02,8.317832344830697333e-02,3.270600254495847348e-01,1.971075297808896065e-01,2.756663129165254356e-01
1.128956745446255544e-01,9.360312022576273983e-02,1.112968123815040594e-01,1.018897066612264590e-01,2.464347022087853556e-01,3.338799839780958179e-01
3.883535238767914927e-02,6.871994439825653000e-02,1.345551171814972635e-01,3.028506104453169145e-01,2.673900111342548125e-01,1.876489644529953094e-01
9.616896595721574625e-02,4.647078737208095583e-02,2.068063550633286729e-01,2.243497965557010865e-01,2.556289209252523564e-01,1.705751741264210086e-01
1.141695345570191422e-01,6.883574239066414524e-02,1.469362744961996425e-01,3.721562989994844917e-01,8.910256318745790605e-02,2.087995863691748388e-01
1.540250396246101994e-01,3.256619176270759974e-02,2.875524047622431967e-01,2.118507985601481569e-01,1.363198540441882822e-01,1.776857112461024679e-01
8.717309127306618888e-02,5.974060771268951964e-02,3.403356408058301197e-01,1.817437062028631756e-01,1.545634109489659735e-01,1.764435430565850782e-01
0.000000000000000000e+00,0.000000000000000000e+00,3.309999999999999748e-02,4.966999999999999749e-01,9.270000000000000462e-02,3.775000000000000022e-01
1.146340073653582259e-01,9.833078287093129088e-02,1.673860075016420090e-01,1.676721035263478987e-01,2.398067235890761484e-01,2.121703751466445242e-01
8.767773852976662452e-02,2.552904611811086799e-02,1.625565111427901277e-01,3.861486320132966887e-01,1.442191337098675530e-01,1.938689384861681242e-01
7.504261205360611420e-02,4.292655339864285408e-02,2.045104735064267321e-01,3.072809082487749643e-01,2.311840218341801034e-01,1.390554309583690584e-01
1.471432612679895169e-01,2.984562569976544760e-02,2.893402049581915714e-01,1.921082991678871588e-01,1.471339965504559477e-01,1.944286123557104895e-01
1.812897463976034448e-02,9.791578765559158168e-03,1.215274100638931293e-01,4.494253476989584772e-01,8.989253612207588617e-02,3.112341527097531868e-01
2.842920908483688447e-02,2.325666696984051915e-02,1.542073321464211277e-01,4.744713116854735180e-01,8.538183251613956637e-02,2.342536475972884780e-01
5.928085177705964999e-03,0.000000000000000000e+00,1.185617035541193000e-02,7.262891767783836716e-01,1.106431664189354291e-01,1.452834012695631283e-01
4.727042109941870240e-02,2.352735395959311068e-02,1.453673095394169557e-01,4.813056233319925603e-01,1.644058256005102581e-01,1.381234664690685343e-01
6.388695690672993588e-02,1.003810613562934329e-01,5.845872929039622190e-02,3.443837469961449349e-01,7.429086375018419119e-02,3.585986417002513527e-01
0.000000000000000000e+00,0.000000000000000000e+00,5.696117428462475069e-02,5.221316937855828844e-01,1.046682633461150230e-01,3.162388685836773350e-01
4.497163527453619525e-02,4.800028203971822005e-02,4.989403876754971989e-02,4.834824390542173389e-01,1.762276230383775233e-01,1.974239818256010581e-01
6.463361527327850242e-02,2.209991338247964746e-02,2.325308662582043495e-01,3.768050412916371661e-01,1.030268337277341906e-01,2.009037300666661474e-01
1.061283609657700244e-01,6.177063419676077222e-02,1.190517848708802506e-01,3.465716696044010559e-01,1.221245731391418649e-01,2.443529772230460806e-01
0.000000000000000000e+00,5.752050165186561349e-03,1.611701899225803092e-01,6.099223330269610832e-01,3.470967526149341259e-02,1.884457516237786623e-01
1.632172998574797362e-01,3.126294606615671878e-02,2.756269198271256715e-01,2.002827269012008027e-01,1.287311569345228057e-01,2.008789504135142789e-01
8.185971967155318552e-02,3.521138322736259291e-02,1.435260638628766683e-01,2.600085107176730581e-01,2.884872707437743933e-01,1.909070517767602060e-01
1.178683851840579416e-01,1.220294702772769940e-01,6.461549756232196073e-02,4.112865596594284523e-01,1.457242291865404604e-01,1.384758581303741631e-01
7.391117846871865515e-02,6.834795771829177413e-02,3.356477240382797766e-02,4.490032603792031285e-01,1.009825837746944482e-01,2.741902472552639747e-01
8.497508020568605991e-02,2.112514963661492676e-02,1.118811942921610902e-01,3.544925054649278318e-01,9.147199297203943702e-02,3.360540774285705745e-01
1.314485293089872608e-01,4.640246397388466532e-02,1.390968062901999092e-01,3.112419442170949457e-01,2.298257775516460988e-01,1.419844786581871132e-01
4.292458537472312180e-02,7.658185013098757835e-03,3.246426601909353088e-02,4.495954501997598829e-01,1.261606456737756343e-01,3.411968677195491573e-01
5.329713919780023484e-02,3.868965849492367326e-02,2.503677532075442858e-01,1.879295046735075803e-01,3.667632473820092720e-01,1.029526970442151135e-01
4.079217799200340888e-02,4.734342685996787564e-02,1.372778009741502589e-02,5.349186064879100089e-01,6.428686340097043705e-02,2.989311451617331916e-01
0.000000000000000000e+00,3.584067931670853469e-02,8.879395865992834036e-02,4.387659458270318780e-01,2.707200583873183852e-01,1.658793578090127507e-01
1.051479616342270718e-01,2.404375198846274084e-02,2.743962031036274452e-01,2.176007017466236038e-01,1.646702016951913650e-01,2.141411798318678117e-01
1.355101369235711117e-01,7.941442590820904646e-02,2.485433592012712412e-01,1.347004436521987980e-01,2.887988320802036823e-01,1.130328022345460232e-01
5.503158106398484822e-02,7.282267373517514741e-02,4.747228795415921188e-02,4.655711802271237931e-01,1.250889491083360394e-01,2.340133279112208697e-01
1.358820157232568659e-01,7.544750851535471370e-02,2.473957648828127298e-01,1.691085959998019916e-01,2.716278900410011854e-01,1.005382248377724996e-01
8.507752466754878173e-02,3.026907895620743749e-02,7.782980561560899624e-02,5.396082462526126111e-01,5.845938300605658944e-02,2.087559615019656256e-01
3.454017597806384454e-02,5.923518470113924017e-02,9.066025036716203467e-02,4.479521901931590722e-01,1.439757050062689669e-01,2.236364937542067721e-01
4.779367140240405043e-02,8.949147209651840684e-02,1.056123150833193081e-01,1.963037415606813940e-01,3.102773681448248166e-01,2.505214317122518852e-01
9.370998612840807096e-02,5.337094547447642466e-03,3.548292408261832787e-01,3.966145237753287978e-02,3.035557217593267132e-01,2.029065043611013031e-01
1.994096386105211408e-02,0.000000000000000000e+00,4.611190805457573288e-02,5.847856152226862392e-01,1.423579098610606442e-01,2.068036030006253634e-01
1.490904373246305370e-01,6.009068170679855714e-02,2.099942230408943511e-01,1.662476182293237958e-01,2.532911842866987229e-01,1.612858554116539944e-01
5.804096256197662645e-02,4.683499979382637485e-02,1.097348356608523201e-01,4.672948998926868547e-01,3.804833686850745550e-02,2.800459652221504725e-01
2.122413196632500290e-02,1.903685240562031852e-02,8.470547391218453959e-02,4.640150479852165333e-01,1.916244588423595130e-01,2.193940348882941482e-01
5.538352245605147189e-02,5.833422366324087643e-02,9.245262992348858566e-02,3.311274014579585478e-01,1.702772686834033988e-01,2.924249538158571471e-01
3.352152542244825340e-02,2.375821428306907485e-02,1.083692909158081447e-01,4.650220464516911512e-01,2.360645780467749699e-01,1.332643448802083852e-01
5.503158106398484822e-02,7.282267373517514741e-02,4.747228795415921188e-02,4.655711802271237931e-01,1.250889491083360394e-01,2.340133279112208697e-01
1.499117360316085459e-02,0.000000000000000000e+00,4.545267005325670517e-02,4.825541585037712022e-01,2.286399853976106289e-01,2.283620124422005571e-01
4.537862027600822468e-02,4.887441836913022225e-02,4.224034608827743897e-02,4.660415546751742744e-01,9.590003893916690392e-02,3.015650216522430260e-01
9.720668409322459624e-02,7.244222296984063891e-02,2.845888186836533218e-01,1.400595508271616219e-01,2.971925661549125741e-01,1.085101572712073720e-01
1.186411622691104506e-01,6.259910572706105236e-02,2.198111455550635085e-01,2.388108741303695826e-01,1.772688961586262879e-01,1.828688161597691597e-01
4.718168812169089288e-02,5.005322709122701080e-02,1.017689703142839047e-01,3.279836099611669331e-01,5.945094822408410196e-02,4.135615562875473161e-01
2.886818758689782549e-02,2.680312236731214118e-02,1.270940828936734934e-01,5.304467689930673080e-01,7.911336065378264670e-02,2.076744775052666026e-01
9.817020063946755096e-03,9.223793165692752150e-02,1.077233879109525394e-01,2.118148335440956653e-01,2.798125538892927144e-01,2.985942729347846880e-01
1.309641261660557110e-01,8.243305199459491361e-02,1.738046625988916294e-01,2.496455137530636248e-01,2.271916398220753808e-01,1.359610056653188792e-01
7.620289797741226778e-02,4.729645281314510952e-02,2.255228887731974274e-01,3.094851622704090088e-01,2.058850652710755291e-01,1.356075328947606018e-01
1.231158334421814382e-01,5.011542604392272421e-02,1.258846582026610095e-01,3.432268918574578054e-01,1.172406499314106593e-01,2.404165405223664398e-01
1.723743234727857787e-01,1.063496660053813853e-01,3.001931789223228897e-01,4.637012636590794740e-02,2.925933036699623901e-01,8.211940156363961574e-02
1.018743392668361863e-01,6.091602617217634769e-02,3.036086745335581094e-01,1.853195805594445578e-01,2.225349295694162843e-01,1.257464498985685353e-01
3.316289172545736769e-02,4.196120128745962907e-02,2.247276561850157506e-01,2.895223526110595191e-01,2.073456049539119384e-01,2.032802932370958715e-01
2.726999999999999980e-01,2.172000000000000042e-01,2.172000000000000042e-01,0.000000000000000000e+00,2.172000000000000042e-01,7.580000000000000626e-02
1.802083230528564173e-01,3.208632657520905929e-02,2.552596965129554918e-01,1.698286128346186974e-01,1.770268846584835409e-01,1.855901563658768350e-01
0.000000000000000000e+00,0.000000000000000000e+00,0.000000000000000000e+00,1.000000000000000000e+00,0.000000000000000000e+00,0.000000000000000000e+00
9.743257454593065581e-02,5.489774399869021965e-02,1.146791189714815723e-01,3.330087705804278264e-01,9.429719060942169662e-02,3.056846012940480084e-01
3.557108171066359487e-02,2.683157345870495689e-02,1.722524285483918172e-01,3.889342314966792169e-01,1.567408706721585554e-01,2.196698141134018900e-01
7.456188484103576375e-02,4.265156347230820294e-02,2.148818247883422794e-01,3.370208909262256691e-01,2.295548743462839936e-01,1.013289616258041537e-01
4.649999999999999967e-02,0.000000000000000000e+00,3.952999999999999847e-01,0.000000000000000000e+00,5.000000000000000000e-01,5.809999999999999887e-02
9.613593336818937463e-02,6.043826642272299987e-02,1.609389355515485343e-01,2.118394256529772535e-01,1.217047766391115837e-01,3.489426623654501847e-01
1.376317686986451572e-02,1.195933428733325123e-02,2.692800936754210506e-01,2.283629005750825447e-01,3.264143507762193308e-01,1.502201438160792879e-01
6.632368711920151594e-02,1.810387273173132833e-02,1.305199903521876148e-01,3.138291399129731207e-01,3.340666774468159517e-01,1.371566324370904477e-01
6.967837276019439585e-02,1.889521988589982354e-02,7.631165656542666931e-02,4.743443014866563501e-01,1.250638774615447091e-01,2.357065718402779897e-01
2.027204926118547634e-01,1.003971824755196252e-01,2.141798995016312712e-01,9.930710413747420584e-02,1.971263381253175739e-01,1.862689831482024772e-01
6.938190817145759026e-02,3.450087400421538580e-02,2.747363735209782387e-01,2.990484353023698527e-01,1.141726429011889060e-01,2.081597660997901722e-01
1.393832534349178365e-01,8.711960256283314552e-02,5.668171236325650342e-02,3.477545689016739439e-01,1.634459533150706967e-01,2.056149094222479157e-01
3.655134854899659558e-02,4.332454216049073242e-02,2.113098575402035384e-01,2.523914240015395771e-01,2.457829264607080122e-01,2.106399012880614263e-01
1.347595254629077310e-01,7.096576963626395618e-02,4.950578860025982991e-02,2.174162854559212044e-01,1.891397971939684508e-01,3.382128336506788346e-01
0.000000000000000000e+00,1.474000000000000032e-01,0.000000000000000000e+00,6.320000000000000617e-02,0.000000000000000000e+00,7.894999999999999796e-01
0.000000000000000000e+00,0.000000000000000000e+00,4.435821803876913855e-02,6.077782137582219413e-01,7.197076340426800112e-02,2.758928047987409538e-01
2.613055625173647464e-02,1.312665080044601862e-01,3.283735349146601340e-02,2.014446009874240884e-01,2.089898121545049822e-02,5.874220000494627669e-01
1.699414433209957831e-01,8.663743423269681943e-02,2.429325069659132308e-01,1.432388397117392020e-01,3.056280434856152861e-01,5.162173228303946343e-02
4.983323101252228743e-02,1.578347886161737823e-02,1.384474895361764157e-01,3.753867852293650276e-01,9.378565561808595297e-02,3.267633597422329728e-01
2.536865313937394228e-01,7.365613438524576395e-02,3.277319004515635847e-01,2.390216650211604218e-02,2.085635219918929861e-01,1.124597452754423493e-01
8.407722018520531748e-02,1.990919258413084356e-02,4.577303591824310319e-02,4.496939498118252554e-01,1.679984883397965534e-01,2.325481131607987917e-01
2.089793637624300093e-02,3.967847103194555719e-02,2.631354116544216137e-01,3.242680533724461300e-01,1.679389615985274753e-01,1.840811659664162991e-01
8.795033115403277924e-02,2.560841666065724956e-02,1.630619040362087935e-01,3.710630349749308721e-01,1.446675151666271530e-01,2.076487980075430728e-01
0.000000000000000000e+00,2.586558027915339831e-03,1.072451786847537503e-01,4.767368585091142918e-01,6.663985626193838496e-02,3.467915485162781919e-01
1.798176295111630629e-01,9.865366161693613078e-02,1.157321903589395296e-01,2.989076577090237219e-01,1.632304260560942522e-01,1.436584347478432888e-01
7.227227890786665221e-02,3.603179455065493031e-02,1.981234551326980786e-01,3.160307299119358149e-01,2.360789004989433670e-01,1.414628409979011014e-01
8.039623205061746658e-02,2.801473884927190711e-02,1.029093964867410504e-01,4.266593020192932517e-01,9.727077733522550285e-02,2.647495532588508560e-01
1.098275041227264083e-02,3.660916804090880855e-03,1.935153556853780876e-01,4.294616981755067786e-01,1.747615067601814010e-01,1.876177721625702788e-01
1.038221034772053575e-01,2.891563416712377571e-02,1.461935714726517455e-01,2.387690437878665084e-01,1.625389928861588063e-01,3.197606542089937998e-01
8.860086416958873334e-02,2.579783175773851800e-02,1.642680069668412124e-01,3.677424298808943393e-01,1.457375622450117758e-01,2.078533049799255461e-01
4.090216190092581250e-02,5.541234948577591218e-02,1.078834763742023001e-01,4.002860085082793895e-01,1.788024510211956020e-01,2.167135527096209213e-01
7.424748547227716378e-02,6.105971714796785965e-02,9.617015028878826699e-02,4.720279970516292889e-01,7.556729206709626723e-02,2.209273579722411118e-01
5.857751124693377776e-02,4.149861143597805002e-02,2.185855805305232658e-01,2.453321602660523404e-01,2.756463453596985635e-01,1.603597911608141136e-01
7.391117846871865515e-02,6.834795771829177413e-02,3.356477240382797766e-02,4.490032603792031285e-01,1.009825837746944482e-01,2.741902472552639747e-01
5.287698185041773274e-02,7.122025162786326663e-03,5.565774873026682612e-02,5.055949460353942326e-01,7.839392507707959590e-02,3.003543731440552200e-01
1.141410179462307856e-01,3.352513193643144596e-02,2.042470433290332898e-01,8.191733554301776354e-02,4.057802107704912009e-01,1.603892604747954309e-01
1.075250184694954425e-01,2.462754479443554981e-02,1.917036465716938365e-01,2.585950181362411393e-01,2.527365898994299864e-01,1.648121821287039934e-01
1.672599662277090560e-01,3.232072060594860796e-02,2.804318173852242135e-01,1.948210881636973923e-01,1.279071143484810658e-01,1.972592932689395950e-01
1.382819506192251302e-01,3.455690600411066848e-02,2.962727076511682545e-01,1.842620488294014480e-01,1.523364430173426709e-01,1.942899438787519528e-01
8.389407843765660233e-02,3.206754062407287525e-02,3.042528450284775476e-01,9.052941996650779033e-02,3.307026655169414409e-01,1.585534504263436395e-01
1.645155853612672581e-01,4.449974716638968597e-02,1.273974063977999505e-01,1.604724066098820456e-01,2.675528891653548569e-01,2.355619652993062030e-01
9.827922548253938129e-02,4.747765576060992282e-02,2.113259250451038074e-01,1.561640103265241331e-01,3.547128723572609554e-01,1.320403110279618764e-01
6.856130565169919755e-02,2.188903979617773735e-02,4.527163816354932979e-02,5.030337093182545294e-01,9.683061574355801560e-02,2.644136913267612354e-01
1.278517509842246325e-01,2.847644770167593112e-02,3.155885450886002364e-01,2.007622117762328795e-01,1.575932673940499962e-01,1.697277770552162168e-01
3.236460896150585020e-02,1.011980476069186813e-01,1.007815610451168881e-01,3.357182367378908766e-02,3.956800978648351563e-01,3.364038608478342463e-01
1.016479292958352709e-01,3.903896427257182861e-02,9.330531232917579909e-02,4.421063307673196441e-01,7.805129802910626413e-02,2.458501653059911030e-01
8.430345909662853576e-02,4.286034242406280836e-02,2.561742911418182778e-01,2.474921908807629634e-01,3.048935182322644044e-01,6.427619822446292708e-02
1.015839410325590497e-01,8.032717896372866540e-02,2.455123922780402257e-01,2.584200646343121632e-01,1.855763633014402003e-01,1.285800597899198483e-01
1.540126735508216826e-01,3.258390376527533355e-02,2.873608979940441843e-01,2.119967337407552554e-01,1.363035694474887816e-01,1.777422215016148388e-01
1.594266353665165295e-02,7.317988472286045265e-02,9.448458223404386513e-02,3.694893925721757233e-01,1.544583651572506711e-01,2.924451117770176523e-01
1.388121896897251129e-01,1.020366710831928925e-01,9.151808758469312521e-02,2.973602736102737842e-01,1.027397993800292231e-01,2.675329786520857511e-01
8.915408769416113821e-02,2.856695101261043021e-02,1.315036274241874747e-01,3.123473570216244721e-01,2.839994727811334108e-01,1.544285040662830844e-01
2.829419469337857151e-02,1.076609599473950657e-01,5.690822862011381961e-02,2.444080109551290958e-01,3.133302353644622507e-01,2.493983704195210371e-01
4.570537370760289347e-02,7.543416075624794458e-03,7.985491274566146325e-02,3.632088280307598227e-01,5.766981181911842030e-02,4.460176576212326327e-01
6.941387645299954001e-02,4.105006895892922281e-02,2.381270613296995464e-01,2.496289985828521185e-01,1.772051793075705983e-01,2.245748153679490711e-01
9.696073523084576540e-02,6.077726409267359547e-02,1.069339453753563318e-01,2.377733927717395335e-01,1.604957955608268261e-01,3.370588669685580241e-01
1.226968734602050248e-01,8.158484750622253812e-02,2.642706728954557494e-01,2.148683973723617968e-01,1.914530144617607454e-01,1.251261943039941593e-01
1.155460011030547962e-01,2.503693720692329663e-02,9.794198520166499944e-02,3.770792440062951112e-01,1.399980587082258199e-01,2.443977737738359524e-01
1.186411622691104506e-01,6.259910572706105236e-02,2.198111455550635085e-01,2.388108741303695826e-01,1.772688961586262879e-01,1.828688161597691597e-01
