2.563504233615574585e-02,7.050470031335423493e-02,3.633575571704780738e-01,1.669444629641976263e-01,1.751116741116074682e-01,1.984465631042069689e-01
4.484280204412657844e-02,7.066785748845830217e-02,2.118836723986493864e-01,1.441355543176509602e-01,1.584178059881730660e-01,3.700523077629417346e-01
5.100734737018691733e-02,5.100734737018691733e-02,2.690981363210875887e-01,2.603291328776563551e-02,2.858354554385248991e-01,3.170188002122480975e-01
3.997712973742314352e-02,0.000000000000000000e+00,2.289516255060911887e-01,1.626909205323939234e-01,4.078035533711760197e-01,1.605767708529157178e-01
5.043532351888418280e-02,3.130560902305919851e-02,1.020538835281482037e-01,3.594751579931264041e-01,2.300777014346075122e-01,2.266523245021745403e-01
7.620000000000000384e-02,6.983333333333333059e-02,0.000000000000000000e+00,5.490333333333333732e-01,7.936666666666666869e-02,2.255666666666666653e-01
1.802584757182476016e-01,8.310801745433163412e-02,3.668984702500590611e-01,0.000000000000000000e+00,2.810598342029995700e-01,8.867520237436217478e-02
3.398683100056004713e-02,4.641670817818457223e-02,1.360521410153698318e-01,4.892339843411678268e-01,7.975363762207907103e-02,2.145566978426385607e-01
4.577729022879997028e-02,1.459350661778207048e-01,3.032576736348622792e-01,1.452688183282469236e-01,7.795454063200769890e-02,2.818066109982624301e-01
1.479368328800905186e-01,5.125804324972214887e-02,3.485163040880451257e-01,2.653384172821645140e-02,1.990317545557140355e-01,2.267232234982116679e-01
1.683180955020913139e-02,1.683180955020913139e-02,2.629263616353206268e-01,4.040030284375647485e-01,3.403341261052060529e-02,2.653735782161756873e-01
2.649999999999999925e-02,4.420000000000000318e-02,2.477999999999999925e-01,2.649999999999999925e-02,5.574999999999999956e-01,9.729999999999999760e-02
3.790330569657512916e-02,8.006492334875429939e-02,7.161362059616301068e-02,6.539110701465866184e-03,5.588465922217464854e-01,2.450324474352952586e-01
7.958637190689527713e-03,1.991352624734230720e-02,3.586466716995833498e-02,1.009222928861906038e-02,6.112649045641261880e-01,3.149060355392644395e-01
2.242026498443028260e-01,1.679248001755124509e-01,2.056977032049581433e-01,1.500795506247475097e-01,2.001026327842933272e-01,5.199266336618558332e-02
0.000000000000000000e+00,0.000000000000000000e+00,1.518578330172823052e-02,7.631797272652941500e-01,3.647719081755337878e-02,1.851572986154242373e-01
0.000000000000000000e+00,0.000000000000000000e+00,0.000000000000000000e+00,5.618999999999999551e-01,9.666666666666665422e-03,4.284333333333333882e-01
0.000000000000000000e+00,0.000000000000000000e+00,1.057929205777777687e-01,5.015789644043671114e-01,2.350154405693482274e-01,1.576126744485067954e-01
0.000000000000000000e+00,0.000000000000000000e+00,2.969795632879480562e-01,8.426437645467159399e-02,1.528286154892616877e-01,4.659274447681185372e-01
1.193599391824699818e-01,2.029089999042492654e-01,1.543656387671230590e-01,2.040390894871004501e-01,1.133346363540544827e-01,2.059916963050028305e-01
1.392608450015883625e-01,9.927150887700710025e-02,3.213678997187358610e-01,8.398269125506678534e-02,2.776106169589468431e-01,7.850643818865503387e-02
6.614236852475020856e-02,2.205833306498822602e-02,2.367077797856176613e-01,4.787926288910841488e-01,6.432030003875473245e-02,1.319785896948050263e-01
2.057838579250796315e-02,5.136365093809987931e-03,1.544202069869797522e-02,5.935686492436507145e-01,2.180650385660483637e-01,1.472095406052849609e-01
8.789590552064302509e-02,9.781981227770407405e-02,1.599184175765731575e-01,2.851439453611222530e-01,1.942653391343046043e-01,1.749565801296528722e-01
9.321215847878416838e-02,7.516629102399415008e-02,1.835895388586957777e-01,1.871979625425979621e-01,2.429051678721947105e-01,2.179288812237333006e-01
1.017434388329639394e-01,5.368336067328824401e-02,1.875525456086896414e-01,2.737555877569814999e-01,2.288286218112170478e-01,1.544364453168594609e-01
1.396332409559945531e-01,9.082999442232587983e-02,2.515715739101169746e-01,0.000000000000000000e+00,3.433695224223907716e-01,1.745956682891718625e-01
4.356574677314534183e-02,4.356574677314534183e-02,4.647235717902236524e-02,2.886921214822504300e-01,4.647235717902236524e-02,5.312316706134141420e-01
1.226728531539692940e-01,7.033880660827440678e-02,2.140197499939233416e-01,0.000000000000000000e+00,5.800690467300358977e-01,1.289954351379731315e-02
9.749159566896589690e-02,4.346180179816414718e-02,3.397783019614066258e-01,4.696287213746755396e-02,3.176854310854871910e-01,1.546199973485085921e-01
1.131920684231298713e-01,7.672279339136325871e-02,5.771631058257871427e-02,3.510098551182572746e-01,2.619212391235819504e-01,1.394377333610889724e-01
1.364234821257625796e-01,8.449955685890556123e-02,2.567497880661726573e-01,2.875584907757377032e-02,4.546446261638593112e-01,3.892669770772606841e-02
1.271051337880188536e-01,6.255301364348324344e-02,1.057545350642753595e-01,3.524304322390997557e-01,2.248779716431370534e-01,1.272789136219856510e-01
7.619999999999998996e-02,6.983333333333331672e-02,0.000000000000000000e+00,5.490333333333332622e-01,7.936666666666665482e-02,2.255666666666666653e-01
2.160947598241590439e-01,1.073709112544234123e-01,3.136861212054081194e-01,5.631028178784371757e-02,2.453973794341290371e-01,6.114054649403667663e-02
1.828026728772805531e-01,2.308263368289169282e-02,6.265286285356315432e-02,2.184654319440440529e-01,1.380162112301606403e-01,3.749801874120597955e-01
1.078304051049508300e-01,6.765828194107488536e-02,2.548624502344998266e-02,4.475908095016478128e-01,1.618709318031167355e-01,1.895633266257597260e-01
8.763434864448503558e-02,1.058054997367595812e-01,6.023411940857232444e-02,3.710705040595776438e-01,1.013178972230001085e-01,2.739376309276054799e-01
6.490419006041232841e-02,2.258665814102349054e-02,3.105879651653882245e-01,2.650362601116937333e-01,1.930676640095200514e-01,1.438172625119621961e-01
6.673994751982435802e-02,3.432650636867076721e-02,3.271617573100694676e-01,3.861949611163467428e-03,2.407007839291263884e-01,3.272090552611456316e-01
6.023583457448050682e-02,1.471790678405662245e-01,5.019075577827616236e-02,3.267365199619294280e-01,2.926451954846875925e-01,1.230126263600600650e-01
2.120070669022301041e-02,3.030101003366779053e-02,4.053468448948298608e-01,7.590253008433614501e-02,1.261042034734491113e-01,3.411447048234941826e-01
1.351179362944446641e-02,0.000000000000000000e+00,2.867879004349682681e-01,2.982257757780960028e-01,2.261057003650479846e-01,1.753688297924432260e-01
0.000000000000000000e+00,0.000000000000000000e+00,6.397236518000588845e-02,5.725629250326828013e-01,1.548904738699250494e-01,2.085742359173862748e-01
1.168841366506695872e-01,1.047459195932168990e-01,1.088521653220923119e-01,3.778822965202639494e-01,1.685294449917284776e-01,1.231060369220285944e-01
6.897793012213225550e-02,0.000000000000000000e+00,4.459105124169354117e-01,1.573362831800758643e-01,1.272185320552201571e-01,2.005567422256363252e-01
0.000000000000000000e+00,0.000000000000000000e+00,7.781228845910971581e-02,5.173376633328063967e-01,2.955480702071854038e-02,3.752952411873652916e-01
5.075669312267574312e-02,4.672983273582490688e-02,1.198619659800337078e-01,4.880869810725925739e-01,8.399527784286070498e-02,2.105692492460123633e-01
7.773819775169565210e-03,7.773819775169565210e-03,1.128402473972851122e-01,2.363371530276999477e-01,5.838926306900488888e-02,5.768856969556708236e-01
0.000000000000000000e+00,1.050782248322063434e-01,7.594428545278876161e-03,1.645688819284214233e-01,0.000000000000000000e+00,7.227584646940933277e-01
2.639385309448596950e-02,2.062294215974812793e-03,1.577824115730237509e-01,2.395031498087391852e-01,3.233069855699272077e-01,2.509513057378490730e-01
0.000000000000000000e+00,0.000000000000000000e+00,0.000000000000000000e+00,8.294666666666666854e-01,0.000000000000000000e+00,1.705333333333333146e-01
1.061662547460160561e-01,0.000000000000000000e+00,3.848598249841720942e-01,2.989582319670320287e-01,9.323532428038637521e-02,1.167803640223934597e-01
4.633333333333332187e-03,1.360000000000000098e-02,2.159000000000000086e-01,3.123000000000000220e-01,2.468333333333333213e-01,2.067333333333333245e-01
3.705145324963743381e-02,1.684732746051890301e-02,2.125354418356197317e-01,4.851102668270586005e-01,3.076246533292039884e-02,2.176930452942448802e-01
1.424184364082797805e-01,1.950273471737323239e-01,1.979689143568300058e-01,1.465556496338985271e-01,2.272491749538671779e-01,9.078047747339214324e-02
1.086278049950181041e-01,2.263520665677545493e-02,5.136678238982206324e-01,0.000000000000000000e+00,1.674771119515449103e-01,1.875920524984409921e-01
9.129311854940466708e-02,1.687342139479527936e-01,2.105922153326985624e-01,2.711415333312833797e-01,2.137841676821433945e-01,4.445475115651724429e-02
8.484642857142857264e-02,1.052535714285714324e-01,1.611714285714285488e-01,9.551428571428571823e-02,2.674892857142857072e-01,2.857249999999999512e-01
6.739031229063593975e-02,1.631035899107309006e-01,0.000000000000000000e+00,9.643564788085066258e-03,3.452694702289981765e-01,4.145930627815498370e-01
1.504136708040270387e-01,1.343968556004452586e-01,1.801188805599082121e-01,1.485993545972887075e-01,1.298154094125464619e-01,2.566558290257842656e-01
1.369999999999999864e-02,0.000000000000000000e+00,2.739999999999999727e-02,6.012999999999999456e-01,2.556999999999999829e-01,1.018999999999999906e-01
5.862085182159792324e-02,9.960887462774915824e-02,1.060413524665822088e-01,2.225930037362921776e-01,4.079285930869414045e-01,1.052073242608372178e-01
1.532034416833978341e-01,1.929595423153993572e-01,3.308332765253307328e-01,2.743050663210563206e-02,1.674233933411588549e-01,1.281498395026075543e-01
8.647986903361232908e-03,0.000000000000000000e+00,2.490847895295937031e-01,2.055661480509583527e-01,1.716169222872761524e-01,3.650841532288105484e-01
0.000000000000000000e+00,0.000000000000000000e+00,4.328000000000000180e-01,5.672000000000000375e-01,0.000000000000000000e+00,0.000000000000000000e+00
7.537088082381561416e-02,2.013972914386864821e-01,6.667898170873852448e-02,3.278551233051239522e-01,2.807709719650493957e-02,3.006206255271304806e-01
5.119658689420705094e-02,4.199720018665422175e-03,2.195520298646756741e-01,2.753483101126591448e-01,3.529098060129324810e-01,9.679354709686020797e-02
1.008793422230694209e-01,2.303034255276328185e-02,1.554877350040413941e-01,3.743093097107938472e-01,1.413806455267167250e-01,2.049126249826154211e-01
0.000000000000000000e+00,0.000000000000000000e+00,3.175621301631124938e-02,4.467098817881033357e-01,0.000000000000000000e+00,5.215339051955855121e-01
1.188401122787951930e-01,7.423737912801833816e-02,1.255130313780840057e-01,7.451634995222633506e-02,4.521286982228963081e-01,1.547644290399796951e-01
1.580234921332347997e-01,1.279061923832598979e-01,2.305864197227355528e-01,1.649227412797999170e-01,2.242652334477349477e-02,2.961346311361963690e-01
1.060035334511150173e-02,8.500283342778091472e-03,3.985466182206073293e-01,1.451048368278942680e-01,2.748758291943064203e-01,1.623720790693023164e-01
7.620000000000000384e-02,6.983333333333333059e-02,0.000000000000000000e+00,5.490333333333333732e-01,7.936666666666666869e-02,2.255666666666666653e-01
1.421587777284648822e-02,9.356693553289925636e-02,2.709094827515658443e-01,2.895973568074289850e-01,1.989937386702546607e-01,1.327166084650048539e-01
0.000000000000000000e+00,1.069890523255950104e-01,1.700510541759406857e-01,2.579890307184817821e-01,1.998880931139248307e-01,2.650827696660577049e-01
1.215701201915319607e-01,3.734635754595828916e-02,2.436493986564011449e-01,4.531131015210213692e-02,3.128097487589814873e-01,2.393130646950249185e-01
1.272043560418111563e-01,4.270271733656792745e-02,2.430957244682619700e-01,7.116075990177339605e-02,3.758910730175837323e-01,1.399453692340017763e-01
1.667585930627060384e-02,2.334620302877884676e-02,5.673061940466567893e-02,5.687791747139047116e-01,0.000000000000000000e+00,3.344681435463801034e-01
0.000000000000000000e+00,0.000000000000000000e+00,0.000000000000000000e+00,5.618999999999999551e-01,9.666666666666667157e-03,4.284333333333333327e-01
3.839789107298657161e-02,3.453760487080909103e-02,1.036469764372252994e-01,3.593118411647471810e-01,9.978669023504783964e-02,3.643189962191840103e-01
4.791933025229637433e-02,9.954655676090455943e-03,1.661829416209307242e-01,3.871618177075684675e-01,2.169778761258301381e-01,1.718033786172838695e-01
1.010569634138243494e-01,3.673896804736873078e-02,5.942387541055050432e-02,1.416160857352006530e-01,1.307854353081398247e-01,5.303786720849159586e-01
7.371249514156563709e-02,0.000000000000000000e+00,1.877862652389702403e-01,4.924302224664619532e-01,1.276943433584686594e-01,1.183766737945334685e-01
2.171566207538488669e-01,6.129494336382892983e-02,2.386828002430204654e-01,7.736828986444385658e-02,1.910514946831957106e-01,2.144458510916622263e-01
1.313461659622410516e-01,5.393917334594126173e-02,2.187542785145313862e-01,0.000000000000000000e+00,5.350120743461682649e-01,6.094830783111798017e-02
6.869569633094269046e-02,0.000000000000000000e+00,0.000000000000000000e+00,3.541778166959020924e-01,5.721716148157209025e-02,5.199093254915831963e-01
1.748237255382314725e-01,7.236441032948906331e-03,1.392598461320370129e-01,2.771431936023729947e-01,3.095608931346259252e-01,9.197590055978364931e-02
9.555466079917275535e-02,5.238943567151480712e-02,1.631562096043525367e-01,4.517966744725006589e-01,7.337333151864842973e-02,1.637296879338108746e-01
1.606419599444075252e-01,8.053538241462912528e-02,2.214249013503627184e-01,3.944371912408454334e-02,3.903329429090397484e-01,1.076210942574763602e-01
5.340841569256615795e-02,0.000000000000000000e+00,5.340841569256615795e-02,5.816889562525520141e-01,5.340841569256615795e-02,2.580857966697494010e-01
1.399687318804018477e-01,7.460830359108183707e-02,1.601053152427727722e-01,1.658952304498335362e-01,1.646493247501361890e-01,2.947730940857737347e-01
1.247503166611775988e-01,6.570793517264057748e-02,1.558341299482609577e-01,1.713424893579375829e-01,3.773202984419261052e-01,1.050448304180571779e-01
1.610114410377672944e-01,1.315532590739161012e-01,2.016500666771900707e-01,2.930116906655788611e-01,1.667539850621120312e-01,4.601955748343580094e-02
1.253105160268971618e-01,1.234750449978547771e-01,1.959185138456110975e-01,1.383368352096724374e-01,1.805957892478695925e-01,2.363633006720949892e-01
0.000000000000000000e+00,0.000000000000000000e+00,1.598948867503369176e-01,6.291518348337015176e-01,3.954847686256079790e-03,2.069984307297055015e-01
2.014097465136822918e-01,3.184244307646153654e-02,2.514586993353668531e-01,2.775868134163061440e-01,7.326639746018778765e-02,1.644359001979954216e-01
6.436444617823997016e-02,2.239882727002750346e-02,1.759613565134775792e-01,4.941425958258873208e-01,5.316503254322621497e-02,1.899677416691414877e-01
9.207635225246964261e-02,1.770230080998084765e-01,2.633894290409327099e-01,5.351538966290521337e-02,1.568553890993695799e-01,2.571404318445143500e-01
6.708433026585292058e-02,4.848472809051530830e-02,2.057208667649441380e-01,2.659773298456191704e-01,1.838448222135239118e-01,2.288879228195445092e-01
1.064160125855266176e-01,1.131483501354793031e-01,6.111124333744282627e-02,2.583786152733199004e-01,2.528456861152645896e-01,2.081000925529667700e-01
9.563014566181128606e-02,5.953134895503484070e-02,7.729742341921935767e-02,1.208626379120695954e-01,1.262624579180694206e-01,5.204159861337954718e-01
6.965269657004342918e-02,2.736140932678023455e-02,4.207638949736677292e-01,2.498346506185654403e-03,3.635589347820953887e-01,1.161647178412274772e-01
1.369999999999999864e-02,0.000000000000000000e+00,7.406666666666666954e-02,5.329000000000000403e-01,2.556999999999999829e-01,1.236333333333333312e-01
5.492192427081795530e-02,5.162412395025607614e-03,4.975951187579235463e-02,4.834064039269011515e-01,9.255848975525225730e-02,3.141912577762107639e-01
1.518016833622215789e-01,1.251844305604356555e-01,2.905723654796998345e-01,2.773138230027996087e-01,1.053433571123875562e-01,4.978434048245588411e-02
1.301341562270683649e-01,1.877781192651536979e-02,3.871548279801669268e-01,0.000000000000000000e+00,4.255500928774044733e-01,3.838311098884484435e-02
3.521035131887791797e-02,0.000000000000000000e+00,6.156503068325910183e-02,3.541495442267268423e-01,2.920754861006307213e-01,2.569995876705053472e-01
2.415812774001531993e-01,1.237506181806483085e-01,1.407380441610295296e-01,1.818135072470213748e-02,2.175060201163897811e-01,2.582426894170770093e-01
1.383084338513067002e-01,9.602041920492349059e-02,2.394418594879209328e-01,1.807223458906947189e-01,1.891467378872274951e-01,1.563602036779266069e-01
1.347006448440878773e-02,7.340726029311681056e-02,2.694012896881757546e-02,1.069552328031350280e-01,2.514084298294399500e-01,5.278188836210817581e-01
0.000000000000000000e+00,1.390000000000000263e-02,9.026666666666667560e-02,1.828666666666666774e-01,3.055666666666666531e-01,4.073999999999999844e-01
7.318915017164157044e-02,1.236773111706328115e-01,2.594272251095863790e-01,2.892302412688662824e-02,3.487119529122785777e-01,1.660713365089740434e-01
1.204053380120329725e-01,7.550839665219886976e-02,1.778474608682319158e-01,2.307756060820679855e-01,2.270981085873769456e-01,1.683650897980913386e-01
2.516996145470512536e-01,1.522380556682624286e-01,2.747450773252094747e-01,0.000000000000000000e+00,2.446740544669784301e-01,7.664319799249844078e-02
1.358449400466438250e-01,7.745146884635600859e-02,3.697066063585452977e-01,1.736136755732912706e-01,1.499439414072909760e-01,9.343936776787259424e-02
5.227883820144987176e-02,7.548797847304895836e-02,4.452025902887801756e-02,4.660328191610983439e-01,1.200415361249852070e-01,2.416385690105395390e-01
8.476567548483035508e-02,2.484008394082966656e-02,2.284111860594633669e-01,5.352144772555104124e-01,3.972208689354566474e-02,8.704649036582047528e-02
2.517181324687985389e-01,1.523564260490049282e-01,2.746681880811696064e-01,0.000000000000000000e+00,2.449297747487692023e-01,7.632747865225776585e-02
2.302589913669544353e-01,6.989767007766407858e-02,1.910936302123262542e-01,2.250924969167694412e-01,1.285623812539582189e-01,1.550948301723275857e-01
1.382434459605901000e-01,1.125961114109579053e-01,2.268412210819506780e-01,1.699063936460993851e-01,1.989191624758629706e-01,1.534936654245389331e-01
1.344228684579058808e-01,5.738520115454461522e-03,1.732512570909200134e-01,7.571931633275748308e-02,5.057234622295484622e-02,5.602956917800073766e-01
6.150031263948724930e-02,5.739220570913848053e-03,3.605902295438045413e-01,1.537455202082521066e-01,1.301707605380524324e-01,2.882539564994898718e-01
1.679297443637499665e-01,2.081719375750957224e-01,2.194262309836885749e-01,0.000000000000000000e+00,2.649339009130901590e-01,1.395381861643755494e-01
7.278199572798640937e-02,8.538570440623682173e-03,3.781134732487222982e-01,3.346361272345901861e-02,4.537948806377462563e-01,5.330746722146237349e-02
1.958101908810679428e-02,1.303117434059261961e-02,2.233963643914269603e-01,5.336049496923104263e-01,6.518918416115652981e-02,1.451973083264067599e-01
5.686410217190744631e-02,6.174894433102037089e-03,4.244605715037840787e-01,1.168345796517202689e-01,2.037775493374985314e-01,1.918883029019876063e-01
2.416127440280083430e-02,9.891668607205254815e-02,5.435471582924289446e-02,1.877719622657250675e-01,3.534328483801731369e-01,2.813625130500054805e-01
5.007642657385758672e-02,4.149418140604783228e-02,2.518548619713879555e-01,8.280799121457531331e-02,8.180039552994450291e-02,4.919661433041868648e-01
2.118261243523876167e-02,5.059647821954825486e-02,3.041119336022449215e-01,8.234086295894091356e-02,1.163343163716369644e-01,4.254337964123901528e-01
1.441666666666666374e-01,9.979999999999998594e-02,1.959666666666666779e-01,3.353999999999999759e-01,1.542000000000000037e-01,7.046666666666666357e-02
7.845978464455706514e-02,5.428471562039678677e-02,2.512589413514215719e-01,2.569946528170850564e-01,1.970035305435663964e-01,1.619983750229732067e-01
1.934251766640627257e-01,7.334900746268931127e-02,3.993076527660307518e-01,0.000000000000000000e+00,2.489437663870921191e-01,8.497439672012507828e-02
6.929166119976573439e-03,0.000000000000000000e+00,9.713784280340991006e-02,4.355052496021792341e-01,1.460194472081193517e-01,3.144082942663148916e-01
2.810463284872714417e-03,0.000000000000000000e+00,1.109558293156812786e-01,7.105064420042702354e-03,6.971423511813623630e-01,1.819862917980409889e-01
6.281999999999999806e-01,0.000000000000000000e+00,0.000000000000000000e+00,0.000000000000000000e+00,1.794999999999999929e-01,1.922999999999999987e-01
6.981315309715895034e-02,2.149748511952991048e-02,3.396563763135540537e-01,8.038770569774141700e-03,4.395877533167226736e-01,1.214064615832602390e-01
1.895907008903398652e-02,8.541630517144285437e-03,1.654396593104926760e-01,2.421071759482030517e-01,3.045844952642862702e-01,2.603679688708397388e-01
0.000000000000000000e+00,0.000000000000000000e+00,3.450591255324187562e-02,5.510939120438206329e-01,8.686085280916837348e-02,3.275393225937690556e-01
2.206417850154826221e-01,1.289610252651086642e-01,2.250401880972560109e-01,7.424919207335858862e-02,2.850708286776912903e-01,6.603698087110287940e-02
2.077814512239179734e-01,1.101294006263022068e-01,3.006431914458371213e-01,0.000000000000000000e+00,2.770707315772535373e-01,1.043752251266891334e-01
5.291843499896287106e-02,1.835516518278569043e-01,2.291424999640080118e-01,5.920802777665203076e-02,2.024029365977630945e-01,2.727764488347571570e-01
1.158960163801030230e-01,3.055664309801973608e-02,2.754337358207064046e-01,2.674997634488184839e-01,1.936174955881941051e-01,1.169963456641581467e-01
1.416357145944219242e-01,7.400051159604968676e-02,2.608524637725615491e-01,0.000000000000000000e+00,4.597982462832138628e-01,6.371306375375304643e-02
1.017382789361691714e-01,5.362747331413904306e-02,1.875765109054179092e-01,2.741539345548130724e-01,2.283958423051507813e-01,1.545079599843099949e-01
3.974871828226515802e-02,1.656196595094381815e-02,1.642319572516970083e-01,2.380889866564591950e-01,1.947209803228169278e-01,3.466473915358178615e-01
1.066279256966775335e-01,1.148636880059121651e-01,9.899195083864037459e-02,5.304681565224126510e-02,2.250485127529782692e-01,4.014211070535504966e-01
0.000000000000000000e+00,1.025330159224232957e-01,0.000000000000000000e+00,3.581266808727399664e-01,2.099579756663198238e-01,3.293823275385168170e-01
6.382176341625117599e-02,2.220997366885540600e-02,1.248672801238954189e-01,4.623821963378289546e-01,5.271677658182347820e-02,2.740020098713457086e-01
1.432958396418430869e-01,6.519554328793093767e-02,1.405611391231544605e-01,3.778400216308054893e-01,9.315026120833502787e-02,1.799571951079310395e-01
1.639278690710309627e-01,2.986567114429519373e-02,1.036632112262924621e-01,4.087863737875404024e-01,9.356354788173729120e-02,2.001933268891037121e-01
1.766304895190644320e-01,1.198040436849807239e-01,3.690543591449760297e-01,4.395045922894078722e-02,1.257639681779552931e-01,1.647966802440826994e-01
0.000000000000000000e+00,0.000000000000000000e+00,3.309999999999999748e-02,4.966999999999999749e-01,9.270000000000000462e-02,3.775000000000000022e-01
1.028079773193664448e-01,8.412496036380244513e-02,1.924553898193401280e-01,1.003248702025822253e-01,2.614296668517376299e-01,2.588571354431711824e-01
1.574489518163850188e-01,6.721504960582518583e-03,1.636793879213998548e-01,4.044629706398806257e-01,5.923518070285050535e-02,2.084520039589013718e-01
1.441666666666666652e-01,9.979999999999999982e-02,1.959666666666666501e-01,3.353999999999999759e-01,1.542000000000000037e-01,7.046666666666666357e-02
6.095169300889637792e-02,6.079939706513313481e-03,3.633370799069520207e-01,2.387663885387565910e-01,1.350998726431301422e-01,1.957650261957516458e-01
0.000000000000000000e+00,1.458297611448922636e-02,9.345307701768094943e-02,4.776457460246144038e-01,1.774619270908327495e-01,2.368562737523828010e-01
1.945094561929598675e-02,0.000000000000000000e+00,2.464679202224734078e-01,4.733441880347236674e-01,1.160026274885724434e-01,1.447343186349346056e-01
1.370000000000000037e-02,0.000000000000000000e+00,2.740000000000000074e-02,5.951333333333332920e-01,2.557000000000000384e-01,1.080666666666666581e-01
6.502595259020184371e-02,2.262903150139023573e-02,1.272232762427298880e-01,5.589570454775327768e-01,5.371143683950672237e-02,1.724532573486386722e-01
5.312933770869891076e-02,5.000028655641603620e-03,4.812930905305730367e-02,4.908093174143586812e-01,8.950077357854631377e-02,3.134312335896972668e-01
0.000000000000000000e+00,0.000000000000000000e+00,0.000000000000000000e+00,6.952604286434618253e-01,0.000000000000000000e+00,3.047395713565381192e-01
8.193261072280848267e-03,0.000000000000000000e+00,9.173808263192340107e-02,4.788398751459385649e-01,2.545642296402935711e-01,1.666645515095636076e-01
4.794043909106223550e-02,9.932498209148073534e-03,1.661041994255483822e-01,3.871672880718234899e-01,2.170240267054512340e-01,1.718315484969664408e-01
0.000000000000000000e+00,8.325132746262691244e-03,8.452908144787313338e-02,5.055376512868847705e-01,1.473214301066254894e-01,2.542867044123537923e-01
0.000000000000000000e+00,1.313343591006781511e-02,1.257977145503554328e-01,5.615083268869992539e-01,3.940030773020344185e-02,2.601602149223741223e-01
5.738725581587503927e-02,0.000000000000000000e+00,2.309773013072723979e-01,3.642359556583108504e-01,8.522960345030637652e-02,2.621698837682354122e-01
9.727934180318049961e-02,2.788832576029309090e-02,2.026643149290829060e-01,1.133499128962856400e-01,3.685156541250519946e-01,1.903024504861059174e-01
1.166071783356260744e-01,1.044823134689328303e-01,1.089108551755050419e-01,3.784516578486176175e-01,1.682564724052698635e-01,1.232915227660486140e-01
7.620000000000000384e-02,6.983333333333333059e-02,0.000000000000000000e+00,5.490333333333333732e-01,7.936666666666666869e-02,2.255666666666666653e-01
1.052678430302615709e-01,0.000000000000000000e+00,5.334096888318783786e-02,2.476853350959054012e-01,5.334096888318783786e-02,5.403648841074573106e-01
2.116868882272976427e-01,7.102680789586192367e-02,1.974580515875534459e-01,2.207765102318377803e-01,1.510973731128185948e-01,1.479543689446306820e-01
4.552014419867480427e-02,0.000000000000000000e+00,7.412618656327694955e-02,6.161114565227135964e-01,1.707887580787488535e-02,2.471633369074598408e-01
0.000000000000000000e+00,7.843071897603415277e-02,2.570914302856571743e-01,3.054231525615812570e-01,2.561914602846571687e-01,1.028632378920702750e-01
0.000000000000000000e+00,0.000000000000000000e+00,1.008668259503019138e-02,5.932879918514264439e-01,3.351485590680958106e-03,3.932738399628624149e-01
0.000000000000000000e+00,7.345679519306420879e-02,0.000000000000000000e+00,6.356613308766060344e-01,1.836263788039114719e-01,1.072554951264182016e-01
4.692944442778874958e-02,0.000000000000000000e+00,3.933467981619808707e-01,1.719600593625817686e-01,1.671784473743209709e-01,2.205852506733277374e-01
1.524015615446486227e-01,9.637183481496212900e-02,2.190669478152648675e-01,2.597515440502967121e-01,1.282330265117982149e-01,1.441750852630294399e-01
1.166071783356260744e-01,1.044823134689328303e-01,1.089108551755050419e-01,3.784516578486176175e-01,1.682564724052698635e-01,1.232915227660486140e-01
1.508924177644523912e-01,9.212241133207246802e-02,2.675661199043337657e-01,8.275116793439592222e-02,3.667249955803499328e-01,3.994288748439553394e-02
2.139491180576846494e-02,2.139491180576846494e-02,0.000000000000000000e+00,6.966672515859836379e-01,1.071404110583444244e-02,2.498288836966449655e-01
7.522272194402148011e-03,6.883939047739215389e-02,1.481589382430484603e-01,4.150418570215066993e-01,1.025045884716031808e-01,2.579329535920473759e-01
2.634781820736292746e-02,1.072476407407526588e-01,8.435309099087294482e-02,3.561813582582710191e-01,3.067724690148767586e-01,1.190976227878637883e-01
4.793936092140987232e-02,0.000000000000000000e+00,4.706788445693628753e-01,3.593449893256516620e-02,3.153833796031497716e-01,1.300639159735122174e-01
1.369999999999999864e-02,0.000000000000000000e+00,7.406666666666665566e-02,5.329000000000000403e-01,2.556999999999999829e-01,1.236333333333333173e-01
1.171909826365191559e-01,8.582500838284144729e-02,2.540020098069977750e-01,1.593949823812576549e-01,3.271166440481484972e-01,5.647037274423544195e-02
0.000000000000000000e+00,0.000000000000000000e+00,0.000000000000000000e+00,6.270000000000000018e-01,0.000000000000000000e+00,3.730000000000000537e-01
3.497847868794081577e-02,4.277015793029712021e-02,1.648963678419117229e-01,2.932765037222879734e-01,1.933783900220968077e-01,2.707001017954654976e-01
1.091194608220340256e-01,8.841939814075187865e-02,1.210757241397105721e-01,1.368586990538369352e-01,2.435262465695433864e-01,3.010004712741231603e-01
4.824768934136929033e-02,5.460605399595921949e-02,1.014969369533847976e-01,4.325483432960755548e-01,3.167101190582783943e-01,4.639085735493279211e-02
1.166071783356260744e-01,1.044823134689328303e-01,1.089108551755050419e-01,3.784516578486176175e-01,1.682564724052698635e-01,1.232915227660486140e-01
3.401852082413409084e-02,0.000000000000000000e+00,3.419158356166081963e-02,6.065638590112940598e-01,8.501314560729025804e-02,2.402128909956206537e-01
0.000000000000000000e+00,0.000000000000000000e+00,0.000000000000000000e+00,8.190362919672538045e-01,0.000000000000000000e+00,1.809637080327461123e-01
1.891095546092204649e-01,1.405210446428489801e-01,2.088544796537465109e-01,0.000000000000000000e+00,3.644866645303734276e-01,9.702825656381057484e-02
1.935999999999999943e-01,5.249999999999999806e-02,2.003666666666666651e-01,1.752333333333333243e-01,1.377666666666666762e-01,2.405333333333333490e-01
7.484549866225910508e-02,3.961826131217949243e-02,6.705324509773194497e-02,3.348906590574191600e-01,8.465035616389167406e-02,3.989419797065186235e-01
6.708433026585292058e-02,4.848472809051530830e-02,2.057208667649441380e-01,2.659773298456191704e-01,1.838448222135239118e-01,2.288879228195445092e-01
2.205054541356826076e-02,1.336440078354484973e-01,8.392052906990525585e-02,2.034363685461298976e-01,4.849029891893684441e-02,5.084582502160112094e-01
1.068980536506713569e-01,4.004252077451023184e-02,2.040483803196923573e-01,2.675089895874175894e-01,2.093172455628328210e-01,1.721848101048756297e-01
1.532200761968673941e-01,9.947697294068427731e-02,3.774778419123475670e-01,0.000000000000000000e+00,2.702676725578626593e-01,9.955743639223803287e-02
1.258400004321398313e-01,6.124145835003542288e-02,1.799592712096690361e-01,2.535509570508480137e-01,1.090084946511476194e-01,2.703998183061601113e-01
1.495989339144529473e-01,1.638346084677608505e-01,2.894349185345996833e-01,1.079647536054643558e-01,1.246979632085716688e-01,1.644688222691505497e-01
1.847333333333333050e-01,1.252999999999999947e-01,2.778333333333333210e-01,1.968999999999999917e-01,1.441000000000000059e-01,7.113333333333332620e-02
0.000000000000000000e+00,0.000000000000000000e+00,2.713067635658484300e-01,1.233542565468384450e-01,3.543164893877324695e-01,2.510224904995806972e-01
2.726999999999999980e-01,2.172000000000000042e-01,2.172000000000000042e-01,0.000000000000000000e+00,2.172000000000000042e-01,7.580000000000000626e-02
2.043846324352805721e-01,1.578253361886528330e-02,3.595681319636128692e-01,6.669268760585815581e-02,1.938384598915728896e-01,1.597335544848102751e-01
0.000000000000000000e+00,0.000000000000000000e+00,0.000000000000000000e+00,1.000000000000000000e+00,0.000000000000000000e+00,0.000000000000000000e+00
0.000000000000000000e+00,0.000000000000000000e+00,6.404515299408758411e-02,5.423006780445325248e-01,0.000000000000000000e+00,3.936541689613800021e-01
6.725227081092598203e-02,4.860610593882908059e-02,2.062358733895983953e-01,2.646737400399065687e-01,1.843050638158331700e-01,2.289269460049068172e-01
1.207084610481458931e-01,9.593756149697632574e-02,1.561096530537612326e-01,4.156001331946439503e-01,1.146150846879651491e-01,9.702910651850750468e-02
4.649999999999999967e-02,0.000000000000000000e+00,3.952999999999999847e-01,0.000000000000000000e+00,5.000000000000000000e-01,5.809999999999999887e-02
5.567272119199707936e-02,4.174563610813856324e-02,1.335717878886686361e-01,1.985073880491986242e-01,1.252369083244156966e-01,4.452655584375813658e-01
0.000000000000000000e+00,0.000000000000000000e+00,0.000000000000000000e+00,5.271866239908200580e-01,2.220085327347240123e-01,2.508048432744559575e-01
2.730000000000000482e-02,3.233333333333333719e-03,1.244666666666666976e-01,4.543000000000000371e-01,2.448666666666667047e-01,1.458333333333333703e-01
0.000000000000000000e+00,0.000000000000000000e+00,0.000000000000000000e+00,7.913848149583723179e-01,0.000000000000000000e+00,2.086151850416277098e-01
1.645840839752652773e-01,5.739456157046256279e-02,1.889946755943729406e-01,8.987361293941979745e-02,1.805950604878165944e-01,3.185580054326628274e-01
1.212909030776001817e-01,6.711636772158581510e-02,3.507840052480853954e-01,2.090803938431657072e-01,1.773293089499246300e-01,7.439902115963827056e-02
8.766502974253267966e-02,1.057658931705221517e-01,9.310059302335511877e-02,3.207963338015714649e-01,1.312158233461954149e-01,2.614563269158232117e-01
8.466762601489440099e-02,1.003570669354045819e-01,2.892090609697318682e-01,3.066588059142768066e-02,3.051874049139899348e-01,1.899129605745515093e-01
8.665319312823409337e-02,1.151427833512585763e-01,5.389650949207287073e-02,2.793358038097657481e-01,1.820785150946266640e-01,2.828931951240420961e-01
0.000000000000000000e+00,1.474000000000000032e-01,0.000000000000000000e+00,6.320000000000000617e-02,0.000000000000000000e+00,7.894999999999999796e-01
0.000000000000000000e+00,0.000000000000000000e+00,0.000000000000000000e+00,8.015939418726650834e-01,0.000000000000000000e+00,1.984060581273348889e-01
0.000000000000000000e+00,1.295090402477567515e-01,0.000000000000000000e+00,1.375989919128697558e-01,0.000000000000000000e+00,7.328919678393733816e-01
2.161046144566105276e-01,1.073788155335479999e-01,3.136680456106971659e-01,5.627981980636849457e-02,2.454568166736426083e-01,6.111188791913307189e-02
0.000000000000000000e+00,0.000000000000000000e+00,9.923027594567256082e-02,4.212656123270193120e-01,4.416905461501855618e-02,4.353350571122895918e-01
2.516063657592442215e-01,1.311591397259208869e-01,3.586941948220199183e-01,0.000000000000000000e+00,1.858537334131264984e-01,7.268656627968851647e-02
2.060920250988335090e-02,5.144056946466884182e-03,1.546514556341646585e-02,5.929600067487998949e-01,2.183915971567318703e-01,1.474299910747015330e-01
0.000000000000000000e+00,0.000000000000000000e+00,3.066816866145991027e-01,2.788241885858525615e-01,1.866486696261228651e-01,2.278454551734255262e-01
1.585436355745826753e-01,6.768237074236569013e-03,1.648173895749024120e-01,3.708548429229221455e-01,5.964702079121726036e-02,2.393688740621390254e-01
0.000000000000000000e+00,5.874877651669628553e-03,0.000000000000000000e+00,7.744294250250106648e-01,2.987146546081801898e-02,1.898242318625016634e-01
1.157239736080792891e-01,9.415700245242694666e-02,1.103040416607650315e-01,3.231103131129428041e-01,1.359821275414752895e-01,2.207225416243107918e-01
7.856232089258445572e-02,2.837960122014786951e-02,3.271446691803557849e-01,3.305104160257425761e-02,4.141963423684252299e-01,1.186660247359123260e-01
3.635627199423425299e-02,0.000000000000000000e+00,0.000000000000000000e+00,5.710589941523536162e-01,1.575656612531394496e-01,2.350190726002727715e-01
0.000000000000000000e+00,0.000000000000000000e+00,0.000000000000000000e+00,7.555315584527503292e-01,0.000000000000000000e+00,2.444684415472496430e-01
1.459884671523234423e-01,1.754848844311124659e-02,1.298470692089600531e-01,0.000000000000000000e+00,2.105701160472718270e-01,4.960458591483332680e-01
1.611902724163512823e-01,6.881222155785756030e-03,1.675687568803901351e-01,3.633570703651396450e-01,6.064273406697037044e-02,2.403599441153627114e-01
6.443539648476183379e-02,5.734336885811679163e-02,2.031305356763525305e-01,2.781578297894414797e-01,2.658107376040525494e-01,1.311221315872747595e-01
1.009437946635841632e-01,9.389417814234948811e-02,2.346515213496685667e-02,5.457436332983769400e-01,1.173928998797983958e-01,1.185603418809242360e-01
0.000000000000000000e+00,0.000000000000000000e+00,2.205783578633245257e-01,2.379811201606260029e-01,3.097794891392041672e-01,2.316610328368452765e-01
7.620000000000000384e-02,6.983333333333333059e-02,0.000000000000000000e+00,5.490333333333333732e-01,7.936666666666666869e-02,2.255666666666666653e-01
1.186552449405378629e-01,1.598172986789732006e-02,1.248952488837361124e-01,4.720943165984481937e-01,1.668960229128123862e-01,1.014774367965681767e-01
4.782498311801713919e-02,0.000000000000000000e+00,2.984358319134007287e-01,7.795605638084015902e-03,6.063029197442681983e-01,3.964065958622994823e-02
4.898658640926126934e-02,0.000000000000000000e+00,2.229561709680970005e-01,2.571211036856663190e-01,3.553393398007761994e-01,1.155967991361991631e-01
5.838217268957836270e-02,0.000000000000000000e+00,2.384581537143281582e-01,3.645925648810353636e-01,7.990340637587514672e-02,2.586637023391829548e-01
2.512818132068770360e-01,4.008382512187901731e-02,4.069606776211348032e-01,3.898322040467340488e-02,1.313222203379811881e-01,1.313682433074545297e-01
6.838012483526723084e-02,0.000000000000000000e+00,2.546239926646898244e-01,3.387117570466251226e-02,5.146930989143098101e-01,1.284316078810706918e-01
1.690658636783539115e-01,7.359222156631771254e-03,1.015055693436762302e-01,2.205870047530980038e-01,2.243978777251294243e-01,2.770844623431106823e-01
1.017382789361691714e-01,5.362747331413904306e-02,1.875765109054179092e-01,2.741539345548130724e-01,2.283958423051507813e-01,1.545079599843099949e-01
0.000000000000000000e+00,0.000000000000000000e+00,6.356015601824821504e-02,5.173408138374245846e-01,2.723539607160533130e-02,3.918636340727218448e-01
3.039455295223811998e-02,5.993384485268059281e-03,4.103640603684924892e-01,2.514195645453520256e-01,1.587508957517980990e-01,1.430775418968512069e-01
0.000000000000000000e+00,1.853385088621451737e-01,0.000000000000000000e+00,6.116573605004845676e-02,3.411192481320399761e-01,4.123765069557663310e-01
4.845477164172641571e-02,3.229364650738437287e-02,2.768844093812938140e-02,6.108234305805683162e-01,0.000000000000000000e+00,2.807397103321915832e-01
1.441666666666666374e-01,9.979999999999999982e-02,1.959666666666666501e-01,3.354000000000000314e-01,1.542000000000000037e-01,7.046666666666664969e-02
9.357132017703606586e-02,8.703657550221811923e-02,3.999966721991931595e-01,1.575987381631360207e-01,1.219406841401939334e-01,1.398560098182227984e-01
1.639278690710309627e-01,2.986567114429519026e-02,1.036632112262924482e-01,4.087863737875404024e-01,9.356354788173726345e-02,2.001933268891036566e-01
2.328432871545332156e-02,1.043695850700433331e-01,1.886601814390626575e-01,2.221990928137740351e-01,1.097689782299942352e-01,3.517178337316724246e-01
1.377926865198522144e-01,1.574677957169559050e-01,2.911113095489835378e-02,4.115339595993139921e-01,1.066738913611677553e-01,1.574205358478118211e-01
1.205902585708357871e-01,5.142825496602621005e-02,1.252025019731103639e-01,2.262108254192208012e-01,3.487543307844848672e-01,1.278138282863220399e-01
8.002952039331982792e-03,6.040353744892216527e-03,8.271958830570033672e-02,1.588458518774370498e-01,4.390865383445906045e-01,3.053047156880478452e-01
5.374588950176193564e-02,0.000000000000000000e+00,1.328320469485553823e-01,2.823595502763734943e-01,8.134781672430674293e-02,4.497146965490024240e-01
1.351179362944446641e-02,0.000000000000000000e+00,2.867879004349682681e-01,2.982257757780960028e-01,2.261057003650479846e-01,1.753688297924432260e-01
3.828698310823949041e-02,3.181737700966810051e-02,1.597023011517324231e-01,1.543657650469497100e-01,2.292310398916390102e-01,3.865965337917713351e-01
1.392318883415814834e-01,9.166065318563047792e-02,2.433938691150639433e-01,1.711396017970238104e-01,2.476996459121530714e-01,1.068743416485473247e-01
6.432393903795773082e-02,0.000000000000000000e+00,2.004578104604777533e-02,5.149091487919588150e-01,1.137132351319456031e-01,2.870078959920899786e-01
1.935999999999999943e-01,5.249999999999999806e-02,2.003666666666666651e-01,1.752333333333333243e-01,1.377666666666666762e-01,2.405333333333333490e-01
