1.274794083558592750e-01,3.454752916980838306e-02,3.108921686495135783e-01,2.146676924486110027e-01,1.488926506415677309e-01,1.635205507346400855e-01
1.191476149510765081e-01,8.023851937710931720e-03,1.586012423136047289e-01,4.563115308777013768e-01,1.042047526299676868e-01,1.537110072899387503e-01
1.507053922579761618e-01,4.907841125736397969e-02,2.696842067804999798e-01,1.816845144082772923e-01,1.796791639398643003e-01,1.691683113560183416e-01
1.719040272697868466e-01,4.933527555927891273e-02,2.227484674272191545e-01,2.076496363248934440e-01,2.083364992307743524e-01,1.400260941880473176e-01
1.126510616250330776e-01,1.106362663666742366e-02,1.477724230147876572e-01,4.247015132963867790e-01,1.649317598394719475e-01,1.388796155876531602e-01
6.542198800101450828e-02,6.429475596231438994e-02,1.077668382034318445e-01,5.034341974883665971e-01,7.916337831713408935e-02,1.799188420277386680e-01
1.000664053194893627e-01,4.944570785449981659e-02,2.533676367803693319e-01,2.776852445142822257e-01,1.248917219204495888e-01,1.945432836109097507e-01
1.282524449361650831e-01,2.567419638424083342e-02,2.318839028605868269e-01,3.451381292036505011e-01,1.163691531882495717e-01,1.526821734271071873e-01
1.615668204800385088e-01,5.379511015349858205e-02,2.279296625683671917e-01,2.253898078997745857e-01,1.410468136056538258e-01,1.902717852926672781e-01
7.325621506613941292e-02,1.616657277055900607e-02,2.121604203664335664e-01,3.517215952173342597e-01,4.901122052919718725e-02,2.976839760503364740e-01
6.317963077304006303e-02,3.536744757829476948e-02,1.868846794807572931e-01,4.418865852856289633e-01,5.760187580940268059e-02,2.150797810728762027e-01
2.649999999999999925e-02,4.420000000000000318e-02,2.477999999999999925e-01,2.649999999999999925e-02,5.574999999999999956e-01,9.729999999999999760e-02
2.197870433192750800e-02,5.106480351755138258e-02,1.663849417208683734e-01,3.977478643780159029e-01,1.955759621939845427e-01,1.672477238576521585e-01
6.011743293762688428e-02,3.650739201336031942e-02,1.749382897698190664e-01,2.787511412509239284e-01,2.201739505458484847e-01,2.295117934824212613e-01
1.637259167772936175e-01,3.578636877764138774e-02,2.986733822556328910e-01,1.582805271782376233e-01,2.169810350416310762e-01,1.265527699695632169e-01
7.762063078491561463e-02,0.000000000000000000e+00,9.774546043808254869e-02,5.706754043071262661e-01,1.302695609476227923e-01,1.236889435222528477e-01
1.245120557797156913e-01,2.353902247966375028e-03,1.769712260311698815e-01,4.329080411248206195e-01,1.013659765512596872e-01,1.618887982650677182e-01
1.376089714278166086e-02,0.000000000000000000e+00,1.248900049112236788e-01,6.156002938447742157e-01,1.612391890188944743e-01,8.450961508232594788e-02
1.627988027952086414e-01,4.928966609473154487e-02,2.656743569369512947e-01,2.074576684354092204e-01,1.719828220851772893e-01,1.427966836525220162e-01
1.315432637357558388e-01,2.600339868064888843e-02,3.140718599997543437e-01,1.591107790238685538e-01,2.455558870950346473e-01,1.237148114649377351e-01
1.409316790777305761e-01,1.066181616703442275e-01,2.660796038195737956e-01,2.000764411936617748e-01,1.802757117656038632e-01,1.060184024730857905e-01
3.273060963790253713e-02,7.941938192756861636e-03,2.319862201326329532e-01,5.696684375993060767e-01,6.192079560372087954e-02,9.575199883368068487e-02
7.747298906279190267e-02,0.000000000000000000e+00,1.443199391613517735e-01,6.036326428717214698e-01,6.740333180683634462e-02,1.071710970972985233e-01
6.150790168662999269e-02,4.484677681199917415e-02,1.974551415223701756e-01,2.844336984225222520e-01,2.146936657651655200e-01,1.970628157913129619e-01
1.211311529807097692e-01,1.096108601781159951e-02,2.051378591525115092e-01,3.736852144173219425e-01,1.084219529606519211e-01,1.806627344709932359e-01
6.135272973848263783e-02,4.495275033438306256e-02,1.965267868453798306e-01,2.844933839890881888e-01,2.152297027217753844e-01,1.974446463708909305e-01
9.183796462749081735e-02,4.878317801936989800e-02,2.241587243430309684e-01,2.828205527559343735e-01,1.607055775117964824e-01,1.916940027423774950e-01
6.429040313319078770e-02,4.093161286591374265e-02,1.061325976950664440e-01,4.396640434023234567e-01,7.780775171394276046e-02,2.711735911895627460e-01
7.896527483833508387e-02,3.254651978684940106e-02,2.402268398804489613e-01,1.998377384467200923e-01,3.640916284894156196e-01,8.433199855823084179e-02
1.570908450066960949e-01,2.732149008571103238e-02,3.285210526078883309e-01,1.187583720539699544e-01,2.467902522765085260e-01,1.215179879692260545e-01
6.588550752703327407e-02,4.191177237453825449e-02,1.222857308420782219e-01,5.132012514928052660e-01,1.045827281414476589e-01,1.521330096220973593e-01
1.028792880236937962e-01,4.954747523321607200e-02,2.622572799494566897e-01,2.065774189872203181e-01,2.846403425686946376e-01,9.409819523771836836e-02
5.846409124729508994e-02,2.124610889736315220e-02,1.802308264667438487e-01,3.023368301199744201e-01,2.996087672398651258e-01,1.381133760287584222e-01
1.001450329223737140e-01,6.576557804816769714e-02,1.241667783380122486e-01,4.768869278035350878e-01,1.078622042183869645e-01,1.251734786695241075e-01
1.137313061958144106e-01,6.714957490317519095e-02,2.551141083244603536e-01,2.094749326361111386e-01,1.457118897052530615e-01,2.088181882351857754e-01
1.245120557797156913e-01,2.353902247966375028e-03,1.769712260311698815e-01,4.329080411248206195e-01,1.013659765512596872e-01,1.618887982650677182e-01
8.613779428081287659e-02,5.856911574138341792e-02,1.435220809263740294e-01,3.689384931171629245e-01,2.102067634214934144e-01,1.326257525127733927e-01
1.471420136216686214e-01,4.712391452339836917e-02,1.957176577775223136e-01,3.177128156149825466e-01,1.362000312711954264e-01,1.561035671912326395e-01
6.135272973848263783e-02,4.495275033438306256e-02,1.965267868453798306e-01,2.844933839890881888e-01,2.152297027217753844e-01,1.974446463708909305e-01
1.594863601769810901e-01,4.900717022048284993e-02,2.646863257059841046e-01,1.738055189049921290e-01,1.528840011377582131e-01,2.001306238538016757e-01
1.274500657989742491e-01,3.452698799115584694e-02,2.035110642123187930e-01,3.516208134032138832e-01,1.226818680787533089e-01,1.602092005155839882e-01
1.259796758112655124e-01,2.120636108485115731e-02,2.440549370317854905e-01,2.582316261269896329e-01,1.252319033780280588e-01,2.252954965670801446e-01
1.284447523569714200e-01,1.766801578784675184e-02,1.427658868783724111e-01,4.536086473097050153e-01,1.008757222180475116e-01,1.566369754490569144e-01
1.493448606300084025e-01,4.861682667473391645e-02,2.044628247066564153e-01,2.804658627736644205e-01,1.652997437542850223e-01,1.518098814606518854e-01
1.904970738455631085e-01,8.527072427878318317e-02,2.277475280896146259e-01,2.074927924551599467e-01,1.709375133110319911e-01,1.180543680198471862e-01
4.216226966523600045e-02,1.322974795282764321e-02,3.437591804811997442e-01,2.220819632157434720e-01,2.077017367263039871e-01,1.710651019586891808e-01
9.659789588135700433e-02,2.352528715586710978e-03,1.215302922688818038e-01,5.151375202989663116e-01,9.220537716722114474e-02,1.721763856679870419e-01
1.514838910074970124e-01,1.994355760060078850e-03,1.679110903113136266e-01,2.712742869336193796e-01,2.704540171929094017e-01,1.368823587946005338e-01
6.584856744781916738e-02,4.191167720726685780e-02,1.225616089740036579e-01,5.128375160205238537e-01,1.043487676250727386e-01,1.524918627253136483e-01
1.099959994360758669e-01,1.241473820532018775e-02,2.702875490136450454e-01,3.056437731243846212e-01,1.026348599183513344e-01,1.990230803022229877e-01
1.267016326117083869e-01,1.175622555241122649e-02,2.457690561788144212e-01,2.363826719990103076e-01,1.999546180508476878e-01,1.794357956072079041e-01
1.687642858728931605e-01,5.077828017141806927e-02,2.419226923355974335e-01,2.074576684354092204e-01,1.883134698449753508e-01,1.427636033397067794e-01
1.189492835028238826e-01,6.975919545793693357e-04,2.959504204756938095e-01,2.770277335894892334e-01,2.019422883039640737e-01,1.054326821734497405e-01
1.204242499694854474e-01,1.564716049927078120e-02,2.571755523593373116e-01,2.861147804612959589e-01,1.726242782879806315e-01,1.480139784226298105e-01
1.153574911168400441e-01,0.000000000000000000e+00,1.967922619142414564e-01,4.534678604474542962e-01,1.010087549550531677e-01,1.333736315664112715e-01
1.615862396308009319e-01,4.933582007746201148e-02,2.837308825069259077e-01,1.736907831228232391e-01,2.116609646212347096e-01,1.199953100407532280e-01
6.135272973848263783e-02,4.495275033438306256e-02,1.965267868453798306e-01,2.844933839890881888e-01,2.152297027217753844e-01,1.974446463708909305e-01
1.738366005045657303e-01,5.674376324910257452e-02,2.632815476433144619e-01,2.656679922193214693e-01,1.257696250822645523e-01,1.147004713014312116e-01
3.909531086625282065e-02,3.409681021072074464e-02,2.055425235351218127e-01,4.009650089029217490e-01,8.805026473475474624e-02,2.322500817502280990e-01
1.434574475945216421e-01,0.000000000000000000e+00,2.387023198540098035e-01,2.087456069839634942e-01,2.134357634987051888e-01,1.956588620687999824e-01
1.179892955437738394e-01,3.679207032773142150e-02,1.855266268514735584e-01,3.927925342915887241e-01,8.895567707083046338e-02,1.779437959146019654e-01
1.209707741299559519e-01,1.089900870437892320e-02,1.853621918690927239e-01,4.124859982371558709e-01,1.696460089920868441e-01,1.006360180673297883e-01
6.138957652159809236e-02,3.005906489347261179e-02,1.862354477937418207e-01,3.873273062478396200e-01,1.386173830370842630e-01,1.963712215062636268e-01
8.494711586001542358e-02,5.546921425157909369e-02,2.054113811845645343e-01,3.493967703088923238e-01,8.450905339105033165e-02,2.202664650038982652e-01
4.963250857826517065e-02,7.912282167631554120e-03,1.612987700588265350e-01,4.426007745452320008e-01,8.392761812728814774e-02,2.546280465227565570e-01
0.000000000000000000e+00,0.000000000000000000e+00,4.328000000000000180e-01,5.672000000000000375e-01,0.000000000000000000e+00,0.000000000000000000e+00
1.277534553364793324e-01,6.197982109819656638e-02,1.932030511827454722e-01,4.030469033024458025e-01,9.981617375353371568e-02,1.142005953265990553e-01
1.359500314916649855e-01,1.256519650675008704e-02,2.632146680176937759e-01,2.506077055264482323e-01,2.078441369228842261e-01,1.298182615345587210e-01
7.478003047269426995e-02,2.604850378653373461e-02,1.778654339653586158e-01,2.989448448334806052e-01,1.826366172645550456e-01,2.397245696773777912e-01
1.507036481013463991e-01,4.907784325886643817e-02,1.896299634181385640e-01,2.693147393532385747e-01,1.131135064244699062e-01,2.281602994439401733e-01
1.951345811603681923e-01,7.252828656742058011e-02,1.945153759595635856e-01,2.163548397932088529e-01,1.701255644475348494e-01,1.513413520719038285e-01
5.603738933391111399e-02,5.046893565157638262e-02,1.932524325988951575e-01,4.054552615117391068e-01,6.499102178946715436e-02,2.297949591144111126e-01
1.515518464797845632e-01,4.933527555927891273e-02,2.886943894555618062e-01,2.217328156568039166e-01,1.528094810341899534e-01,1.358761918143809311e-01
6.584856744781916738e-02,4.191167720726685780e-02,1.225616089740036579e-01,5.128375160205238537e-01,1.043487676250727386e-01,1.524918627253136483e-01
5.812466439119174516e-02,3.000338377292074282e-02,1.874346427480448607e-01,4.379949951031577027e-01,5.829824417003722642e-02,2.281440698146476598e-01
8.948616837812586183e-03,2.410411099991248678e-03,1.980261793421780048e-01,5.579385251331977491e-01,1.147631085960179043e-01,1.179131589908025413e-01
9.457955793730822569e-02,3.891646489659151414e-02,2.295182156978726740e-01,2.911292789975101214e-01,2.526595457551823465e-01,9.319693671553512526e-02
1.580573118591506177e-01,2.659161108950124086e-02,2.609993994140987761e-01,1.924905853148967394e-01,1.846021143444143697e-01,1.772589779779381591e-01
1.687642858728931605e-01,5.077828017141806927e-02,2.419226923355974335e-01,2.074576684354092204e-01,1.883134698449753508e-01,1.427636033397067794e-01
1.242818359157291941e-01,2.341833970996049386e-03,1.800115213126246561e-01,4.306885546752500793e-01,1.016174473595731348e-01,1.610588067658269007e-01
1.090785237300809646e-01,1.444757663799031179e-02,1.559416779126145403e-01,4.285930009635912086e-01,1.220326687279702366e-01,1.699065520277527053e-01
9.295085330626284836e-02,5.050262175736463383e-02,2.327685432529784937e-01,3.271541096717335284e-01,1.493670636331262125e-01,1.472568083785343873e-01
1.473009900324974419e-01,1.309553717389434768e-02,2.483933502458766929e-01,1.538551751674571977e-01,1.884958703269985769e-01,2.488590770532758123e-01
1.381556102425919863e-01,1.065863218215086505e-02,3.308724995897810994e-01,2.679436849563952006e-01,1.501890536352809280e-01,1.021805193937999345e-01
1.686555163600867713e-01,5.071633135521649849e-02,2.425669114583607067e-01,2.072045728810082976e-01,1.882672342741035509e-01,1.425894336712243415e-01
8.282857107451470358e-02,5.417660615697775933e-02,2.161148002123273459e-01,2.844336984225221965e-01,1.744309447152986303e-01,1.880153794183593297e-01
1.244118694362006117e-01,2.348650413822925883e-03,1.782942920002865972e-01,4.319421721158942518e-01,1.014754108127063764e-01,1.615276052210894153e-01
6.794771617741050818e-02,4.143955420731880446e-02,1.881173504472499480e-01,3.782960618794816154e-01,1.853076170510953025e-01,1.388917002374437104e-01
3.208295576077163647e-02,0.000000000000000000e+00,1.283215439738421559e-01,6.136766984695645188e-01,8.080392291231804081e-02,1.451148788835035508e-01
9.233393179117109495e-02,4.452015225403171961e-02,2.044506547527405738e-01,2.805870768646377966e-01,1.739116492916783774e-01,2.041965350457404238e-01
5.616270879383739034e-02,3.084417950484064433e-02,1.283277006127586939e-01,5.535827190619713178e-01,6.119105049025534010e-02,1.698916415363365406e-01
1.509826861645213736e-01,2.463342203277039261e-02,1.971031555754930720e-01,2.545315104201351653e-01,2.045939376794423947e-01,1.681552881276376643e-01
6.516891364248468543e-02,5.712152235159857587e-03,1.091390404868265163e-01,3.879854385316828802e-01,2.541197099642062418e-01,1.778747451396398283e-01
1.687642858728931605e-01,5.077828017141806927e-02,2.419226923355974335e-01,2.074576684354092204e-01,1.883134698449753508e-01,1.427636033397067794e-01
1.629343783866044337e-01,4.937051410434147025e-02,2.037937350120907209e-01,2.441134458018244247e-01,1.632910999865535007e-01,1.764968267085854081e-01
1.505455980980708597e-01,4.900770752004987574e-02,2.179144631451586378e-01,2.596741705902789188e-01,1.308795402898806359e-01,1.919785203565612941e-01
1.119087917578848596e-01,2.242723022617351333e-02,2.050900921541641553e-01,3.454887655287429693e-01,1.685122374326000760e-01,1.465728829004344647e-01
6.101795742717916471e-02,4.461135011758376318e-02,2.117552554382791108e-01,3.570898909331118309e-01,1.143998257577130556e-01,2.111257203261328874e-01
1.059066015322713966e-01,0.000000000000000000e+00,1.684159458191405168e-01,2.843618108522664167e-01,3.000872514627324628e-01,1.412283903335891655e-01
1.055309137242078921e-01,4.552332722663672039e-03,1.837075905383993013e-01,4.506408875206635023e-01,6.347617366996363697e-02,1.920921018241019129e-01
1.656753329669712338e-01,4.937105940066909698e-02,2.193362723922558655e-01,2.342750650889468267e-01,1.904856436328721814e-01,1.408566265182847610e-01
4.591844997454989225e-02,1.972588627152258717e-02,1.224374183076638589e-01,4.484319388979511878e-01,1.481726990063551019e-01,2.153136075419574413e-01
1.134271626197717875e-01,1.126805265693283167e-02,3.451881784194059666e-01,1.495766547903717436e-01,2.383626137331658901e-01,1.421773377803517702e-01
1.075549073954090162e-01,0.000000000000000000e+00,1.677239429103078439e-01,4.780920530824931403e-01,1.374088608029566116e-01,1.092202358088334574e-01
2.499907365024662403e-02,0.000000000000000000e+00,1.078460263815124859e-01,5.833330675909415008e-01,1.294129662229577260e-01,1.544088661543417396e-01
1.851500674873833019e-01,5.674376324910257452e-02,2.687397992578317019e-01,2.074576684354092204e-01,1.540422657683700736e-01,1.278664358019031277e-01
1.486707333787863350e-01,1.728137298329522273e-02,2.860837780587799362e-01,1.544502621991220848e-01,2.754204142386802445e-01,1.180934391413361872e-01
1.176216419257421764e-01,0.000000000000000000e+00,1.768674698280577606e-01,3.097303016148064692e-01,2.303731199469416790e-01,1.654074666844519703e-01
9.317950448234037231e-02,3.865199023965094210e-02,2.176617830562531386e-01,3.057576698698796780e-01,1.806341558978745432e-01,1.641148964540012356e-01
1.342368598811357339e-01,1.110027836967246613e-02,3.102583688934092421e-01,1.688007597993551878e-01,2.132196757436518042e-01,1.623840573127755260e-01
3.883641104790919868e-02,4.565072846553788061e-02,9.454995798083781766e-02,4.576109493304637010e-01,1.351067995271925670e-01,2.282451536480588072e-01
1.515518464797845355e-01,5.393769388326533076e-02,2.210708473187156797e-01,1.851893934248637352e-01,2.149917947927978690e-01,1.732584241005727665e-01
6.464507049169071484e-02,7.661839803735009946e-02,2.391279215614984799e-01,2.916578942190414248e-01,1.270821074996764111e-01,2.008686081907428700e-01
1.363330065619382248e-01,2.609871043283747138e-02,1.757155547542831875e-01,3.404930664575456234e-01,1.642527039573588865e-01,1.571069578360368146e-01
1.240677347200719177e-01,7.547107907619993172e-02,2.151672874311305328e-01,2.750878909403292050e-01,1.251896242629871592e-01,1.850163835692812675e-01
8.197537299631993402e-02,0.000000000000000000e+00,2.041212773691060411e-01,4.944474558197840541e-01,1.479355421583828933e-01,7.152035165640710512e-02
5.240683395226132524e-02,3.479528090294606302e-02,1.317188164192570898e-01,5.125927271332517687e-01,1.591773381728781300e-01,1.093090034194057064e-01
3.655815590572272095e-02,9.231956603259974456e-03,1.787049842516238440e-01,6.117557122712388162e-01,4.404788714384808707e-02,1.197013038243065347e-01
1.848575685553010550e-01,5.700593616862498214e-02,2.452761803216760850e-01,2.053921411452264423e-01,1.603690747209725875e-01,1.470990990881989036e-01
1.687642858728931605e-01,5.077828017141806927e-02,2.419226923355974335e-01,2.074576684354092204e-01,1.883134698449753508e-01,1.427636033397067794e-01
1.676595848154335822e-01,4.939988550898025133e-02,2.144836860164243963e-01,2.312732447531162250e-01,1.592224453599362100e-01,1.779611535461093907e-01
1.484618217338458668e-01,4.492210816418647917e-02,1.965511452825112748e-01,1.996599432446361233e-01,1.296963135457331329e-01,2.807086680290869496e-01
4.604701272130652667e-02,3.152498362407449295e-02,2.094012878649965936e-01,3.878839260271704781e-01,1.782202939234962535e-01,1.469224958389555025e-01
1.499387933470459622e-01,2.666503584436838784e-02,2.916932270811516958e-01,2.552824002815565763e-01,1.218494229987005240e-01,1.545711204471768296e-01
1.727888922882112599e-01,5.215027961208233004e-02,2.965228770191805641e-01,1.736907831228232391e-01,1.875890577780703061e-01,1.172581101796322800e-01
1.486108472000168268e-01,1.595860952038094874e-02,2.527630963095334193e-01,2.937244084698862889e-01,1.266878732829258003e-01,1.622551652172567471e-01
1.539782168759178393e-01,4.863733242205429963e-02,2.954964586769057155e-01,2.090925337878377921e-01,1.641900262231941188e-01,1.286054320140902207e-01
7.774372877953371341e-02,2.841675328708053935e-02,1.516758451024999843e-01,4.190405395127186350e-01,1.555693921499486099e-01,1.675537411682185840e-01
1.628005979601109821e-01,5.378918175859258299e-02,2.373271458063511141e-01,2.243421285113911534e-01,1.556208100075891498e-01,1.661201359559650037e-01
1.169812907856353362e-01,1.599480759237429869e-02,2.081220550068758335e-01,4.038328134078296161e-01,8.155345140266974380e-02,1.735155818046151543e-01
1.615862396308009319e-01,4.933582007746201148e-02,2.837308825069259077e-01,1.736907831228232391e-01,2.116609646212347096e-01,1.199953100407532280e-01
1.237391848285285256e-01,1.108404316439797442e-02,2.943885313097169276e-01,2.647943531223807545e-01,1.518661154099394117e-01,1.541277721650364252e-01
1.047555876508543954e-01,3.104154218074183999e-02,2.476666917753125030e-01,2.551721667413104910e-01,2.091815795514524456e-01,1.521824321003282243e-01
3.864581366574672966e-02,0.000000000000000000e+00,1.319231588739249728e-01,4.356622354288056664e-01,1.845323998054275716e-01,2.092363922260950526e-01
1.180114289166087488e-01,1.098074210450913912e-02,2.035264119052855314e-01,1.067683284392678678e-01,4.113159914741125744e-01,1.493970971602160969e-01
6.281999999999999806e-01,0.000000000000000000e+00,0.000000000000000000e+00,0.000000000000000000e+00,1.794999999999999929e-01,1.922999999999999987e-01
6.049149692034522241e-02,4.410569352913157326e-02,2.415558210511636883e-01,2.797334931018862214e-01,1.665099792455267125e-01,2.076035161519466099e-01
1.577282273965700532e-01,5.210206720158875454e-02,2.461817405074888387e-01,1.999616691288064463e-01,2.141184748762512136e-01,1.299078208892946451e-01
1.179905867400383307e-01,1.339464076343869700e-02,1.996783879377848070e-01,3.658010163387191427e-01,9.261172408416931678e-02,2.105236441358497024e-01
1.670988427457887615e-01,4.663089010485595848e-02,2.779227450156173673e-01,2.007298528780206426e-01,1.998520451256980968e-01,1.077656241300191942e-01
1.739137879011346532e-01,4.928966609473154487e-02,2.557943701761281607e-01,2.074576684354092204e-01,1.680683184020386467e-01,1.454761889905577810e-01
3.144514580292964018e-02,5.309675040660239570e-02,1.623090097682005906e-01,3.132555678414808420e-01,2.349521322061410844e-01,2.049413939746454749e-01
6.135272973848263783e-02,4.495275033438306256e-02,1.965267868453798306e-01,2.844933839890881888e-01,2.152297027217753844e-01,1.974446463708909305e-01
1.709903409428160104e-01,5.576546050606389499e-02,2.559343489240473724e-01,1.730246553596071490e-01,2.240903965047901236e-01,1.201947977626755676e-01
6.162189944266922154e-02,4.476892289641987155e-02,1.981371613800117781e-01,2.843898501578218108e-01,2.142998638509843734e-01,1.967823022720928960e-01
1.447543986421255813e-01,3.576744607564750350e-02,1.803496159793733788e-01,4.290763182988132640e-01,1.071821860960449763e-01,1.028700349079952336e-01
1.687642858728931605e-01,5.077828017141806927e-02,2.419226923355974335e-01,2.074576684354092204e-01,1.883134698449753508e-01,1.427636033397067794e-01
4.388272385158284439e-02,3.257864101934602324e-03,2.268986217305246356e-01,4.367803100282005024e-01,1.411063149812297746e-01,1.480741653065276442e-01
6.053828218988545340e-02,4.426065073569797337e-02,1.941051577309223231e-01,3.482604513050150952e-01,1.135005042156542326e-01,2.393349538228249362e-01
1.190841430355190633e-01,3.171434839476844261e-03,2.093688998328974982e-01,3.708824614529973585e-01,1.045317349970404514e-01,1.929613258420687927e-01
7.740108736715330118e-02,2.155614698681181801e-02,1.478774021271442585e-01,4.560350721510522121e-01,1.569354514568356562e-01,1.401948399110027332e-01
1.279408775065024595e-01,1.106395278364578558e-02,3.600315294678849698e-01,1.577625552216000426e-01,1.872975487998847777e-01,1.559035362204820585e-01
0.000000000000000000e+00,0.000000000000000000e+00,3.309999999999999748e-02,4.966999999999999749e-01,9.270000000000000462e-02,3.775000000000000022e-01
3.474615892377000415e-02,7.905518457375476302e-03,2.127830784310557888e-01,4.036516041471701621e-01,1.188196111643977371e-01,2.220940288762308645e-01
1.625573543087168171e-01,4.914661050120378016e-02,2.018510878378233508e-01,3.056985141779575144e-01,1.421463947004340256e-01,1.386000384738646229e-01
1.616457007383915734e-01,4.937160470904242843e-02,2.833781947830314452e-01,1.738167658403133586e-01,2.117053879791743476e-01,1.200823459500468121e-01
7.782055087830379303e-02,2.335765335814402391e-02,1.896982595647893344e-01,3.570606042303451355e-01,1.738703917285305267e-01,1.781925402398871483e-01
8.997350906782121405e-02,2.288036296138010184e-02,1.277270728360198337e-01,5.008668308091029919e-01,1.505649173876383584e-01,1.079873069380373474e-01
1.008727263176317640e-01,2.355032416863536704e-03,1.708044559398679829e-01,4.405569093067815412e-01,1.240856272185928977e-01,1.613252488002622775e-01
8.128623548895543005e-02,0.000000000000000000e+00,9.714818968050559223e-02,5.871366087262931410e-01,1.238989114244826162e-01,1.105300546797631372e-01
3.519094335570015220e-02,8.596174288565671187e-03,1.892869377634039396e-01,4.667317045777635287e-01,9.020872991858083778e-02,2.099855100959859833e-01
2.494927086868475169e-02,0.000000000000000000e+00,1.076311771367229192e-01,5.839735556238527803e-01,1.291551516423757318e-01,1.542908447283637685e-01
1.181356265129479555e-01,1.108417205657900688e-02,1.981668260317297481e-01,3.781364849557475316e-01,1.032794087620507034e-01,1.911974816809450251e-01
6.584856744781916738e-02,4.191167720726685780e-02,1.225616089740036579e-01,5.128375160205238537e-01,1.043487676250727386e-01,1.524918627253136483e-01
8.820858417311995547e-02,1.908536337560569687e-02,2.824991695238880385e-01,3.262873221720239414e-01,1.232331125770667890e-01,1.606864481782954712e-01
9.238457363542290635e-02,3.184655017934704714e-03,1.718056729855738096e-01,4.739530571231480582e-01,1.146572506664753355e-01,1.440147905714452281e-01
1.189265501591517810e-01,1.115838111642751193e-02,2.742249160197195446e-01,3.630171249262287847e-01,1.045779029147159284e-01,1.280951248637563766e-01
1.002652791453405995e-01,4.308711048841978863e-02,1.465563819747876251e-01,3.451763496922026220e-01,1.815272653323230789e-01,1.833876133669262720e-01
1.100181547975744578e-01,9.824212711970212522e-03,1.696424798449284732e-01,3.044265787741539664e-01,2.475161774985378260e-01,1.585723963728351005e-01
1.904990242629839570e-01,8.495533099239428731e-02,2.266371715255267594e-01,2.086916623436465001e-01,1.704803380684969394e-01,1.187364728069514874e-01
6.584856744781916738e-02,4.191167720726685780e-02,1.225616089740036579e-01,5.128375160205238537e-01,1.043487676250727386e-01,1.524918627253136483e-01
7.758709874898693515e-02,4.438100092599511076e-02,1.940271828550698685e-01,2.900796077684201779e-01,1.137120859814039764e-01,2.802130237201237439e-01
8.306439417583236229e-02,1.854255416124279618e-02,1.942417492440864923e-01,4.221886377690720060e-01,1.619502121356761748e-01,1.200124525140902343e-01
1.501124095459387964e-01,0.000000000000000000e+00,1.787813265442896871e-01,4.072468736101323428e-01,1.204051388961525498e-01,1.434542514034866378e-01
1.189550687019085423e-01,1.116647450874193835e-02,3.297197998307987987e-01,2.691440661019026126e-01,1.355037345285028394e-01,1.355108563281452461e-01
6.534688215627477981e-02,4.160423876754706929e-02,1.078766661355451267e-01,5.355686920759595848e-01,7.908636023890112943e-02,1.705171606257722683e-01
1.181356265129479693e-01,1.108417205657900861e-02,2.453540431746734363e-01,3.698736874820517939e-01,1.210403966271921539e-01,1.345120741465557213e-01
1.503407271458855887e-01,4.891723810572103093e-02,2.890525641020583736e-01,2.279639563357682974e-01,1.129894483934782839e-01,1.707360659170885364e-01
6.452354412359735669e-02,4.747674938758826568e-02,1.984886817752493648e-01,2.797334931018862214e-01,2.145830543867722762e-01,1.951944772249065430e-01
1.904990242629839570e-01,8.495533099239428731e-02,2.266371715255267594e-01,2.086916623436465001e-01,1.704803380684969394e-01,1.187364728069514874e-01
6.356017373059093256e-02,4.438100092599511076e-02,2.159295602274625137e-01,3.097528288941268082e-01,1.664801898818880077e-01,1.998962463399364675e-01
1.627988027952086414e-01,4.928966609473154487e-02,2.001973911046211196e-01,2.835423879104981837e-01,1.421223263839394846e-01,1.620494257110010605e-01
9.957533083099914806e-02,8.583561298466467482e-02,1.235472989066474236e-01,4.080916650339864726e-01,1.225677749159738011e-01,1.603823173277284797e-01
3.146046234185646828e-02,3.548447991565208820e-02,1.959316497571018667e-01,3.409403916545986624e-01,1.416100935766657909e-01,2.545729227541251305e-01
1.635563499284982125e-01,4.922953336760428622e-02,2.782610764794804514e-01,1.733165920818766359e-01,2.018246292574415734e-01,1.338118188850988821e-01
1.084274494075539164e-01,0.000000000000000000e+00,1.674028106575115027e-01,4.780638356991519511e-01,1.369266941054098907e-01,1.091792101303726836e-01
1.686555163600867713e-01,5.071633135521649849e-02,2.425669114583607067e-01,2.072045728810082976e-01,1.882672342741035509e-01,1.425894336712243415e-01
1.685055234991309769e-01,5.063090410694483234e-02,2.434552878683725885e-01,2.068555548030532321e-01,1.882034755482064337e-01,1.423492541742920336e-01
9.598431558246235673e-02,1.168909728712028140e-02,1.424170673337923632e-01,4.333231073222865160e-01,1.713219950750053955e-01,1.452644173993331012e-01
6.019879230615232668e-02,6.324120790204232345e-02,1.854551719342353577e-01,3.593139422925725746e-01,2.044863463088023026e-01,1.273045392561951150e-01
1.144408878760664605e-01,0.000000000000000000e+00,1.865260654548559216e-01,4.122316811163571626e-01,1.965774962476587451e-01,9.022386930506154368e-02
1.904990242629839570e-01,8.495533099239428731e-02,2.266371715255267594e-01,2.086916623436465001e-01,1.704803380684969394e-01,1.187364728069514874e-01
1.176216419257421764e-01,0.000000000000000000e+00,1.768674698280577606e-01,3.097303016148064692e-01,2.303731199469416790e-01,1.654074666844519703e-01
1.629361779935113164e-01,4.937105940066909698e-02,1.992564992400374102e-01,3.182500459890110212e-01,1.421086324080554630e-01,1.280775849687156021e-01
1.301830498580369699e-01,1.177672122143847387e-02,3.253768826539037429e-01,1.589636827043605094e-01,2.425899113872569957e-01,1.311097521750032580e-01
1.686555163600867713e-01,5.071633135521649849e-02,2.425669114583607067e-01,2.072045728810082976e-01,1.882672342741035509e-01,1.425894336712243415e-01
1.685055234991309769e-01,5.063090410694483234e-02,2.434552878683725885e-01,2.068555548030532321e-01,1.882034755482064337e-01,1.423492541742920336e-01
1.055309137242078921e-01,4.552332722663672039e-03,1.754871911615030200e-01,5.163822488057490112e-01,5.056152232485302406e-02,1.474857912610233468e-01
1.516040287887939764e-01,4.937105940066910392e-02,2.466173723295383424e-01,2.700607994196331241e-01,1.447483825639301613e-01,1.375983574974352919e-01
9.778255376420977307e-02,6.537296200708893334e-02,2.014908839870626356e-01,3.189879469371068588e-01,1.150995330857672305e-01,2.012661202187644716e-01
1.285163284462934596e-01,1.429123388280978055e-02,2.318934146348057557e-01,3.414887073458610645e-01,1.518363304002516845e-01,1.319739852899782240e-01
1.687642858728931605e-01,5.077828017141806927e-02,2.419226923355974335e-01,2.074576684354092204e-01,1.883134698449753508e-01,1.427636033397067794e-01
1.687642858728931605e-01,5.077828017141806927e-02,2.419226923355974335e-01,2.074576684354092204e-01,1.883134698449753508e-01,1.427636033397067794e-01
1.289978048342974581e-01,1.567317245901709427e-02,3.205705930246301461e-01,1.761381826666283124e-01,2.023082409266251935e-01,1.563120060888018859e-01
6.510297043587448540e-02,4.142777700410915642e-02,1.759215164789413310e-01,3.745936649407418106e-01,1.652648796966177114e-01,1.776891914437155884e-01
2.726999999999999980e-01,2.172000000000000042e-01,2.172000000000000042e-01,0.000000000000000000e+00,2.172000000000000042e-01,7.580000000000000626e-02
1.687642858728931605e-01,5.077828017141806927e-02,2.419226923355974335e-01,2.074576684354092204e-01,1.883134698449753508e-01,1.427636033397067794e-01
0.000000000000000000e+00,0.000000000000000000e+00,0.000000000000000000e+00,1.000000000000000000e+00,0.000000000000000000e+00,0.000000000000000000e+00
1.615687106574000831e-01,4.891723810572103093e-02,2.150633805926320530e-01,2.760844029285221546e-01,1.410484637185495937e-01,1.573178039971751818e-01
1.113002541956636809e-01,0.000000000000000000e+00,1.784875768540437058e-01,4.868822590373859116e-01,1.102614823768824637e-01,1.130684275360242796e-01
1.279394773914311889e-01,1.106383170579059404e-02,2.703096233851161045e-01,2.864140049974060465e-01,1.794818731653710919e-01,1.247911893548848961e-01
4.649999999999999967e-02,0.000000000000000000e+00,3.952999999999999847e-01,0.000000000000000000e+00,5.000000000000000000e-01,5.809999999999999887e-02
1.688007744141095390e-01,6.226992228225432247e-02,2.325688077855054547e-01,2.161346841640174599e-01,1.526201680045362608e-01,1.676056433495770881e-01
1.627970076698956325e-01,4.928912259486693814e-02,2.001951835981886085e-01,2.215364120924992464e-01,2.148525383640230990e-01,1.513297356805266003e-01
1.497546156016946184e-01,2.405869401707383740e-02,2.365065693322969675e-01,2.497374218639571153e-01,2.132947279237619453e-01,1.266479712612155473e-01
1.449382479467417884e-01,4.390197428010723241e-02,1.776804500293856504e-01,3.931260079942224817e-01,1.264635448609246482e-01,1.138897748886182199e-01
8.290980838214094539e-02,4.364739787118449010e-02,1.318118434811363093e-01,4.566214656282826523e-01,1.261458723826313910e-01,1.588636122546243090e-01
5.079426013672323770e-02,1.530069635392071123e-02,2.512522461508968075e-01,3.235767908731045361e-01,1.965962951527105429e-01,1.624797113326441333e-01
1.266931278817336748e-01,5.746875541408487387e-02,2.023023928780625924e-01,2.958846957043366199e-01,1.177810374813635097e-01,1.998699906404186599e-01
1.241708828687322075e-01,1.108417205657900688e-02,2.186107021548892859e-01,3.448387898569602039e-01,1.201516637570236024e-01,1.811437893058155391e-01
1.783412282546616712e-01,8.759444503831358142e-02,2.068627025495683447e-01,1.869950891154185113e-01,1.737410163661784190e-01,1.664655186758595140e-01
0.000000000000000000e+00,1.474000000000000032e-01,0.000000000000000000e+00,6.320000000000000617e-02,0.000000000000000000e+00,7.894999999999999796e-01
1.036016100135629253e-01,0.000000000000000000e+00,1.499610430396785821e-01,5.069606699062562116e-01,6.210151412222281175e-02,1.773751629182794554e-01
2.488940664624384944e-02,3.411640171277965233e-02,1.044687434309619356e-01,4.537478276354174334e-01,6.022798335776482354e-02,3.225496372168322745e-01
1.383170298802494647e-01,7.550066279806161296e-02,2.489054670228580957e-01,1.942716444566096323e-01,1.573217262015511320e-01,1.856834696406700347e-01
9.557778705629008109e-02,0.000000000000000000e+00,1.364491865039492435e-01,4.699689422933081562e-01,9.884399597923149150e-02,1.991600881672209722e-01
1.687642858728931605e-01,5.077828017141806927e-02,2.419226923355974335e-01,2.074576684354092204e-01,1.883134698449753508e-01,1.427636033397067794e-01
7.772237278979744757e-02,0.000000000000000000e+00,1.437700384560307021e-01,6.036720347175060786e-01,6.748787330080545377e-02,1.073476807358603319e-01
1.347900041010652479e-02,0.000000000000000000e+00,2.004228536737999444e-01,4.977026536272668999e-01,1.653639721893318537e-01,1.230315200994947927e-01
1.685055234991309769e-01,5.063090410694483234e-02,2.434552878683725885e-01,2.068555548030532321e-01,1.882034755482064337e-01,1.423492541742920336e-01
1.167826279696289465e-01,1.298717043816387424e-02,1.914909784952774363e-01,3.968875683822778999e-01,8.946382107808345530e-02,1.923878336365684172e-01
9.470210521936459069e-02,6.715462266975408268e-02,1.252661245128005030e-01,4.161181632711818956e-01,1.207993561569295354e-01,1.759596281699692955e-01
7.595299430072906255e-02,3.660543717590768881e-02,1.868773506641640547e-01,3.980855547802756300e-01,8.581666904126264428e-02,2.166619940376608433e-01
9.535583865088557987e-02,0.000000000000000000e+00,1.130117170291143475e-01,5.278650830983945275e-01,8.869751914472201459e-02,1.750698420768836139e-01
1.617925732283758411e-01,4.900717022048284299e-02,1.983422431958299093e-01,2.999023460381567419e-01,1.411695162076857801e-01,1.497861511094688292e-01
4.924551312006477527e-02,8.021231616042958160e-03,1.383209275221991275e-01,4.610255564781947646e-01,3.637213646584996907e-02,3.070146347976484003e-01
1.687642858728931605e-01,5.077828017141806927e-02,2.419226923355974335e-01,2.074576684354092204e-01,1.883134698449753508e-01,1.427636033397067794e-01
7.143568116454754313e-02,4.012817400200076323e-02,2.061375789821116855e-01,3.886311678008748105e-01,1.133781009311929100e-01,1.802892971192722460e-01
1.568555719148517769e-01,4.691589964404722923e-02,2.251354031723985516e-01,2.894934929869630302e-01,1.467365710452659955e-01,1.348630612364734305e-01
1.137385435027237768e-01,0.000000000000000000e+00,2.665820086871283356e-01,2.745128889543367312e-01,2.087820110557728204e-01,1.363845478000384193e-01
6.584856744781916738e-02,4.191167720726685780e-02,1.225616089740036579e-01,5.128375160205238537e-01,1.043487676250727386e-01,1.524918627253136483e-01
9.658558195231022048e-02,2.350823654823446050e-03,1.303109303667545626e-01,4.762459696210635252e-01,1.011100610554180740e-01,1.933966333496302814e-01
5.214968861628062335e-02,2.315221854226316711e-02,1.671607783446831808e-01,3.570304173961318384e-01,2.549490598830153609e-01,1.455578372176258573e-01
1.627988027952086414e-01,4.928966609473154487e-02,2.001973911046211196e-01,2.898055938035200008e-01,1.463124993405385821e-01,1.515960468613801460e-01
8.559124309768210981e-02,4.407970039480149649e-02,1.601682987763215216e-01,3.681936409409336530e-01,1.835604369565499161e-01,1.584066798337111504e-01
1.446930921190317521e-01,2.739762037340800344e-02,3.608769578935437927e-01,1.222160881100331498e-01,2.141702439029199156e-01,1.306459976010634350e-01
1.689636533814424246e-01,5.089182835992260567e-02,2.407418801930097940e-01,2.079215762787370025e-01,1.883982166672533431e-01,1.430828451196347328e-01
1.627988027952086136e-01,4.928966609473153793e-02,2.164839317806655228e-01,2.124748492123897103e-01,1.959991291890531562e-01,1.629536209279513481e-01
6.162189944266922154e-02,4.476892289641987155e-02,1.981371613800117781e-01,2.843898501578218108e-01,2.142998638509843734e-01,1.967823022720928960e-01
4.842203415733237204e-02,7.769654943993817113e-03,1.534566845299812077e-01,4.983229995838251436e-01,8.156451395839522944e-02,2.104641128264722050e-01
8.218187112786447257e-02,2.173564344782715971e-02,3.028261782609056874e-01,2.630135137057247330e-01,2.047701526533399763e-01,1.254726408043380370e-01
8.755044397087007046e-02,2.868247488627604161e-02,1.931706379923306405e-01,3.748614875975164185e-01,1.928127255556097153e-01,1.229222299973971588e-01
1.402120384579885748e-01,4.239086241885923340e-02,1.741044114002665011e-01,3.719926016204910812e-01,1.226067922005601857e-01,1.486932939018345001e-01
1.361360706661122189e-01,1.114806541874129378e-02,3.242154838490161062e-01,1.589619298482438103e-01,2.458291070597672379e-01,1.237093431581192532e-01
1.530477991171859120e-01,3.498271904752797007e-02,3.542065972219422543e-01,1.938429664211580028e-01,1.592008119653612053e-01,1.047191062268246209e-01
7.749329613405388228e-02,2.158182706186493466e-02,1.480535701031563400e-01,4.554352888436882796e-01,1.571224103866653843e-01,1.403136074705712000e-01
1.213002416213982970e-01,1.093855788964786732e-02,1.852617926325287045e-01,4.123462924523154660e-01,1.694292498545444392e-01,1.007238655495653334e-01
1.687642858728931605e-01,5.077828017141806927e-02,2.419226923355974335e-01,2.074576684354092204e-01,1.883134698449753508e-01,1.427636033397067794e-01
1.635121603327766848e-01,3.516221979475975951e-02,2.229148540046180516e-01,2.196074586883700608e-01,2.355790228552627763e-01,1.232242843242127989e-01
1.290475170234537949e-01,1.117835879926626363e-02,3.269293272283206875e-01,2.024377559404214322e-01,2.119230717771457828e-01,1.184839692313919834e-01
4.932110600335348066e-02,7.913917326502291696e-03,1.657503847781377215e-01,4.354810366654903730e-01,8.307895587333251342e-02,2.584545993531836561e-01
1.284447523569714200e-01,1.766801578784675184e-02,1.427658868783724111e-01,4.536086473097050153e-01,1.008757222180475116e-01,1.566369754490569144e-01
8.703713158853410015e-02,5.053321934719776781e-03,1.742691389456885454e-01,4.921035137996921938e-01,9.575484603325008781e-02,1.457820476981153968e-01
1.066191469525319263e-01,2.350849600517576545e-03,1.721641135900467967e-01,4.323466262961269124e-01,1.382170753816468478e-01,1.483021881791299346e-01
1.629848305491475025e-01,4.939988550898024439e-02,1.989232746525218254e-01,3.067102958681720004e-01,1.421037825739382976e-01,1.398779308472400396e-01
1.682853069858830930e-01,5.050548153262450490e-02,2.447595843143357819e-01,2.063431334538105566e-01,1.881098662642930186e-01,1.419966274490531144e-01
