1.236807202890129465e-01,5.162774653337353498e-02,2.541275948000411011e-01,1.845666329566846842e-01,2.299629412142815410e-01,1.560343642066062408e-01
1.108463782652734236e-01,1.507285287983460564e-02,1.880106576645714511e-01,4.090488632859819451e-01,1.113766857148052181e-01,1.656445621895333842e-01
1.212435845626239767e-01,3.531419560250946554e-02,2.455307764769710244e-01,1.587015202002280412e-01,2.511299853187697328e-01,1.880799378388978149e-01
1.297066325660366504e-01,3.590702769928936361e-02,2.080547143568655388e-01,2.044415940615000316e-01,2.539379307454411872e-01,1.679521005708671799e-01
1.058131881513242334e-01,1.750564833853623936e-02,1.712371444576498147e-01,3.960682116813426523e-01,1.512013848228586643e-01,1.581744225482882849e-01
1.121845542372619381e-01,4.783948232303718989e-02,1.403747848846035873e-01,4.054596810337539603e-01,1.071254219352703596e-01,1.870160755860730273e-01
1.194501332200905569e-01,4.509517188473893129e-02,2.049760614798731839e-01,2.327831012541181632e-01,2.073123788519099231e-01,1.903831533092692208e-01
1.232330055321172457e-01,4.522109600827176057e-02,2.020222794134295674e-01,3.324713771424689934e-01,1.479926263594442681e-01,1.490596155442682758e-01
1.221796197691232266e-01,3.923302349025488411e-02,2.127716182122484645e-01,2.164323082396346909e-01,2.044253527937776871e-01,2.049580774949610051e-01
7.132216155201274999e-02,2.687419348652180656e-02,1.767456307860064413e-01,4.498752729474488898e-01,5.126480491620479668e-02,2.239179363118053157e-01
9.187818075504404491e-02,3.453819072602117707e-02,1.533203863151370860e-01,3.559214418935123803e-01,1.575892967938870293e-01,2.067525035163984004e-01
2.649999999999999925e-02,4.420000000000000318e-02,2.477999999999999925e-01,2.649999999999999925e-02,5.574999999999999956e-01,9.729999999999999760e-02
8.894125961875889996e-02,4.545694370710056526e-02,1.852192385812131414e-01,3.082477355476281322e-01,1.915755745897073092e-01,1.805592479555919727e-01
8.932421143944932473e-02,3.537377810263536010e-02,1.445214419392926719e-01,2.331773749186740741e-01,2.803733363320187744e-01,2.172298572679298712e-01
1.419468041926719992e-01,5.246554356750233322e-02,2.588217795074038707e-01,2.448644138015649285e-01,1.853769093792254075e-01,1.165245495516314955e-01
8.793999872878663360e-02,1.825801394097332359e-02,1.335223203881438225e-01,4.639242356829594294e-01,1.450869721816140379e-01,1.512684590775228710e-01
1.073888008036831265e-01,1.350413635742524904e-02,1.565907284828877422e-01,3.587794825679080368e-01,1.606175413311307365e-01,2.031193104569650187e-01
8.285481256267253347e-02,7.420244754314485325e-03,1.565012922125045003e-01,4.683222155045316804e-01,1.631784115648661215e-01,1.217230234011106582e-01
1.235433306505127476e-01,3.595041552739729196e-02,2.391981774168465136e-01,2.039749116001320639e-01,2.278479255848765983e-01,1.694852392202347569e-01
1.267192076001809331e-01,4.504488202100050132e-02,2.683901997666610639e-01,2.200128574489868538e-01,2.173461272887450002e-01,1.224867258744255921e-01
1.120469660232330106e-01,9.402219965446327599e-02,2.208628114688492294e-01,2.071491099645410006e-01,2.208268259524513721e-01,1.450920869364620835e-01
8.855482889491139709e-02,8.982917416894282969e-03,2.249085763982159314e-01,4.584128330811149676e-01,6.964563547049577863e-02,1.494952087383675798e-01
8.073001164912206595e-02,1.063421224806778732e-02,1.915339074559700150e-01,4.673574578317739037e-01,8.313643302818660152e-02,1.666079777868795520e-01
1.111403075770857340e-01,3.113111600949794791e-02,1.929175992987173793e-01,2.588883735180724788e-01,2.039464165652473404e-01,2.019761870313789565e-01
1.236673374664968295e-01,3.818647292978157026e-02,2.214646522647886751e-01,2.985460899554940317e-01,1.390315393707673985e-01,1.791039080126715921e-01
1.112684272368936328e-01,3.118775989799914966e-02,1.915307627563563042e-01,2.587929899415828405e-01,2.046517054308785721e-01,2.025683547362894799e-01
1.136579451718555123e-01,4.443392101976943037e-02,1.799389916851170668e-01,2.388233378705271470e-01,2.329117627369940158e-01,1.902340415157367515e-01
9.129637285669413294e-02,3.076232828720767629e-02,1.013917561752175206e-01,4.332605363264669940e-01,9.574808656177094535e-02,2.475409197926426164e-01
7.489595267731571915e-02,3.888447680883092700e-02,2.009883138849574979e-01,2.082550222105660764e-01,3.483577373427891311e-01,1.286184970755407664e-01
1.383681159420289963e-01,4.513333333333333086e-02,2.706260869565217386e-01,1.486115942028985726e-01,2.527492753623188371e-01,1.445115942028985523e-01
1.222212612534696041e-01,3.915031743500622941e-02,1.640567355951534634e-01,3.883234188385311092e-01,1.302037584088519551e-01,1.560445084689875972e-01
8.936469613211972529e-02,4.114065202314801106e-02,2.217862147952679441e-01,2.640746986356952153e-01,2.215103178965361908e-01,1.621234205172329690e-01
1.173647489061849930e-01,2.488749267163521336e-02,1.964730908606834581e-01,2.427367512728280108e-01,2.615600100488618129e-01,1.569779062398065639e-01
1.376621428555672155e-01,4.869009969933580512e-02,1.523732912545616436e-01,3.857457670613512191e-01,1.280804477095035532e-01,1.474482514196805982e-01
1.015767921055363704e-01,7.227215327917867194e-02,2.292686627106353403e-01,2.167667612884117689e-01,2.223062380331125021e-01,1.578093925831253186e-01
1.073888008036831265e-01,1.350413635742524904e-02,1.565907284828877422e-01,3.587794825679080368e-01,1.606175413311307365e-01,2.031193104569650187e-01
1.081292502775605402e-01,4.212003284482761928e-02,1.101545258724261345e-01,3.840112943926873856e-01,2.073418474788071564e-01,1.482430491336911016e-01
1.450012311425285527e-01,6.824963608181577879e-02,1.796647330024500333e-01,2.712249443627351431e-01,1.852694975712058378e-01,1.505899578392646820e-01
1.112684272368936328e-01,3.118775989799914966e-02,1.915307627563563042e-01,2.587929899415828405e-01,2.046517054308785721e-01,2.025683547362894799e-01
1.278313918904810109e-01,3.528793093374126694e-02,2.430677511032268145e-01,1.528461670352870005e-01,2.317547316383504752e-01,2.092120273989136192e-01
1.341904723162922475e-01,5.538182261951977992e-02,1.971614580684965257e-01,3.409021570003356594e-01,1.290013661341116724e-01,1.433627238612441845e-01
1.218409448965703801e-01,4.205660938608332677e-02,2.639974711457218071e-01,2.213120380751893990e-01,1.639102663517463532e-01,1.868826701446887895e-01
1.178031638981841128e-01,2.049049884300080046e-02,1.812445698457621490e-01,4.158895990503144735e-01,1.073407083071682561e-01,1.572314600555703989e-01
1.153178514924394771e-01,3.459648236898164864e-02,1.832251869045847803e-01,2.868744396417624021e-01,2.213709077498240141e-01,1.586151318424075529e-01
1.468862737592843692e-01,6.234025866377524566e-02,1.988591189983109353e-01,2.295447575315366084e-01,2.266798392990573563e-01,1.356897517480354920e-01
8.425115894039736375e-02,2.019412251655629265e-02,3.117107615894039729e-01,2.328875000000000250e-01,1.793196192052980698e-01,1.716368377483443730e-01
9.488554987754133085e-02,9.335672336206237917e-03,1.719353553843676330e-01,3.967508199222027354e-01,1.076509122958669018e-01,2.194416901838150968e-01
1.354611607044552690e-01,3.473773825100776036e-02,1.513618352353788832e-01,2.996399278729899862e-01,2.307865642168638320e-01,1.480127737193043247e-01
1.214633882298110923e-01,3.918472721334397002e-02,1.639307113544974381e-01,3.893628479501207718e-01,1.295469412132760623e-01,1.565113840389508182e-01
1.074599420108437176e-01,4.276303211874541571e-02,2.221982349131427503e-01,2.981406175274548542e-01,1.150494743151802834e-01,2.143886991146329857e-01
1.228337375424924244e-01,3.540342261266331281e-02,2.130186474597914881e-01,1.986904632716462449e-01,2.642322844084624700e-01,1.658214447049441154e-01
1.246243530359574803e-01,3.626498697165514429e-02,1.945286576710981707e-01,2.668077523808214391e-01,2.085157687035968654e-01,1.692584812368708724e-01
9.812614898204641278e-02,8.118559878574346106e-03,3.145135439469365357e-01,2.379588051408642047e-01,2.183367260552826761e-01,1.229462159962958628e-01
1.179573580004022043e-01,3.814301320130219358e-02,2.205405522916134842e-01,2.905275629493959677e-01,1.871302249493198289e-01,1.457012886079664116e-01
8.808927125369087063e-02,1.073709236831835862e-02,2.271722122846472347e-01,3.429440836590928465e-01,1.359189575095359481e-01,1.951383829247148038e-01
1.527083978189957003e-01,5.686992547441605678e-02,2.502945308221624643e-01,2.200128574489868538e-01,2.016352770304055131e-01,1.184790114050334464e-01
1.112684272368936328e-01,3.118775989799914966e-02,1.915307627563563042e-01,2.587929899415828405e-01,2.046517054308785721e-01,2.025683547362894799e-01
1.381692448216278457e-01,4.087328229645084687e-02,2.414134632453978080e-01,2.180544763334526792e-01,2.132960436076028199e-01,1.481934896954678615e-01
6.261339561059803271e-02,5.694402408199658594e-02,1.985130757715809768e-01,2.794840857593927086e-01,2.241380297589346537e-01,1.783073890174970699e-01
1.442824602842352477e-01,3.696305071487971522e-02,2.141003414677200567e-01,1.893923137778217025e-01,2.265569899665010600e-01,1.887048437888422525e-01
1.314785503531213373e-01,6.116181644573287501e-02,1.594196509217283564e-01,3.458696418893925650e-01,1.253301103665407923e-01,1.767402300234841017e-01
1.166692105664826618e-01,3.393211471760080450e-02,1.727722016663421067e-01,3.596804160065685818e-01,1.912556514050221812e-01,1.256904056379837542e-01
9.174983865606287092e-02,3.087433136016874344e-02,1.542457298255263121e-01,3.248730776460174718e-01,2.218592562345426678e-01,1.763977662776819444e-01
1.083320355084877729e-01,4.909466471036647711e-02,1.671521897720472938e-01,2.860482462971007944e-01,1.789211386978581952e-01,2.104517250141394735e-01
5.709516599738702347e-02,3.125947635647370604e-02,1.579687340371535298e-01,4.133283315288278637e-01,1.165362792087995675e-01,2.238120128713582679e-01
0.000000000000000000e+00,0.000000000000000000e+00,4.328000000000000180e-01,5.672000000000000375e-01,0.000000000000000000e+00,0.000000000000000000e+00
9.703008115226745278e-02,5.544114186120127630e-02,2.245834301401009869e-01,3.065770705933746898e-01,1.350587870845110228e-01,1.813094891685445298e-01
1.295693697075823991e-01,3.634573854986317132e-02,2.209853170181693138e-01,2.095520175815756003e-01,2.709418214661880597e-01,1.326057356766215112e-01
7.109570526398183155e-02,3.322521199721723689e-02,1.536864607210503275e-01,3.373746016301197859e-01,1.897470743473077259e-01,2.148709460403231963e-01
1.168100317920495596e-01,3.506940996205246130e-02,1.716340670400008650e-01,2.771841485759271029e-01,1.875991698635770255e-01,2.117031727663929441e-01
1.505539683695229503e-01,5.603420509205579714e-02,1.842125791546148084e-01,2.078658690686936983e-01,2.256652065344320612e-01,1.756681717806806708e-01
6.002064280706174287e-02,4.778358578083848757e-02,1.576288447290653261e-01,4.127622648386894411e-01,6.946028322171290958e-02,2.523443786226320373e-01
1.202907939249981961e-01,3.731375512848197212e-02,2.635485496293097363e-01,1.793901005302430685e-01,2.520275438470213070e-01,1.474292569399457964e-01
1.214633882298110923e-01,3.918472721334397002e-02,1.639307113544974381e-01,3.893628479501207718e-01,1.295469412132760623e-01,1.565113840389508182e-01
9.599348633244705886e-02,3.080275547056856092e-02,1.874051075532191524e-01,3.078011980013041216e-01,1.945552766450557858e-01,1.834421759974053656e-01
7.172369408090416287e-02,4.878440512750053734e-03,1.985990182985287178e-01,4.711961541842959456e-01,1.038572525222846710e-01,1.497454404012363016e-01
8.960853846153846169e-02,3.278000000000000358e-02,1.993343846153846632e-01,3.234734615384615153e-01,2.079736153846153679e-01,1.468299999999999883e-01
1.449214438625471280e-01,4.447810724523885983e-02,2.711121934236550013e-01,1.750512966762716727e-01,2.116386047304054108e-01,1.527983540618819414e-01
1.246243530359574803e-01,3.626498697165514429e-02,1.945286576710981707e-01,2.659957386780901212e-01,2.085157687035968654e-01,1.700704949396021071e-01
1.071783558389294427e-01,1.340184004460714257e-02,1.612372421149603496e-01,3.560616621008994565e-01,1.605402555213459870e-01,2.015806443792576841e-01
1.074832109638664823e-01,1.483153506989902740e-02,2.149918671159247174e-01,3.608490211126660907e-01,1.447483730811797431e-01,1.570959926564639841e-01
1.382532048360797239e-01,4.314420151307853113e-02,2.323776056984220850e-01,2.652924680094059795e-01,1.555190498111283515e-01,1.654134701318853706e-01
1.366189686057486252e-01,4.242177101945954903e-02,2.101710507095465030e-01,1.940634297831811683e-01,1.806481240285257028e-01,2.360766558535384307e-01
1.273814572484973651e-01,3.280045432103008418e-02,2.821886856833136781e-01,2.599925696849250678e-01,1.731072906066097317e-01,1.245295424556241565e-01
1.250294412930747501e-01,3.635588503487559298e-02,1.961928296141907391e-01,2.648167008119876042e-01,2.081752714191164033e-01,1.694298718267549797e-01
1.239116928654711985e-01,3.752797896152306606e-02,1.921729121098902926e-01,2.410382216018859824e-01,2.119890382045804544e-01,1.933601562566489851e-01
1.072982180008652392e-01,1.346010448075932349e-02,1.585907489092130418e-01,3.576096384913552417e-01,1.605842748413549015e-01,2.024570152764522679e-01
4.978934461320034394e-02,3.115801716806381946e-02,1.612125257828250502e-01,4.479371351304649584e-01,1.673554637483338769e-01,1.425475135571120378e-01
3.202564609083181912e-02,0.000000000000000000e+00,1.584733002128704271e-01,5.620926711754430372e-01,1.141492027400202169e-01,1.332591797808344303e-01
1.077680579327115196e-01,7.634328471503941393e-02,2.064281890615108916e-01,2.066648228810712140e-01,2.286621971367637229e-01,1.741334482729031685e-01
5.114465648555994309e-02,2.186179004013085944e-02,9.395047480789665839e-02,5.246320467262145515e-01,4.337109690154230396e-02,2.650399350386556385e-01
1.342255077340076541e-01,9.276636896890080863e-02,1.705995040771290383e-01,2.262972403042095293e-01,2.162980689671044066e-01,1.598133099486485631e-01
9.425670085458746905e-02,4.905215331327395303e-03,7.031649736378774163e-02,3.950459061074084732e-01,2.500456454093489822e-01,1.854300349335399611e-01
1.246243530359574803e-01,3.626498697165514429e-02,1.945286576710981707e-01,2.659957386780901212e-01,2.085157687035968654e-01,1.700704949396021071e-01
1.231494529063587584e-01,3.586931122141891193e-02,1.940921597275822585e-01,2.304204048972886554e-01,2.224529087191156329e-01,1.940157625282359077e-01
1.167290097198127180e-01,3.501984362746262541e-02,1.917802229140426196e-01,2.711167090472682006e-01,1.993340145916015216e-01,1.860202000998122662e-01
1.084811974613095337e-01,1.916880372019056852e-02,1.854076942696758212e-01,4.118675229010041461e-01,1.444321747080537510e-01,1.306426069397661482e-01
1.083453473223388031e-01,3.087433136016874344e-02,1.885941642106276905e-01,2.927746620110722731e-01,1.700051204130404725e-01,2.094063746827519723e-01
9.712928189609749963e-02,1.275902724497281725e-02,2.218758114625359879e-01,2.324415263773119134e-01,2.863096133467677440e-01,1.494847396723140709e-01
9.665157058802203993e-02,2.169785259010459030e-02,2.086171400285254107e-01,3.508644515473376413e-01,1.135118445674742210e-01,2.086571406785360516e-01
1.250821512328565976e-01,3.586959061718638514e-02,2.050531751466251607e-01,2.234819596954820131e-01,2.416318254171134494e-01,1.688812978907363593e-01
5.213448527901848317e-02,1.391130983336860694e-02,1.182127742604497378e-01,3.730305607592078188e-01,2.069495180600609552e-01,2.357613518078943704e-01
1.231526623668619258e-01,3.860843958666873577e-02,3.138678736032405325e-01,1.305392168311467482e-01,2.557353116777297819e-01,1.380964959343522203e-01
1.107571564373899947e-01,3.231375913116711629e-02,1.554205065862477309e-01,4.065786572560774470e-01,1.589314049497161097e-01,1.359985156394016015e-01
8.210885361789324599e-02,3.032752086153432149e-03,1.343292808759344592e-01,4.896858247022021771e-01,1.153473073870604354e-01,1.754959813307563621e-01
1.393677589402053107e-01,4.122782723131054872e-02,2.413684739459706075e-01,2.039749116001320639e-01,2.151462261140676124e-01,1.589148021683138290e-01
1.485093842419580590e-01,3.788936417927514511e-02,2.852992510278227756e-01,1.369023425521188331e-01,2.807906568189733054e-01,1.106090011798520761e-01
1.166447244636765884e-01,3.433875982855121023e-02,1.846544572410667995e-01,2.616392989449499717e-01,2.353869522033704420e-01,1.673358073183849604e-01
1.181129007005156661e-01,2.751556841770329970e-02,1.871260675666802931e-01,3.241488507401626973e-01,1.585564427743854921e-01,1.845401698005525448e-01
1.282954556913944166e-01,3.454114886736830287e-02,2.655566685602686050e-01,2.260338898730390456e-01,1.952247615910290557e-01,1.503480754169005673e-01
5.832539781280347141e-02,6.097840693270656365e-02,9.030761910209018917e-02,4.375949682805205798e-01,1.563435715797709680e-01,1.964500362921081100e-01
1.178483718064498031e-01,3.855725093403635645e-02,1.925434484055882078e-01,1.880875215814461487e-01,2.590967415015408282e-01,2.038666657709386487e-01
1.109796274382350845e-01,5.411664268478547785e-02,2.084710671103777446e-01,2.452596432162758300e-01,1.792150239541029366e-01,2.019579955962229334e-01
1.226206761349071667e-01,2.805339938841179548e-02,2.011058930964729208e-01,3.250243372735155400e-01,1.563098743432827786e-01,1.668858197634096041e-01
1.382680746264767779e-01,6.492532367857914433e-02,1.767332621159272421e-01,2.291529924338113755e-01,2.069581973462264746e-01,1.839621497989788190e-01
1.033314009430984226e-01,1.603058277889113023e-02,2.267473876428707791e-01,3.785457206653533579e-01,1.703533987805652961e-01,1.049915091892210384e-01
8.837116277633816352e-02,2.476346950322052404e-02,1.274999546972872821e-01,4.776100570679949753e-01,1.480888631166789871e-01,1.336664928384800888e-01
9.335629647854348789e-02,1.102627798633322616e-02,1.959047294026143582e-01,4.806188938007444622e-01,5.744886864181462244e-02,1.616449336899499489e-01
1.667425702591253112e-01,6.354754919508220912e-02,2.276967644050156003e-01,1.513544173342997734e-01,2.398491949548209601e-01,1.508095038516561459e-01
1.246243530359574803e-01,3.626498697165514429e-02,1.945286576710981707e-01,2.659957386780901212e-01,2.085157687035968654e-01,1.700704949396021071e-01
1.262927254064074301e-01,3.583716154116137198e-02,2.011568541846468772e-01,2.215548529068049055e-01,2.198679252086351010e-01,1.952904807523443420e-01
1.035686881039733082e-01,3.011555741575164258e-02,1.786311427344446090e-01,1.830084166606718576e-01,1.724429025162785289e-01,3.322332925688799010e-01
3.254285373894975908e-02,2.180758240652548238e-02,1.760544992027713584e-01,3.495793484762531600e-01,2.320259360105976221e-01,1.879897801649025590e-01
1.383592811747909879e-01,6.371864139787863923e-02,2.398296747305452836e-01,2.097389406194909989e-01,1.969312117913391835e-01,1.514222502859548236e-01
1.372613457772189904e-01,3.760245653908460273e-02,2.641114146860417677e-01,1.534280809497328424e-01,2.572673420537247013e-01,1.503293599941971648e-01
1.130888739377192559e-01,1.901982215937779788e-02,2.510064189568165793e-01,2.805011848528474183e-01,1.568702682635344514e-01,1.795134318297045006e-01
1.239488209408332736e-01,3.511555725399065353e-02,2.668998044814575032e-01,1.794646269177658793e-01,2.382729180891907661e-01,1.562982723167618271e-01
9.633379542012796004e-02,3.425074840629264289e-02,2.225707310982633080e-01,3.241327156866776193e-01,1.571272474603644942e-01,1.655847619282738992e-01
1.224818490670903509e-01,3.879934671629604870e-02,2.172441049548871628e-01,1.652323975448051763e-01,2.144044781433258606e-01,2.418378235735955395e-01
1.176395888975415166e-01,4.801565190051401005e-02,2.022847046199646448e-01,3.265624768466990346e-01,1.186588101419798896e-01,1.868387675933009251e-01
1.527083978189957003e-01,5.686992547441605678e-02,2.502945308221624643e-01,2.200128574489868538e-01,2.016352770304055131e-01,1.184790114050334464e-01
1.281424765469927896e-01,3.475497928286250954e-02,2.698775085094981541e-01,2.159450260001962441e-01,2.084647808662707102e-01,1.428152287941795717e-01
7.358948282827429410e-02,2.181473119365776731e-02,1.785714313616526827e-01,3.634927320297651754e-01,1.478381170442548409e-01,2.146935055423951355e-01
2.763382699455056365e-02,0.000000000000000000e+00,1.123420027692531992e-01,4.295301986250901760e-01,2.100195143280512433e-01,2.204744572830549532e-01
9.441782483255176106e-02,1.363522242742491383e-02,2.633533051345117726e-01,1.184456888994799839e-01,3.653988544583358644e-01,1.447491042476957146e-01
6.281999999999999806e-01,0.000000000000000000e+00,0.000000000000000000e+00,0.000000000000000000e+00,1.794999999999999929e-01,1.922999999999999987e-01
1.066462143630258486e-01,3.037706887531245806e-02,2.122387867580907694e-01,2.351998770924049464e-01,2.090342618762232041e-01,2.065037910349428740e-01
1.268625453051560881e-01,3.761516557773763453e-02,2.294109856726244956e-01,1.719350175839658157e-01,2.753085394460454971e-01,1.588677464144704898e-01
1.156409845601984732e-01,3.626455512317755536e-02,1.820593355476726460e-01,3.298433654229735446e-01,1.507248932525734053e-01,1.854668660934044311e-01
1.466185523243472844e-01,6.237788627090262022e-02,2.354263072242269994e-01,2.193183801504752506e-01,1.890676666902521286e-01,1.471912073397957377e-01
1.314126072740993967e-01,3.595041552739729196e-02,2.322032648625472762e-01,2.039749116001320639e-01,2.250765037581174133e-01,1.713822969777065164e-01
2.262842897790528010e-02,6.175957462044457530e-02,1.150902021050794338e-01,4.206433644794979609e-01,1.720541447597351559e-01,2.078242850573374656e-01
1.112684272368936328e-01,3.118775989799914966e-02,1.915307627563563042e-01,2.587929899415828405e-01,2.046517054308785721e-01,2.025683547362894799e-01
1.366498942570481823e-01,4.032037713916807736e-02,2.381219768566853467e-01,1.531796006259398824e-01,2.806934985396875026e-01,1.510346525814709462e-01
1.110454040960847932e-01,3.108915756062088573e-02,1.939448859434587669e-01,2.589590280409830303e-01,2.034239802072363434e-01,2.015375441516161492e-01
1.248051830614318458e-01,4.172938929876541386e-02,2.252972121895562285e-01,3.421778007095858110e-01,1.113570961238743301e-01,1.546333186167864748e-01
1.246243530359574803e-01,3.626498697165514429e-02,1.945286576710981707e-01,2.659957386780901212e-01,2.085157687035968654e-01,1.700704949396021071e-01
5.057006577785579798e-02,1.082798303183688145e-02,2.244170650317649507e-01,4.365160044930216365e-01,1.635879441440840354e-01,1.140809375214367621e-01
1.088861254674385048e-01,3.051110094109272045e-02,1.881212877962263053e-01,2.650857124705732759e-01,2.000680528480169307e-01,2.073277204766523218e-01
1.097780193135738658e-01,9.627278025461261102e-03,2.440517028683468759e-01,2.975726472186633886e-01,1.397475841638858851e-01,1.992227684100688068e-01
1.226531515830923541e-01,1.751463236301158827e-02,1.410301096602944171e-01,4.276570320488062293e-01,1.509729425379477963e-01,1.401721318068477884e-01
1.158100628944343513e-01,3.744740427389671444e-02,3.223960747163083229e-01,2.057160922222305566e-01,1.660998031121400653e-01,1.525305627809899478e-01
0.000000000000000000e+00,0.000000000000000000e+00,3.309999999999999748e-02,4.966999999999999749e-01,9.270000000000000462e-02,3.775000000000000022e-01
6.377475480372027383e-02,5.294276435799066122e-02,2.130033783507432055e-01,2.975412886812980329e-01,1.935966756374285780e-01,1.791411381688194082e-01
1.241390511648634426e-01,3.605766810748193413e-02,1.962478995723192232e-01,2.729308759904812698e-01,2.053990639212353309e-01,1.652254412436187370e-01
1.527858288162770029e-01,5.693016444458003783e-02,2.497440617234985005e-01,2.202459041400982587e-01,2.016895316160044471e-01,1.186045092595417461e-01
9.003655783795007361e-02,3.750823486483370606e-02,1.729264362253135068e-01,3.562881542375870292e-01,1.638270537161282958e-01,1.794135631181874024e-01
8.909684597594888511e-02,2.315627597303027141e-02,1.627287663764354075e-01,4.355365129878114305e-01,1.511121086730105589e-01,1.383694900137633910e-01
9.934735567240839116e-02,9.350077917315978426e-03,2.124003811142870513e-01,3.801524734928346527e-01,1.247878454542676874e-01,1.739618663488862182e-01
1.045511718990112665e-01,3.280785113162314887e-02,1.375590261499491096e-01,4.582181556960062685e-01,1.397370417703762135e-01,1.271267533530339167e-01
4.485567010309277763e-02,3.067113402061855468e-02,1.758701030927834752e-01,4.519969072164947699e-01,1.176639175257731817e-01,1.789422680412371125e-01
8.238522264408654205e-02,0.000000000000000000e+00,1.143659704550443468e-01,5.339417393637346798e-01,1.148895519475768012e-01,1.544175155895576301e-01
1.040205361784103943e-01,3.373639011191688353e-02,1.645866018605958714e-01,3.616869327149586644e-01,1.271265671241897099e-01,2.088429720099284070e-01
1.214633882298110923e-01,3.918472721334397002e-02,1.639307113544974381e-01,3.893628479501207718e-01,1.295469412132760623e-01,1.565113840389508182e-01
1.175185397623708106e-01,2.056012024392247714e-02,2.319414167551525352e-01,2.633280343083028718e-01,1.943127467487878735e-01,1.723391421814633451e-01
8.817296011158716473e-02,1.019807109552973816e-02,1.854949583838441107e-01,4.284183409150586486e-01,1.127445888674766944e-01,1.749710806265036278e-01
1.050112239912455725e-01,3.716631602606899204e-02,2.228559890969663559e-01,3.876481809705490944e-01,9.806634964566093848e-02,1.492519402695091091e-01
8.860925808460118347e-02,4.039691061408880873e-02,1.169921334675444319e-01,4.244788796340970838e-01,1.505509930429692333e-01,1.789718251566992657e-01
1.255911628453185436e-01,3.843113596358927603e-02,1.884244089522869037e-01,2.575622955786265877e-01,2.271226516727231914e-01,1.628683449874555322e-01
1.461569555649398777e-01,6.151762709393465006e-02,1.964623520984979943e-01,2.310358060040735573e-01,2.279168396112466743e-01,1.369104196273071561e-01
1.214633882298110923e-01,3.918472721334397002e-02,1.639307113544974381e-01,3.893628479501207718e-01,1.295469412132760623e-01,1.565113840389508182e-01
1.190193784816235695e-01,3.061374735171657965e-02,1.746214692962723691e-01,2.497028605550965785e-01,1.686394162733437230e-01,2.574031280419472045e-01
1.056587447203614638e-01,1.443784089346554153e-02,1.418033481346087366e-01,4.639206759048478124e-01,1.277613499207620462e-01,1.464180404259544932e-01
1.313449542471686327e-01,9.257290662624024710e-03,1.930493007871554312e-01,3.881683825203931515e-01,1.164581619370393117e-01,1.617219098456193771e-01
1.169900193308197195e-01,5.307034604794483995e-02,2.657669911634170101e-01,2.194052277112936711e-01,2.064245102251646147e-01,1.383429055213600822e-01
1.117143234171003585e-01,3.150232166863232292e-02,1.402815693325306090e-01,4.292839528573431651e-01,1.067977880229940141e-01,1.804200447013996345e-01
1.158471409447132394e-01,5.251404975362811839e-02,2.070023764532072652e-01,2.926688446890186035e-01,1.950748266717485246e-01,1.368927614876842280e-01
1.211414768042975154e-01,3.525148954448219241e-02,2.600391379445470830e-01,1.924925864519041463e-01,2.026883794570141506e-01,1.883869297977548429e-01
1.143583891354115201e-01,3.531828638023291889e-02,1.945424460272334732e-01,2.526176687972495616e-01,2.040446010624309692e-01,1.991186085974416820e-01
1.461569555649398777e-01,6.151762709393465006e-02,1.964623520984979943e-01,2.310358060040735573e-01,2.279168396112466743e-01,1.369104196273071561e-01
1.096769707727670573e-01,3.061374735171657965e-02,1.913516674983026522e-01,2.584415823442318683e-01,2.089464944498523880e-01,2.009695375831295205e-01
1.235433306505127476e-01,3.595041552739729196e-02,1.928412681005196305e-01,2.578419837258739689e-01,2.067070514810346871e-01,1.831159505146616184e-01
1.180549843143896271e-01,6.306421825982465312e-02,1.144856006903281487e-01,4.119920321938080332e-01,1.291486221663077638e-01,1.632545423753417324e-01
5.499057531683130412e-02,4.760486589102144728e-02,1.711031652327706931e-01,3.686996482090636462e-01,1.620154242267749234e-01,1.955863211235381871e-01
1.311567161771746148e-01,3.565221094031254673e-02,2.527371426875547611e-01,1.533074103178505010e-01,2.659586547903384779e-01,1.611878650867692164e-01
1.120815645748603484e-01,3.280785113162315580e-02,1.547629641930195199e-01,4.054439381164660627e-01,1.585556838959873704e-01,1.363479980880435705e-01
1.250294412930747501e-01,3.635588503487559298e-02,1.961928296141907391e-01,2.648167008119876042e-01,2.081752714191164033e-01,1.694298718267549797e-01
1.255433635382335877e-01,3.646556738658117414e-02,1.984679371111216228e-01,2.632353550050532398e-01,2.077226232221692781e-01,1.685651537368411113e-01
9.490699712674049993e-02,1.746558023743823018e-02,1.935336213639120562e-01,3.394096728191602352e-01,1.704467292485458974e-01,1.842373992042030395e-01
1.156439645438974567e-01,5.416206876102480638e-02,1.892328064168997681e-01,3.014990948892736222e-01,1.961554725833039858e-01,1.433065928056003746e-01
1.124571277448574297e-01,3.324820866288151489e-02,1.724873759287267050e-01,3.516450549178092300e-01,1.926420879511401008e-01,1.375201447945851307e-01
1.461569555649398777e-01,6.151762709393465006e-02,1.964623520984979943e-01,2.310358060040735573e-01,2.279168396112466743e-01,1.369104196273071561e-01
1.126105726575427762e-01,3.333208608764905850e-02,1.564377651257057023e-01,3.124800512817712539e-01,2.041502388653029243e-01,1.809892859820282363e-01
1.231504121507584065e-01,3.586959061718638514e-02,1.908922813915665817e-01,2.827037832486781199e-01,2.075148206607016765e-01,1.598691119311088649e-01
1.200887412525081938e-01,3.999986956209822253e-02,3.007854535651939276e-01,1.618484355060664237e-01,2.553071921285073875e-01,1.219703079856257338e-01
1.250294412930747501e-01,3.635588503487559298e-02,1.961928296141907391e-01,2.648167008119876042e-01,2.081752714191164033e-01,1.694298718267549797e-01
1.255433635382335877e-01,3.646556738658117414e-02,1.984679371111216228e-01,2.632353550050532398e-01,2.077226232221692781e-01,1.685651537368411113e-01
9.665157058802205381e-02,2.169785259010459377e-02,2.029695482551591157e-01,3.960301854905142194e-01,1.046392003870063037e-01,1.780116426891937276e-01
1.178068752239660039e-01,5.344089752890485850e-02,2.098345892497403831e-01,2.129648184365441066e-01,2.559052353913263689e-01,1.500475841695183554e-01
1.179588261060008636e-01,5.629963883999040963e-02,1.637930891990842797e-01,2.636162282332912277e-01,2.015363763336887326e-01,1.967958412879445007e-01
1.361614118785637040e-01,4.063233491982096851e-02,2.284740597088023017e-01,3.028745728460943698e-01,1.541723497349691829e-01,1.376852709117494522e-01
1.246243530359574803e-01,3.626498697165514429e-02,1.945286576710981707e-01,2.659957386780901212e-01,2.085157687035968654e-01,1.700704949396021071e-01
1.246243530359574803e-01,3.626498697165514429e-02,1.945286576710981707e-01,2.659957386780901212e-01,2.085157687035968654e-01,1.700704949396021071e-01
1.249852749620115333e-01,3.794610508973586538e-02,2.725746485271147712e-01,2.319250688369042246e-01,1.875041844532413238e-01,1.450647181309922262e-01
4.559145993801568680e-02,2.906714645509524131e-02,1.349880765263618831e-01,4.768639449802458130e-01,1.367050244719518193e-01,1.767843476283295912e-01
2.726999999999999980e-01,2.172000000000000042e-01,2.172000000000000042e-01,0.000000000000000000e+00,2.172000000000000042e-01,7.580000000000000626e-02
1.246243530359574803e-01,3.626498697165514429e-02,1.945286576710981707e-01,2.659957386780901212e-01,2.085157687035968654e-01,1.700704949396021071e-01
0.000000000000000000e+00,0.000000000000000000e+00,0.000000000000000000e+00,1.000000000000000000e+00,0.000000000000000000e+00,0.000000000000000000e+00
1.221806978424275492e-01,3.555389703138470830e-02,2.030674527090828296e-01,2.546672034402530094e-01,2.044271565767325771e-01,1.801035924001193333e-01
1.009844525042895153e-01,1.599545259434872677e-02,2.244930660251019672e-01,3.828429004681909720e-01,1.123763586368543566e-01,1.633077697712145004e-01
1.158083194890240225e-01,3.437582326596665128e-02,2.132012881928202763e-01,3.312096431662875928e-01,1.737898998370941417e-01,1.316150260488072321e-01
4.649999999999999967e-02,0.000000000000000000e+00,3.952999999999999847e-01,0.000000000000000000e+00,5.000000000000000000e-01,5.809999999999999887e-02
1.298475706603991753e-01,4.435355007864751758e-02,2.005420392306651034e-01,1.933145295880674686e-01,2.157085809762272210e-01,2.162337294659934517e-01
1.235423661772447196e-01,3.595013487109178368e-02,1.928397626348091198e-01,2.139425531429772487e-01,2.581988339920752717e-01,1.755263491818018495e-01
1.393416280594722556e-01,4.376372626029684937e-02,1.811381622288431859e-01,3.101171078535774339e-01,1.922260415927156962e-01,1.334133340050946970e-01
9.688701920315959115e-02,2.820863671272903078e-02,1.506394799932311290e-01,4.362641780176311768e-01,1.627402500645107886e-01,1.252604360087382351e-01
6.000422771101970171e-02,3.287777037024992161e-02,1.199539829915933636e-01,4.999878046797509579e-01,1.173945917819802093e-01,1.697816224654059292e-01
7.272405980224820599e-02,1.740122683923145744e-02,2.503630107149804052e-01,3.045748939049816029e-01,1.581939052555732250e-01,1.967429034829850376e-01
1.377358125886043450e-01,7.536086710628152330e-02,1.697354831715800483e-01,2.928576170543899515e-01,1.468090666993842608e-01,1.775011533797598573e-01
1.355521739499595535e-01,3.985724299351971200e-02,2.367047396043144292e-01,2.710203842891820147e-01,1.593006680295816491e-01,1.575647911334427387e-01
1.421250449562689311e-01,6.424408017407881588e-02,1.997816469677468343e-01,1.626842668089139576e-01,2.471934293845551023e-01,1.839715317084364421e-01
0.000000000000000000e+00,1.474000000000000032e-01,0.000000000000000000e+00,6.320000000000000617e-02,0.000000000000000000e+00,7.894999999999999796e-01
1.008930727157716645e-01,3.272207763754756554e-02,1.596381695349247953e-01,4.084926288395859251e-01,1.233044017286020616e-01,1.749496495435680921e-01
7.502677963862156019e-02,3.285973744247981665e-02,1.088676551728517683e-01,4.074660523471437257e-01,6.137046726002566566e-02,3.144093081388774635e-01
1.346459003215434158e-01,7.739895498392283801e-02,2.288754019292604525e-01,2.299221061093247587e-01,1.780933279742765440e-01,1.510643086816720326e-01
9.347144976387021520e-02,9.203083634526298615e-03,1.712299876164389278e-01,4.212501005647414920e-01,1.070738179037570986e-01,1.977715605166659174e-01
1.246243530359574803e-01,3.626498697165514429e-02,1.945286576710981707e-01,2.659957386780901212e-01,2.085157687035968654e-01,1.700704949396021071e-01
8.111711768769672148e-02,1.071016957768498000e-02,1.910688585902610148e-01,4.664415519912398223e-01,8.337215339242871892e-02,1.672901487606887339e-01
7.889830893390836764e-02,0.000000000000000000e+00,2.411072941530311708e-01,3.490215526734065654e-01,2.063911832551670322e-01,1.245816609844868084e-01
1.255433635382335877e-01,3.646556738658117414e-02,1.984679371111216228e-01,2.632353550050532398e-01,2.077226232221692781e-01,1.685651537368411113e-01
1.139484925553717193e-01,3.562433640336797741e-02,1.697313513913923377e-01,3.695683844045531963e-01,1.343267735005802821e-01,1.768006617447344386e-01
1.148322519913492629e-01,4.950239601916815724e-02,1.155789246313970453e-01,4.178580095307429798e-01,1.280150241201929717e-01,1.742133937071496941e-01
1.018483758063590539e-01,3.549619259174255359e-02,1.537914245198730989e-01,3.259641472471085932e-01,1.798637693751587996e-01,2.030360904597578731e-01
9.311012981396935007e-02,9.160990943791630717e-03,1.541684338331295867e-01,4.627254696504752851e-01,9.940207402972164874e-02,1.814329017289124657e-01
1.221379115294362883e-01,3.556042908039996897e-02,1.898994481569678261e-01,2.724191420129480901e-01,2.051539455763270459e-01,1.748291236439207808e-01
5.488362007259008774e-02,3.080341729193508682e-02,1.402727601916647637e-01,3.975191370032590266e-01,1.473686094198687901e-01,2.291524560206822936e-01
1.246243530359574803e-01,3.626498697165514429e-02,1.945286576710981707e-01,2.659957386780901212e-01,2.085157687035968654e-01,1.700704949396021071e-01
5.278141334489443171e-02,3.843589722615317616e-02,1.693134504167723431e-01,3.872751515349818763e-01,1.914009521550278647e-01,1.607931353221703219e-01
1.433047690888866188e-01,6.052813193298164918e-02,1.932080391413689147e-01,2.960331462109885292e-01,1.690360462575325740e-01,1.378898673682417142e-01
8.631690541787460924e-02,7.958464488348197113e-03,2.672470207906602058e-01,2.260632554365253344e-01,2.493507008749484555e-01,1.630636529916431599e-01
1.214633882298110923e-01,3.918472721334397002e-02,1.639307113544974381e-01,3.893628479501207718e-01,1.295469412132760623e-01,1.565113840389508182e-01
1.073358889497369045e-01,1.347841615276554328e-02,1.634962737208028871e-01,3.862872925545846603e-01,1.420986213957475541e-01,1.873035072263625478e-01
6.822282749675744051e-02,3.965888456549934021e-02,1.424715953307392480e-01,3.922522697795070568e-01,2.371789883268482502e-01,1.202154345006484770e-01
1.235433306505127476e-01,3.595041552739729196e-02,1.928412681005196305e-01,2.622762586486886982e-01,2.096736438589741069e-01,1.757150832139075247e-01
1.260970355131165732e-01,3.071083480860801670e-02,1.323435526450231770e-01,4.097063049967064607e-01,1.563013372039516735e-01,1.448409348325940260e-01
1.229860921804934865e-01,2.466876404436247824e-02,2.955765735264110905e-01,2.377036139505690204e-01,1.731140173449190467e-01,1.459509389532448742e-01
1.238037335862182675e-01,3.607108942000873675e-02,1.914410080374690515e-01,2.682361354769021156e-01,2.091697591892503760e-01,1.712782742901515221e-01
1.235433306505127476e-01,3.595041552739729196e-02,2.043719442642473183e-01,2.075270156316121883e-01,2.448511840036976805e-01,1.837561099225327454e-01
1.110454040960847932e-01,3.108915756062088573e-02,1.939448859434587669e-01,2.589590280409830303e-01,2.034239802072363434e-01,2.015375441516161492e-01
3.400027145925316879e-02,5.556930594256241293e-03,1.118755439165183135e-01,5.530800645114930525e-01,5.663518271602967225e-02,2.388520068024495291e-01
7.695264421756956019e-02,1.479910053611583481e-02,2.899998705357720308e-01,2.970132602619374174e-01,1.956985733488512125e-01,1.255365510997539791e-01
8.775256305344325547e-02,2.958093826716963470e-02,2.331630175172478003e-01,2.934180587988743372e-01,2.074247882694981449e-01,1.486606340937668413e-01
8.921203686926670873e-02,2.591270020545270378e-02,1.410327748430326156e-01,4.268959599660639426e-01,1.476092228151377472e-01,1.693373053010463203e-01
1.298575520253047455e-01,3.474947961108060951e-02,2.757805833790768490e-01,2.197122779175747498e-01,2.175046332277157102e-01,1.223954738392473707e-01
1.144682774568126921e-01,3.247099912972532115e-02,3.344936995679687608e-01,1.721888283223584060e-01,2.088157156602028497e-01,1.375624798629319079e-01
1.200393220254235976e-01,1.550916397838181596e-02,1.245733194164554275e-01,3.998935698131132477e-01,2.041986351578550518e-01,1.357859896087708351e-01
1.252399378869910040e-01,3.714928326513680656e-02,1.445312680850433240e-01,3.794032595440416933e-01,1.936938813871164344e-01,1.199823698316707793e-01
1.246243530359574803e-01,3.626498697165514429e-02,1.945286576710981707e-01,2.659957386780901212e-01,2.085157687035968654e-01,1.700704949396021071e-01
1.677679467749245978e-01,6.098273665509543889e-02,1.827871737230410409e-01,2.050738104421613861e-01,2.582261598180809470e-01,1.251621725866965962e-01
1.172166565043896713e-01,3.488762929124714779e-02,2.473829243190463767e-01,2.689487112890165954e-01,1.771555717287769949e-01,1.544085068675232486e-01
4.655447995475373024e-02,5.704964794793399366e-03,1.184214624710038660e-01,4.821318207526291144e-01,5.814391921245255779e-02,2.890433528143673825e-01
1.178031638981841128e-01,2.049049884300080046e-02,1.812445698457621490e-01,4.158895990503144735e-01,1.073407083071682561e-01,1.572314600555703989e-01
1.066680962317214931e-01,2.002841260546478833e-02,2.227597753383533108e-01,3.413541554981895931e-01,1.585802769507377308e-01,1.506092833755329763e-01
1.017959338389288065e-01,9.325865275913990463e-03,2.216445409116147292e-01,3.351978079645098751e-01,1.659988780770736139e-01,1.660369739319588755e-01
1.230008428153300665e-01,3.583716154116137198e-02,1.901994766710844165e-01,2.746763436082094167e-01,2.078132534980468016e-01,1.684729218661679684e-01
1.262128528125999460e-01,3.659668086780359236e-02,2.017738065515079227e-01,2.609967198088972151e-01,2.070897956453525701e-01,1.673301443138387468e-01
