1.185594099553609754e-01,4.812630341734051853e-02,2.509923469522343797e-01,1.783461630419180266e-01,2.313609141990966012e-01,1.726148624340494708e-01
1.027732319108065895e-01,1.386039497821370432e-02,1.856126586830583458e-01,3.869476886745253363e-01,1.090478932423534775e-01,2.017581325110426316e-01
1.130269799708488176e-01,3.296759454781483800e-02,2.252867541643158167e-01,1.966578751725228669e-01,2.368343055050913804e-01,1.952264906394062249e-01
1.198731693137395221e-01,3.323664921279315121e-02,1.898738174834057602e-01,2.510481107764879760e-01,2.380261822070732503e-01,1.679420710065003819e-01
9.868549066993931307e-02,1.578664907394496109e-02,1.647079360145373428e-01,4.069302934957971241e-01,1.424959999260164145e-01,1.713936308197648584e-01
1.138340277707646231e-01,5.099886779322456570e-02,1.520484766538238719e-01,3.764960367127700991e-01,1.211420249659585086e-01,1.854805661034582831e-01
1.280460374311036820e-01,4.163403564398603790e-02,2.196315453101339021e-01,2.201189796687897660e-01,2.016402574483517618e-01,1.889291444976348155e-01
1.152890613849921614e-01,4.218773987828929040e-02,1.865287105424245917e-01,3.121924325895359398e-01,1.937555433357188439e-01,1.500465122690392283e-01
1.135525267288739759e-01,3.631252892581049441e-02,1.936775068781965425e-01,2.621742021560468650e-01,1.936139215734393182e-01,2.006693137376327207e-01
6.640411699253366551e-02,3.402196604294250443e-02,1.757173217571416923e-01,4.252721934291160966e-01,8.210327184617749463e-02,2.164811299320885674e-01
1.041481659634365259e-01,3.241863904969397026e-02,1.761290172326185066e-01,3.268426102179272652e-01,1.581765016081075892e-01,2.022850659282161012e-01
2.649999999999999925e-02,4.420000000000000318e-02,2.477999999999999925e-01,2.649999999999999925e-02,5.574999999999999956e-01,9.729999999999999760e-02
9.802216353216011702e-02,4.499909856734440189e-02,2.157747654415690941e-01,2.922444793318271783e-01,1.811810935617918505e-01,1.677783995653074067e-01
1.020331688704751716e-01,3.317108429069795528e-02,1.683616910086568885e-01,2.206846211073868469e-01,2.640077967144457971e-01,2.117416380083373129e-01
1.387438878805543063e-01,4.830868460617393501e-02,2.443143035598359381e-01,2.512974980125834423e-01,1.902779293249573511e-01,1.270576966158949717e-01
1.075081880494813402e-01,4.173016118623475851e-02,1.298701041307970538e-01,4.276680082168887176e-01,1.552302105754879424e-01,1.379933278411101527e-01
9.984587594385628539e-02,1.259208812639025198e-02,1.432094076985882536e-01,3.768443965512867644e-01,1.512859202456047492e-01,2.162223114342737562e-01
8.524820506119563934e-02,9.564296786902416400e-03,1.876915312451444273e-01,4.341135737949065598e-01,1.550601624129257783e-01,1.283222306989250938e-01
1.141198914467261710e-01,3.327294293112056933e-02,2.182389300790029962e-01,2.506077931509118617e-01,2.141476817569694380e-01,1.696127606352690054e-01
1.438462029092666405e-01,6.265133817923992932e-02,2.496667039711712166e-01,2.053717835467967212e-01,2.241283018998869725e-01,1.143356694936384504e-01
1.375828544857711777e-01,8.146077250771079081e-02,2.020929017573263042e-01,2.014408661776242726e-01,2.250514338894598065e-01,1.523711711821076342e-01
8.278967417313899679e-02,8.080942075095099222e-03,2.206900069391410646e-01,4.471555235933616368e-01,7.452908659268857317e-02,1.667547666265746520e-01
9.015995432400686349e-02,1.480967595689374437e-02,2.207907100630913388e-01,4.324624327207841068e-01,8.540793359878348645e-02,1.563692933364404236e-01
1.097973477204390730e-01,2.995014402592641872e-02,1.971176029905483129e-01,2.404559897997438356e-01,2.292011863442754704e-01,1.934777291190670212e-01
1.165573428532819394e-01,3.617946380407519036e-02,2.093850936790121742e-01,2.977107257643926141e-01,1.403120646905050839e-01,1.998553092087330674e-01
1.098499061707696733e-01,2.997152110873600381e-02,1.965159420527601841e-01,2.403553136138670832e-01,2.295939205405463368e-01,1.937133965133205904e-01
1.231336005363200675e-01,4.108670345621466546e-02,2.001867999863898295e-01,2.225799233426762891e-01,2.260156708599933562e-01,1.869973018184056812e-01
1.046944852859846287e-01,2.890170001682372536e-02,1.295267629073137416e-01,4.050378568434939153e-01,9.961133728313367741e-02,2.322278576632504088e-01
7.033523646611074265e-02,4.445048727714224351e-02,2.039032392872526800e-01,2.013826498717954661e-01,3.514907134985536530e-01,1.284376735991452911e-01
1.339269177812333345e-01,4.329971213957439086e-02,2.728622686931824193e-01,1.415733508028816090e-01,2.638099403688674571e-01,1.445278102142609211e-01
1.146166914665839448e-01,3.635265263344409498e-02,1.526859748377480952e-01,4.123972244017668487e-01,1.219060300157747412e-01,1.620414266446822127e-01
9.854998570524808876e-02,5.136490160840156971e-02,2.212859333617089586e-01,2.535773131339900122e-01,2.136824932477011663e-01,1.615393729429502601e-01
1.162549156408210077e-01,2.506560760239585212e-02,1.987813639404062971e-01,2.309367964045056232e-01,2.735333455617686704e-01,1.554279708501025148e-01
1.366505959734198861e-01,5.188899784746548588e-02,1.629314500137304111e-01,3.586044041704595786e-01,1.400098490237496884e-01,1.499147029711749013e-01
9.279384275953633798e-02,6.734084885334856718e-02,2.097671143055505893e-01,2.033676043025523239e-01,2.723792719312878585e-01,1.543513178477243786e-01
9.984587594385628539e-02,1.259208812639025198e-02,1.432094076985882536e-01,3.842615564312746868e-01,1.492216435035735589e-01,2.108694282963170241e-01
1.174403988721061110e-01,3.819968037274234368e-02,1.361909099199474504e-01,3.600102968101097090e-01,2.012398075078768167e-01,1.469189065172175623e-01
1.356914860162535819e-01,6.312715159160529887e-02,1.650709507298087353e-01,3.107210438839658195e-01,1.731524812086636667e-01,1.522368865697028006e-01
1.098499061707696733e-01,2.997152110873600381e-02,1.965159420527601841e-01,2.403553136138670832e-01,2.295939205405463368e-01,1.937133965133205904e-01
1.188952860894850055e-01,3.297018595465885105e-02,2.222118408771839582e-01,1.914187149782530795e-01,2.191673595597853352e-01,2.153366125406337983e-01
1.287130471450761982e-01,5.262638407816642300e-02,2.077337465633301850e-01,3.180281552695576885e-01,1.495422905210978537e-01,1.433563764227716308e-01
1.137192829171591313e-01,3.936504838499220449e-02,2.439680540502934258e-01,2.086459060844938207e-01,2.089102822293803785e-01,1.853914263336810531e-01
1.204035178783081778e-01,2.242584955279764564e-02,1.653587781880127561e-01,4.089971864759815445e-01,1.316338439602610377e-01,1.511808239446388591e-01
1.120554954313159879e-01,3.267854628576890436e-02,1.861674644375886367e-01,2.680497289508811387e-01,2.261239971633201840e-01,1.749247677311249471e-01
1.392610136475362081e-01,5.677095725086823280e-02,1.977555726678447146e-01,2.228068361971654032e-01,2.288663058326460553e-01,1.545393144039392819e-01
9.303013790047771903e-02,2.392102685262597131e-02,3.169390716263745245e-01,2.167076642517105078e-01,1.782062248363569801e-01,1.711958745324543008e-01
9.983826799564414489e-02,1.258735443946409037e-02,1.572775960092092640e-01,3.895391287667957503e-01,1.321590757694806884e-01,2.085985770194060118e-01
1.306921318030837276e-01,3.371512049562754715e-02,1.662749047854668316e-01,2.778543069889096717e-01,2.449422008083701474e-01,1.465213351185421786e-01
1.143168004505018681e-01,3.638406059091475742e-02,1.526933176733470954e-01,4.127312890839526793e-01,1.216557910266603676e-01,1.622187411746231489e-01
9.988247923964889419e-02,3.983602469713656835e-02,2.048408702143216520e-01,3.133525068585383822e-01,1.067549509163367438e-01,2.353331680740176901e-01
1.184132607689192263e-01,3.328982720782403676e-02,2.093540038799143188e-01,1.931945688168558994e-01,2.631265119402985686e-01,1.826218273861878461e-01
1.145934226983541526e-01,3.341100631439039570e-02,1.760620723786161523e-01,3.113030953303438375e-01,1.953887121166936747e-01,1.692416911616017317e-01
1.127045739230698035e-01,3.207824465538747227e-02,2.910837771770965476e-01,2.302540373352766068e-01,2.176547170058459602e-01,1.162246499033236929e-01
1.102223006246720177e-01,3.577737836621607687e-02,2.028068291580946703e-01,2.739893297496385771e-01,2.301904659100713346e-01,1.470136961913072748e-01
8.253099083796515412e-02,1.009471096507569103e-02,2.182525746509156594e-01,3.517750564300396454e-01,1.322526224879440881e-01,2.050940446280595797e-01
1.460296472072603324e-01,5.404558052265231310e-02,2.570278272559383681e-01,2.053717835467967212e-01,2.173219299351313027e-01,1.202032315322209000e-01
1.098499061707696733e-01,2.997152110873600381e-02,1.965159420527601841e-01,2.403553136138670832e-01,2.295939205405463368e-01,1.937133965133205904e-01
1.282358611271799953e-01,3.800028227566936562e-02,2.213128230965927812e-01,2.513259430679199435e-01,2.015590674650730441e-01,1.595660229675647801e-01
1.018691553489004809e-01,5.187778232589585620e-02,1.830629730098637109e-01,2.605731258398988892e-01,2.228206345758315665e-01,1.797963288996095588e-01
1.358752040468249878e-01,3.603635591446406605e-02,2.098771490788046423e-01,2.173844127639040780e-01,2.188850593522354004e-01,1.819418188437668948e-01
1.269626633101859081e-01,5.738505922395922138e-02,1.725534480610425303e-01,3.237640604224197305e-01,1.466181108449692572e-01,1.727166581374233734e-01
1.107291557564118734e-01,3.238674028135021116e-02,1.604802166388909490e-01,3.353938483254682579e-01,2.324328460837573329e-01,1.285771929141212855e-01
8.558836743633906063e-02,2.895004006835754165e-02,1.401567647202703326e-01,3.429435959002018475e-01,2.057201221379300615e-01,1.966411097369010486e-01
1.185387357952749632e-01,4.545922867957104263e-02,1.880987869915638488e-01,2.660573120364323474e-01,1.762695258321227421e-01,2.055764106650350420e-01
5.276838803422798790e-02,2.910559091852775795e-02,1.449992146718518671e-01,4.380600578382507493e-01,1.110559845567405668e-01,2.240107639804010675e-01
0.000000000000000000e+00,0.000000000000000000e+00,4.328000000000000180e-01,5.672000000000000375e-01,0.000000000000000000e+00,0.000000000000000000e+00
9.054569908478790619e-02,5.016825219918933515e-02,2.159319421983204312e-01,3.191749896758496186e-01,1.314815497241424713e-01,1.926975671177103000e-01
1.240488436863045607e-01,3.388080643386252866e-02,2.200978355504708828e-01,2.016372417318444410e-01,2.695606071915411794e-01,1.507746654059763936e-01
6.729564083535136132e-02,4.068518784274630790e-02,1.604843343115049115e-01,3.145194671486656324e-01,2.129160553202189554e-01,2.040993145415130050e-01
1.126508163700492282e-01,3.285787553136403083e-02,1.744685708188449258e-01,2.642800031370741709e-01,1.927878890148930768e-01,2.229548451277744148e-01
1.364318342631932190e-01,4.895154564700281846e-02,1.720415116750157458e-01,2.556849356258724670e-01,2.121267569489648230e-01,1.747634158399511417e-01
7.310553290304580565e-02,5.863369548263074049e-02,1.609626831262561952e-01,3.861970109959023678e-01,7.950992487455389723e-02,2.415911526176108270e-01
1.154103343411513327e-01,3.481943867347252891e-02,2.591567335008478912e-01,1.736534493075413410e-01,2.523690946064094387e-01,1.645909495705775438e-01
1.143168004505018681e-01,3.638406059091475742e-02,1.526933176733470954e-01,4.127312890839526793e-01,1.216557910266603676e-01,1.622187411746231489e-01
8.989810202895068270e-02,2.891254592644106405e-02,1.728266996568632585e-01,3.232271150222713052e-01,1.830213503818308440e-01,2.021141869836429739e-01
7.558875875961285074e-02,1.159794527852999781e-02,2.042920077440774640e-01,4.395005553035755685e-01,1.160971284033531503e-01,1.529236045108509634e-01
8.287113674952724385e-02,3.025722647543525184e-02,1.870519553942171231e-01,3.090572648100866626e-01,1.920405802701115328e-01,1.987218363006222899e-01
1.391711759368555457e-01,4.249059635673549384e-02,2.771694780530728486e-01,1.644862470906640894e-01,2.255772072789016258e-01,1.511052952837705077e-01
1.145934226983541665e-01,3.341100631439040264e-02,1.760620723786161801e-01,3.067268449448921630e-01,1.953887121166937024e-01,1.738179415470535172e-01
9.977892189262919931e-02,1.255042912607753393e-02,1.452829725407162598e-01,3.755976644226516337e-01,1.512830390763023614e-01,2.155069729416230206e-01
9.993683409811204843e-02,1.319340108605139561e-02,1.973104662612650273e-01,3.411481051095094363e-01,1.589412815890636765e-01,1.894699118559984574e-01
1.309055116526531559e-01,4.001518970047135415e-02,2.352676997142886250e-01,2.825580320620517671e-01,1.450018932769791546e-01,1.662516735935559431e-01
1.369876067729933200e-01,4.597236636792281783e-02,2.229504933912465070e-01,1.813551549451786482e-01,2.024784956064798191e-01,2.102558829161788878e-01
1.341815983965080061e-01,3.179113618718139300e-02,2.789898202321212106e-01,2.391009691684700955e-01,1.877219072428277236e-01,1.282145687728916683e-01
1.148453372508186909e-01,3.347389906530744835e-02,1.768808296826412108e-01,3.059666007876704619e-01,1.953159166148570047e-01,1.735174165987050932e-01
1.174140695109894966e-01,3.510977312093405134e-02,1.884049934107554503e-01,2.404576823141094388e-01,2.295617768998224895e-01,1.890517047433891151e-01
9.981676914597416295e-02,1.257397779430652514e-02,1.441108443054721633e-01,3.763024072404644871e-01,1.512846677207610180e-01,2.159113337930214926e-01
9.009836255784758885e-02,2.904834442188285876e-02,1.494170897301629053e-01,4.197504264056626799e-01,1.654826952045233834e-01,1.462030816799206046e-01
7.393111612253290554e-02,0.000000000000000000e+00,1.468778425494132456e-01,5.219325609126436172e-01,1.198280510949984445e-01,1.374304293204118010e-01
9.657065439925674455e-02,7.274232398472597894e-02,1.913996759406288994e-01,2.007720864782970571e-01,2.747860173078209844e-01,1.637292418892703771e-01
6.742784138312776787e-02,3.177714031063583189e-02,1.001340414790781591e-01,4.856524443179561779e-01,6.279999920604567576e-02,2.522085333031564014e-01
1.337820230441567337e-01,8.766554166485328314e-02,1.620329912802975225e-01,2.298370124411209803e-01,2.210026775997899484e-01,1.656797539697815735e-01
1.008547817045233053e-01,5.245129694962372656e-03,1.106307868883793788e-01,4.082279874689792032e-01,1.931076603194287200e-01,1.819336539237270123e-01
1.145934226983541665e-01,3.341100631439040264e-02,1.760620723786161801e-01,3.067268449448921630e-01,1.953887121166937024e-01,1.738179415470535172e-01
1.138454698149253402e-01,3.320633083297417493e-02,1.773066942616248753e-01,2.751087598315130056e-01,2.086629530781889397e-01,1.918697921807737405e-01
1.126424818297923208e-01,3.284972809276455463e-02,1.929207083161490754e-01,2.581537906861174347e-01,2.040484010149121730e-01,1.993848900602644136e-01
9.558384906340637588e-02,1.689157969354421890e-02,1.703659139232819031e-01,4.564326181589389853e-01,1.340644304742517612e-01,1.266616086865765545e-01
1.031740924717463731e-01,2.895004006835754512e-02,1.856449957770237580e-01,2.877167434596530904e-01,1.904678080399004048e-01,2.040463201833188633e-01
1.116606205158006682e-01,3.647581092637448147e-02,2.048305936647890069e-01,2.271189854871289715e-01,2.790986864848218896e-01,1.408153029210849616e-01
1.113964332423679343e-01,4.485863386841301009e-02,1.917287844752560422e-01,3.348954869197606765e-01,1.206176466360643629e-01,1.965030148581378977e-01
1.156346141901331698e-01,3.320657028321492149e-02,1.874538239327840361e-01,2.686857590271751195e-01,2.264178944502392710e-01,1.686013381164533365e-01
4.836210820297457552e-02,1.287853384126667194e-02,1.101929738721415530e-01,3.868783581031735586e-01,1.943174342812975797e-01,2.473705916991461029e-01
1.218664962515509653e-01,3.833155431925491796e-02,2.883047245307407969e-01,1.310255923937697908e-01,2.804650718972844792e-01,1.400065606073991054e-01
1.094254249669334156e-01,3.197825787049759366e-02,1.696125738093618163e-01,3.761149195089202868e-01,1.762459124237129859e-01,1.366229114205738948e-01
8.543581809555714224e-02,9.941620849787157280e-03,1.454452550997868132e-01,4.571506922875308576e-01,1.256350924384972145e-01,1.763915212288408585e-01
1.287657666522378508e-01,3.815730979788223981e-02,2.202475898259848575e-01,2.506077931509118617e-01,2.023919644607841406e-01,1.598295761121990288e-01
1.401286853780438768e-01,3.647237617382125680e-02,2.639175471579436327e-01,1.332353201958322297e-01,3.101355530331090793e-01,1.161105180612499038e-01
1.170288245411118672e-01,3.716199210239838624e-02,1.944355128880742578e-01,2.559683875019710397e-01,2.329141818797110797e-01,1.624911010867333416e-01
1.092029038332261864e-01,2.645476690759837948e-02,1.778761744831426628e-01,3.572470222488897673e-01,1.488664106568083068e-01,1.803527218703347701e-01
1.455437113722440612e-01,5.290660368552894260e-02,2.474217227443315792e-01,2.114716794492367546e-01,2.033246113036875913e-01,1.393316714449710780e-01
5.530899479728178247e-02,5.779706859790766788e-02,8.457818313555316714e-02,4.738700463460044920e-01,1.422739689554001485e-01,1.861717381678526517e-01
1.131312148630520820e-01,3.597982885200304987e-02,1.928981150941888878e-01,1.817695182179224211e-01,2.589657378114798014e-01,2.172555851613537925e-01
1.055281716629203059e-01,4.972045793499470234e-02,2.034079173613820013e-01,2.452550305122579433e-01,1.986983672236863341e-01,1.973900553047586715e-01
1.255901964737869414e-01,2.935454825135005302e-02,1.827908281609150198e-01,3.277537883408496167e-01,1.740226255674094391e-01,1.604880132056888398e-01
1.436706916854231519e-01,5.869400827215278532e-02,1.947301509829536814e-01,2.185963614469483007e-01,2.015985121632823673e-01,1.827102754492396230e-01
9.832963830311189368e-02,1.524612778518956609e-02,2.232397684609464250e-01,3.550726865629552642e-01,2.013160585662201740e-01,1.067957203215765399e-01
1.002298256464115439e-01,2.260085246939286599e-02,1.534562508307127371e-01,4.456101967478847126e-01,1.449713676823349839e-01,1.331315066232630351e-01
9.262263210740338815e-02,1.591839556795053567e-02,1.915585742366057442e-01,4.590017444221144993e-01,7.245415774271514453e-02,1.684444959232106187e-01
1.546904560855871247e-01,5.909780401137322559e-02,2.071703568406275675e-01,1.898185170739987992e-01,2.272469487279034084e-01,1.619759172605098885e-01
1.145934226983541665e-01,3.341100631439040264e-02,1.760620723786161801e-01,3.067268449448921630e-01,1.953887121166937024e-01,1.738179415470535172e-01
1.167919848384589010e-01,3.318126777835420094e-02,1.841341273389640876e-01,2.669155257621342869e-01,2.060878942830478011e-01,1.928891999990407502e-01
1.075349014415979132e-01,3.134313088386331270e-02,1.745859112071112274e-01,2.423944083487027390e-01,1.828831569999528339e-01,2.612584911187720849e-01
2.988405147497745148e-02,2.045939959387950771e-02,1.631371750269743626e-01,3.893470174054400323e-01,2.166607843628624297e-01,1.805115721358661052e-01
1.292596090334501013e-01,5.969632578090001973e-02,2.211542410873834352e-01,1.979887236261803629e-01,2.396224696124572839e-01,1.522786308596288662e-01
1.273848518174380273e-01,3.494792758810970346e-02,2.427685334205006429e-01,1.914209178485243024e-01,2.420681389897233471e-01,1.614096303357039353e-01
1.080981227047882604e-01,1.858863609976326575e-02,2.578155014764466624e-01,2.917028016602943308e-01,1.470815246375904439e-01,1.767134134211170438e-01
1.159715329818392926e-01,3.296837487839248543e-02,2.433820706299396064e-01,2.141422077026270410e-01,2.256429819528869563e-01,1.678928318543146669e-01
9.038236737947223653e-02,3.029740903697596827e-02,2.295707584394617307e-01,3.050766985865444036e-01,1.796025345709910959e-01,1.650702319865547107e-01
1.136510754048100924e-01,3.607210486614234601e-02,1.988422066438499669e-01,2.022170163063704840e-01,2.025895046595028726e-01,2.466280921193241549e-01
1.181081862002335559e-01,4.503296046875350511e-02,1.915769436160826289e-01,3.265796129883323795e-01,1.296449173404271571e-01,1.890573793861706209e-01
1.460296472072603324e-01,5.404558052265231310e-02,2.570278272559383681e-01,2.053717835467967212e-01,2.173219299351313027e-01,1.202032315322209000e-01
1.196534243390707797e-01,4.927336186757669267e-02,2.477960527178325600e-01,2.021813675516857811e-01,2.353623993191447938e-01,1.457333942046893094e-01
6.816300347866138809e-02,2.019829963343881818e-02,1.816966426830130543e-01,3.402606226392909106e-01,1.722166226505275066e-01,2.174648089150682806e-01
6.897001320044821027e-02,0.000000000000000000e+00,1.037024091141747484e-01,4.000890091569523355e-01,2.101077398342833247e-01,2.171308286941414645e-01
1.095960766982511936e-01,3.723509238227922652e-02,2.447995015717132905e-01,1.211385653266661977e-01,3.511007263628059816e-01,1.361300376582841587e-01
6.281999999999999806e-01,0.000000000000000000e+00,0.000000000000000000e+00,0.000000000000000000e+00,1.794999999999999929e-01,1.922999999999999987e-01
1.024810467055074087e-01,2.875040624041152668e-02,2.052872685632100291e-01,2.378675391557827090e-01,2.238046218550227839e-01,2.018091174800655530e-01
1.177238484656991102e-01,3.497116091152040890e-02,2.101538660991812968e-01,2.084485030037731002e-01,2.592125633452547762e-01,1.694900581745713564e-01
1.086931120242381060e-01,3.421658212585133862e-02,1.677420513168870753e-01,3.096838791499858523e-01,1.966102403863958792e-01,1.830541349966415265e-01
1.399647582933879753e-01,5.846112215266423273e-02,2.431902441563065509e-01,2.057855011605954909e-01,2.053318033965750300e-01,1.472665708404707063e-01
1.441090254214848210e-01,4.916606468574092476e-02,2.117664189504330774e-01,1.919903995010425746e-01,2.342892169782703204e-01,1.686788744630285386e-01
2.045162990716897083e-02,5.642572933506429661e-02,1.068857647674818501e-01,4.484391534182844974e-01,1.594251540788768629e-01,2.083725684931235222e-01
1.098499061707696733e-01,2.997152110873600381e-02,1.965159420527601841e-01,2.403553136138670832e-01,2.295939205405463368e-01,1.937133965133205904e-01
1.268641301480719075e-01,3.753416097969198423e-02,2.170865434470279076e-01,1.905300024520626967e-01,2.653368158649443420e-01,1.626483471082012522e-01
1.097586198702415194e-01,2.993439225897930045e-02,1.975609386391790068e-01,2.405301733462632541e-01,2.289117989855358748e-01,1.933040768998011139e-01
1.159897341196276938e-01,4.354297266228213809e-02,2.085872444876923082e-01,3.193384014154395656e-01,1.341478881661982703e-01,1.783937591487600449e-01
1.145934226983541665e-01,3.341100631439040264e-02,1.760620723786161801e-01,3.067268449448921630e-01,1.953887121166937024e-01,1.738179415470535172e-01
8.975343450692940817e-02,1.031420054107069773e-02,2.068914642806928272e-01,4.094078043725310478e-01,1.646474682855103289e-01,1.189856280132655514e-01
1.087995920577856518e-01,2.968188529424109490e-02,1.949402311571059587e-01,2.433672589132301056e-01,2.272753828223704475e-01,1.959356497552666998e-01
1.029309298394573829e-01,9.635496559310563480e-03,2.466828989864826849e-01,2.747184385345741164e-01,1.689004804390909220e-01,1.971317556410843719e-01
1.327015966416733306e-01,1.610939633054967943e-02,1.656332389877480937e-01,3.988387947096824759e-01,1.482020211800499920e-01,1.385149521502965497e-01
1.156693056324715474e-01,3.518964167721588127e-02,3.008972539034245886e-01,2.150776752721815510e-01,1.734360826871154948e-01,1.597300408275909855e-01
0.000000000000000000e+00,0.000000000000000000e+00,3.309999999999999748e-02,4.966999999999999749e-01,9.270000000000000462e-02,3.775000000000000022e-01
5.931647671138143979e-02,5.008084825340637647e-02,1.962906421032707682e-01,2.775429198248099971e-01,2.430336396180848291e-01,1.737354734890466101e-01
1.145519922444308142e-01,3.337315411417501182e-02,1.770317619702022061e-01,3.144420011187884501e-01,1.941684856157517569e-01,1.664326049366517402e-01
1.460606842979385311e-01,5.407083458761313688e-02,2.567881397265102117e-01,2.054677483289797379e-01,2.173531937478321019e-01,1.202593993111264192e-01
8.376400588656789103e-02,3.491123786997534645e-02,1.594254083395492405e-01,3.984381660295052141e-01,1.516438445662796342e-01,1.718173373081226529e-01
1.047619714031302746e-01,4.623117793194596314e-02,1.505778002262232185e-01,4.131585938982786921e-01,1.544888084166892717e-01,1.307816481237325523e-01
1.039890839772597969e-01,1.259598162103053517e-02,1.954359700323913818e-01,3.737638593844741508e-01,1.481816965963816402e-01,1.660334083884624223e-01
1.062232827744335056e-01,3.125197773438891796e-02,1.325788970731908711e-01,4.463471950273263378e-01,1.469091646273432139e-01,1.366894827633172715e-01
4.153502352437304923e-02,2.909801951115530139e-02,1.607364323018908026e-01,4.218415692048258503e-01,1.726448412449327341e-01,1.741441142128222763e-01
7.772293061472282383e-02,2.911106552701951157e-03,1.242282622459016106e-01,5.063812023384796079e-01,1.050651684071432779e-01,1.836913298410508821e-01
1.045051063725615931e-01,3.165472576841100311e-02,1.563688405075046028e-01,3.569212735432048533e-01,1.367543135676516641e-01,2.137957402406661933e-01
1.143168004505018681e-01,3.638406059091475742e-02,1.526933176733470954e-01,4.127312890839526793e-01,1.216557910266603676e-01,1.622187411746231489e-01
1.104212344412567742e-01,1.948032670423346588e-02,2.325524197085162004e-01,2.817804425197567020e-01,1.833046212183338797e-01,1.724609554079030993e-01
8.567482862615546924e-02,9.075747262870720311e-03,1.891647900290601703e-01,3.903338607374757241e-01,1.142924310022143813e-01,2.114583423422234376e-01
1.049559664697351374e-01,3.469304734617897901e-02,2.099720424423056064e-01,3.837358281187140396e-01,1.090877491081209960e-01,1.575553665149452276e-01
9.489539889171295928e-02,5.008101342474512857e-02,1.184958053710775672e-01,3.967354233996699397e-01,1.707009091584969773e-01,1.690914497542974904e-01
1.212575123284437978e-01,3.792802736233905070e-02,2.000980472930926901e-01,2.424023499782462787e-01,2.388772050035571914e-01,1.594368580343209219e-01
1.387948397933790601e-01,5.632059148660133879e-02,1.967389750157942929e-01,2.232426207515781913e-01,2.294979556545638788e-01,1.554050172980832312e-01
1.143168004505018681e-01,3.638406059091475742e-02,1.526933176733470954e-01,4.127312890839526793e-01,1.216557910266603676e-01,1.622187411746231489e-01
1.138305883435238863e-01,2.884165920320964915e-02,1.741930215326186748e-01,2.443521142096497234e-01,1.898202003778409752e-01,2.489624163331570494e-01
1.162005641808026846e-01,1.345754961206767006e-02,1.655943877973778677e-01,4.324216867412009613e-01,1.272192489466847098e-01,1.451065627218661724e-01
1.227757681796680933e-01,8.676002533639795913e-03,1.848412993475422594e-01,3.955417576330200746e-01,1.135986097408452355e-01,1.745665625652846886e-01
1.091788094364091882e-01,4.967392213688352764e-02,2.456243273954726303e-01,2.068611287728782666e-01,2.487036771691603088e-01,1.399581350891960507e-01
1.136160087985694095e-01,3.622582346921054269e-02,1.519656559716370536e-01,3.979264973248435866e-01,1.209452107525725434e-01,1.793208036831667462e-01
1.087313830532631725e-01,4.945344780276095253e-02,1.914172717683735037e-01,2.725221300261196911e-01,2.385910704154134698e-01,1.392846969340691687e-01
1.130884071091259602e-01,3.297220202553236001e-02,2.383817740620563508e-01,2.267278337930150045e-01,1.928225695688014496e-01,1.960072134414689304e-01
1.112429312341489118e-01,3.182494752709399966e-02,1.977949499347060047e-01,2.378658829074954684e-01,2.289728146621231863e-01,1.922984737344324013e-01
1.387948397933790601e-01,5.632059148660133879e-02,1.967389750157942929e-01,2.232426207515781913e-01,2.294979556545638788e-01,1.554050172980832312e-01
1.091469254713601927e-01,2.972379125434814612e-02,1.963943073126118988e-01,2.403498971137985329e-01,2.313165027054865097e-01,1.930685761423947544e-01
1.141198914467261710e-01,3.327294293112056933e-02,1.753345359150520755e-01,3.004630170867928496e-01,1.945813127108294571e-01,1.822282999094788913e-01
1.282439799190755458e-01,5.803121977356642813e-02,1.411952038569500301e-01,3.839863612319581176e-01,1.290947833992424076e-01,1.594484518192073597e-01
5.131925111663138139e-02,4.337720612540377912e-02,1.588112899561144875e-01,4.046415936336629215e-01,1.488053852618466399e-01,1.930452739063408807e-01
1.217273901874857817e-01,3.316251940715982116e-02,2.313632895611295315e-01,1.909137742278156080e-01,2.509951593012331172e-01,1.718378673151761404e-01
1.100056809745015851e-01,3.219582941093085404e-02,1.694165487617881882e-01,3.754027407840194175e-01,1.761965325757447742e-01,1.367826674930151531e-01
1.148453372508186909e-01,3.347389906530744835e-02,1.768808296826412108e-01,3.059666007876704619e-01,1.953159166148570047e-01,1.735174165987050932e-01
1.151711446254714694e-01,3.355353568090095606e-02,1.779886168864378837e-01,3.049548843114769925e-01,1.952179643531928854e-01,1.731138541425198130e-01
1.101769690372559479e-01,4.039984167617805683e-02,1.796299805850201103e-01,3.249516180656629727e-01,1.717495451477659141e-01,1.730920454881169634e-01
1.082992033652155628e-01,4.829220563554892376e-02,1.846450117934205215e-01,3.198645239173703025e-01,1.822322992250909879e-01,1.566667560633537293e-01
1.130837806782808985e-01,3.144285831428218075e-02,1.651131501175160665e-01,3.469601632326411167e-01,1.965375544277444264e-01,1.468624932295354013e-01
1.387948397933790601e-01,5.632059148660133879e-02,1.967389750157942929e-01,2.232426207515781913e-01,2.294979556545638788e-01,1.554050172980832312e-01
1.049337429469422434e-01,3.149140876108026676e-02,1.454169461873171254e-01,3.508015423983620318e-01,1.894524251838836382e-01,1.779039345224147084e-01
1.138462907525138040e-01,3.320657028321492843e-02,1.743442593779774008e-01,3.235108521570955187e-01,1.948337950277677644e-01,1.602582324014306392e-01
1.117652466316888249e-01,3.736653548031057537e-02,3.077929023310745915e-01,1.833782097881933582e-01,2.403900298628902088e-01,1.193070759058423302e-01
1.148453372508186909e-01,3.347389906530744835e-02,1.768808296826412108e-01,3.059666007876704619e-01,1.953159166148570047e-01,1.735174165987050932e-01
1.151711446254714694e-01,3.355353568090095606e-02,1.779886168864378837e-01,3.049548843114769925e-01,1.952179643531928854e-01,1.731138541425198130e-01
1.113964332423679204e-01,4.485863386841299622e-02,1.864110024691296164e-01,3.774236187137757215e-01,1.122631498057223010e-01,1.676471619005913405e-01
1.130872931421771643e-01,4.983950675079028975e-02,2.094047506922294688e-01,2.048910808499376512e-01,2.557447119323505436e-01,1.670326566325148754e-01
1.269876394104265116e-01,5.184164328986679698e-02,1.854912931615966820e-01,2.460264659177312796e-01,1.964501797212429846e-01,1.932027784991357244e-01
1.293921143448468480e-01,3.933960324874098691e-02,2.336234072339406220e-01,2.861491162525273690e-01,1.731922631828161363e-01,1.383034957371282181e-01
1.145934226983541665e-01,3.341100631439040264e-02,1.760620723786161801e-01,3.067268449448921630e-01,1.953887121166937024e-01,1.738179415470535172e-01
1.145934226983541665e-01,3.341100631439040264e-02,1.760620723786161801e-01,3.067268449448921630e-01,1.953887121166937024e-01,1.738179415470535172e-01
1.422122000263824348e-01,5.601377004671474757e-02,2.538227740713182579e-01,2.163631486039704344e-01,1.962570741572965127e-01,1.353310330943175432e-01
4.450844965221220639e-02,2.906618157739089547e-02,1.402279534225596702e-01,4.739211002094991798e-01,1.386739979719388838e-01,1.736023171663991227e-01
2.726999999999999980e-01,2.172000000000000042e-01,2.172000000000000042e-01,0.000000000000000000e+00,2.172000000000000042e-01,7.580000000000000626e-02
1.145934226983541665e-01,3.341100631439040264e-02,1.760620723786161801e-01,3.067268449448921630e-01,1.953887121166937024e-01,1.738179415470535172e-01
0.000000000000000000e+00,0.000000000000000000e+00,0.000000000000000000e+00,1.000000000000000000e+00,0.000000000000000000e+00,0.000000000000000000e+00
1.135533994854845546e-01,3.310777580330105663e-02,1.852244740312775639e-01,2.954793457469737095e-01,1.936154096762127130e-01,1.790195952567505133e-01
9.415045820370028518e-02,2.055359825753243566e-02,2.076505228714705109e-01,3.555848640209842704e-01,1.363853412272846288e-01,1.856752154190279003e-01
1.084105715180685436e-01,3.230328041369234793e-02,2.270253413188187408e-01,3.391609384235934055e-01,1.651933573114252596e-01,1.279065110144017858e-01
4.649999999999999967e-02,0.000000000000000000e+00,3.952999999999999847e-01,0.000000000000000000e+00,5.000000000000000000e-01,5.809999999999999887e-02
1.243283473168599051e-01,4.138868620473428600e-02,2.003620284100583737e-01,1.866471661500451462e-01,2.184779095278354122e-01,2.287958623904668698e-01
1.141190668914167233e-01,3.327270252270966844e-02,1.753332690629662016e-01,2.598327448822796981e-01,2.422382663685186399e-01,1.752039502721091102e-01
1.334916863990785185e-01,4.176897750614277927e-02,1.930340292258448387e-01,2.891725820018831716e-01,2.085132448933532667e-01,1.340194799736973974e-01
1.054361437685464864e-01,3.074815644758215408e-02,1.616957278810343124e-01,3.738948407198976476e-01,1.801419530423899740e-01,1.480831781405494985e-01
5.602150414996872468e-02,3.046415209881173439e-02,1.113800255677427908e-01,5.250048397915577647e-01,1.104563602746431311e-01,1.666731181172759479e-01
8.379553692677668697e-02,3.105015350640915120e-02,2.315411829638319707e-01,3.066796122576296857e-01,1.637522677448267350e-01,1.831812466005258433e-01
1.325991252722154012e-01,7.077686047798643909e-02,1.827863317174464597e-01,2.734964392875304240e-01,1.666741496971766712e-01,1.736670935476445354e-01
1.265889346587841247e-01,5.406088960090595780e-02,2.174667760838329966e-01,2.538832233173254349e-01,1.894338508412814759e-01,1.585663254978700587e-01
1.316942869084929968e-01,5.845640364631170260e-02,1.847420417854462316e-01,1.998440104775377202e-01,2.322130038530836882e-01,1.930502533291275913e-01
0.000000000000000000e+00,1.474000000000000032e-01,0.000000000000000000e+00,6.320000000000000617e-02,0.000000000000000000e+00,7.894999999999999796e-01
9.591788258160681424e-02,3.122452994234780829e-02,1.488720111315999517e-01,4.038461895313750216e-01,1.169853411825986095e-01,2.031540456304718190e-01
8.325379474906814681e-02,3.087883650390577106e-02,1.279815084692507710e-01,3.946353467563089024e-01,8.125528111043349433e-02,2.819952324110328035e-01
1.256499823807776528e-01,8.086214146941603231e-02,2.294430657462394330e-01,2.165964789073438757e-01,2.013190872140771248e-01,1.461292442821457704e-01
9.915687265161252095e-02,1.250519430034795210e-02,1.574571605892921000e-01,4.113697914172352865e-01,1.318070794300157111e-01,1.877039016114964987e-01
1.145934226983541665e-01,3.341100631439040264e-02,1.760620723786161801e-01,3.067268449448921630e-01,1.953887121166937024e-01,1.738179415470535172e-01
9.036147709014105689e-02,1.485658286953276362e-02,2.206771580799595234e-01,4.319457673114585616e-01,8.551965408534700774e-02,1.566393605635611752e-01
8.360060688736252466e-02,6.973490224405931061e-03,2.449059803807112634e-01,3.260579862069483137e-01,2.103706901686775155e-01,1.280912461318945150e-01
1.151711446254714694e-01,3.355353568090095606e-02,1.779886168864378837e-01,3.049548843114769925e-01,1.952179643531928854e-01,1.731138541425198130e-01
1.080301372828214590e-01,3.381914005736508244e-02,1.569392233548778381e-01,3.437728883068151831e-01,1.813921734106471173e-01,1.760464375874733478e-01
1.252083738972822047e-01,4.574616306063353927e-02,1.423965947500957230e-01,3.890950214403638419e-01,1.279749561826111770e-01,1.695788906690135489e-01
9.500192360801308633e-02,3.320487861502613436e-02,1.406635988434820073e-01,3.413436138740150172e-01,1.686258535047982787e-01,2.211601315546653512e-01
1.017642969712613671e-01,1.340669747938308919e-02,1.861093652149954925e-01,4.296980395661317842e-01,1.007361975150576489e-01,1.682854032531707067e-01
1.134724432899727187e-01,3.309176828800454440e-02,1.740201097688957033e-01,3.113257870456581089e-01,1.938722986267398529e-01,1.742175929807290580e-01
9.473228220156115764e-02,2.892290693167840279e-02,1.273441947762202486e-01,3.696049126155618869e-01,1.510352739797586052e-01,2.283604294952196467e-01
1.145934226983541665e-01,3.341100631439040264e-02,1.760620723786161801e-01,3.067268449448921630e-01,1.953887121166937024e-01,1.738179415470535172e-01
9.205314209165328665e-02,3.549652730867085965e-02,1.532120201893139022e-01,3.651121910180646357e-01,1.891409769839950961e-01,1.649851424083021989e-01
1.341512229368801989e-01,5.593497510480638368e-02,1.788701602545123004e-01,2.782846916463185272e-01,2.123115206486852757e-01,1.404474294087971753e-01
1.024863534852590852e-01,3.179270319497536773e-02,2.484669336028978992e-01,2.214080806821599190e-01,2.426483003840648744e-01,1.531976286506428198e-01
1.143168004505018681e-01,3.638406059091475742e-02,1.526933176733470954e-01,4.127312890839526793e-01,1.216557910266603676e-01,1.622187411746231489e-01
9.982881932528255009e-02,1.258147545000288907e-02,1.490931345316625911e-01,3.625584364131131943e-01,1.576363776590294363e-01,2.183017566209093374e-01
6.414865449671763864e-02,3.768137651587371434e-02,1.321270093342528928e-01,4.307308226694444020e-01,2.196638362183073734e-01,1.156483007654039302e-01
1.141198914467261710e-01,3.327294293112056933e-02,1.753345359150520755e-01,3.045670413180363578e-01,1.973269627246895808e-01,1.753786256643752595e-01
1.360043063279142983e-01,2.876409559448371567e-02,1.573034619616948127e-01,3.816242445866710464e-01,1.533117357512602530e-01,1.429921557779759433e-01
1.112976453100869290e-01,2.270394385985266550e-02,2.716406270095869102e-01,2.784316395007316869e-01,1.618027441076831108e-01,1.541234002120586977e-01
1.140940569540707522e-01,3.328336731101860790e-02,1.745241691881826152e-01,3.081842756422152885e-01,1.955263885377359345e-01,1.743877423667767601e-01
1.141198914467261433e-01,3.327294293112056239e-02,1.860064439952399118e-01,2.538953477727706742e-01,2.298845915732518064e-01,1.828207822808907701e-01
1.097586198702415194e-01,2.993439225897930045e-02,1.975609386391790068e-01,2.405301733462632541e-01,2.289117989855358748e-01,1.933040768998011139e-01
4.855288624804235398e-02,1.920478801566439381e-02,1.212196105003993801e-01,5.144895401664739687e-01,6.772876581577068344e-02,2.288044092536492824e-01
7.598641481426142430e-02,1.466594937644884883e-02,2.409837593399219713e-01,3.589542838256197799e-01,1.848090990269488365e-01,1.246004936167989657e-01
9.671345371904775667e-02,3.046703691108348239e-02,2.605837190737262943e-01,2.766264097775982256e-01,1.970998000906905301e-01,1.385095804278537734e-01
1.036625722831729102e-01,3.020067074255821174e-02,1.602029564225737057e-01,3.594563695737001963e-01,1.757106470248722685e-01,1.707667839531227805e-01
1.467993284274158039e-01,5.305342179997529078e-02,2.562441691638592256e-01,2.052479378210190497e-01,2.243173422686519369e-01,1.143378005190785751e-01
1.279823955724405105e-01,5.407451893520105052e-02,3.084015881137510684e-01,1.689339125568783129e-01,2.105781036452999133e-01,1.300294811764291236e-01
1.303712586134490314e-01,1.413229885227578267e-02,1.493892176182401721e-01,3.724235767811982512e-01,1.994835060144833638e-01,1.342001421203532496e-01
1.219627206646458351e-01,3.616005589719373942e-02,1.597142999598726576e-01,3.514704691395023062e-01,2.088615857514779517e-01,1.218308685873074476e-01
1.145934226983541665e-01,3.341100631439040264e-02,1.760620723786161801e-01,3.067268449448921630e-01,1.953887121166937024e-01,1.738179415470535172e-01
1.400498286207081666e-01,4.731320497157775334e-02,1.803462592459285363e-01,2.315769640203851898e-01,2.684918931515371532e-01,1.322218499898631383e-01
1.106901653546923381e-01,3.251908291295486919e-02,2.455581903132766641e-01,2.523842552769181014e-01,2.143601891135439863e-01,1.444881170286140271e-01
4.310503672118139173e-02,5.141065488199671879e-03,1.076753202848173968e-01,4.977145739492536691e-01,5.397002965973927285e-02,2.923939738968086566e-01
1.204035178783081778e-01,2.242584955279764564e-02,1.653587781880127561e-01,4.089971864759815445e-01,1.316338439602610377e-01,1.511808239446388591e-01
1.006962174254063952e-01,1.858018860096500788e-02,2.128853189513089939e-01,3.530331028870825061e-01,1.545925350930733855e-01,1.602126370421637080e-01
1.062945618501401068e-01,1.258156493256384033e-02,2.033748639778357736e-01,3.322912918113709035e-01,1.865914563208658783e-01,1.588662611072235442e-01
1.137440638242908503e-01,3.318126777835419400e-02,1.739888015991328252e-01,3.161001802366284474e-01,1.949265948718272023e-01,1.680590916897663212e-01
1.156083221434867497e-01,3.365692504053752199e-02,1.795745621158290339e-01,3.035393679296652381e-01,1.950787850369207488e-01,1.725420377335606381e-01
