1.025852816272410650e-01,1.168229177415119613e-01,1.971978023085491361e-01,2.371524660287803454e-01,1.949979368929136148e-01,1.512435954010039052e-01
3.948329688584405889e-02,2.961149018864584620e-02,1.982663239447592651e-01,3.035186978352377718e-01,1.185728172756273929e-01,3.105473738698856789e-01
7.296338260333427861e-02,4.236294058581290684e-02,2.389821396510736218e-01,2.034914381251955451e-01,1.714674675568550466e-01,2.707326314777286913e-01
1.036948838109141152e-01,6.228810169440395644e-02,2.238085644384419648e-01,1.927291607609247226e-01,2.523356475571336133e-01,1.651436417381816901e-01
1.699845851827297069e-02,1.266098117782221699e-02,1.224800268544025128e-01,4.002192225591570951e-01,1.251902105956726741e-01,3.224511002946724436e-01
1.052162745078158573e-01,8.249507093979449590e-02,5.405227703133236999e-02,3.586677326709655222e-01,1.317305724720422844e-01,2.678380723780496298e-01
1.202738615181278836e-01,9.093416176811205953e-02,2.589569748406886363e-01,9.281475275503131561e-02,2.653807576561638126e-01,1.716394914618763479e-01
4.937211767893183445e-02,2.863603530362430691e-02,9.140074821955325446e-02,5.536723894448351002e-01,4.147195295839530699e-02,2.354467563946602560e-01
5.957258598553553247e-02,9.594893650858524192e-02,1.868705864530195437e-01,2.176333983406939510e-01,1.935313603721293407e-01,2.464431323400363416e-01
8.611563643572790749e-02,4.598007089057235680e-02,1.702699109098987085e-01,2.189465073481365875e-01,2.054141345820979236e-01,2.732737398335665646e-01
6.522390478904170619e-02,3.402647805676859566e-02,2.055365906176416235e-01,3.556485033987294431e-01,1.703582369508036820e-01,1.692062861870151091e-01
2.649999999999999925e-02,4.420000000000000318e-02,2.477999999999999925e-01,2.649999999999999925e-02,5.574999999999999956e-01,9.729999999999999760e-02
1.117512743051645857e-01,1.146216505871365809e-01,1.142953448059010890e-01,1.087848369721773484e-01,2.391588996206383266e-01,3.113879937089820693e-01
6.802835812330006171e-02,7.122450136103966600e-02,1.584509326081040559e-01,9.402961681620156109e-02,3.680998569570266277e-01,2.401667341343279860e-01
8.822694307654480039e-02,5.190909791629771258e-02,1.971432648990618097e-01,3.352028756785591646e-01,1.899944317959139650e-01,1.375233866336225130e-01
4.281485310062194821e-02,2.990395119600401663e-02,3.584743235437126696e-02,4.990994617525425503e-01,1.398652932484477085e-01,2.524690083480123914e-01
2.967755126334482851e-02,1.064823974570984662e-02,4.876420567987354432e-02,4.649316509505295181e-01,1.186191975364724038e-01,3.273591548240699090e-01
2.102810546246893994e-02,3.144915830030831690e-03,1.005224996592633951e-01,5.441190709971701622e-01,1.618986434729152712e-01,1.692867645781514774e-01
7.214427231091105619e-02,3.806576776236150067e-02,2.293032666132280017e-01,2.072854812395550084e-01,1.675489826067083909e-01,2.856522294672360629e-01
6.171929106908406737e-02,7.424874855524982165e-02,1.989277028457008545e-01,2.897221180937726848e-01,2.045613931897544424e-01,1.708207462464382265e-01
1.695964745794332762e-01,1.385690755893962678e-01,2.416555814990100914e-01,1.209368631963272794e-01,2.362405262945737883e-01,9.300147884125940789e-02
3.587288394558622862e-02,5.685633102224506297e-02,2.217745645727451642e-01,3.273970640124310161e-01,9.268627059856497652e-02,2.654128858484275932e-01
5.399125512773000207e-02,5.747435976916780848e-02,2.935881287634585154e-02,4.535106590386189795e-01,1.080066421711055741e-01,2.976582710170317947e-01
1.583847103944013568e-01,9.656378884372646132e-02,2.011162910829465689e-01,1.007487878739270759e-01,2.693796643833445970e-01,1.738067574216541067e-01
4.829047099964002554e-02,2.724932648358984258e-02,2.017780615528918520e-01,2.920871511174822355e-01,1.736408155509005236e-01,2.569541742954954411e-01
1.592376666764019344e-01,7.606917482500583083e-02,2.264960479151041095e-01,9.591146947337021722e-02,2.788173586807186077e-01,1.634682824293993142e-01
1.078968372057118735e-01,9.327558304978599002e-02,2.245011841550992315e-01,9.367776864296543937e-02,2.832927828844452045e-01,1.973558440619922749e-01
9.204786829118034863e-02,6.503837914357513128e-02,5.019222169863895439e-02,3.860900821233878566e-01,1.151366493938601882e-01,2.914947993493575140e-01
1.283556623298363897e-01,6.122766397768929919e-02,2.207450963536917721e-01,1.106671471828102743e-01,4.188343296764686086e-01,6.017010047950369089e-02
1.161000581778491997e-01,4.515417387009252465e-02,2.558115633696152469e-01,5.418250539384173586e-02,3.725975280469477346e-01,1.561541711416534473e-01
9.170416500650602210e-02,5.572615935047157271e-02,1.211646854312445759e-01,3.398234182060843600e-01,1.661301321000227538e-01,2.254514399056706531e-01
1.435050676132207104e-01,8.927187368540348555e-02,2.348437499424378960e-01,1.070722308377419912e-01,3.571442821145872082e-01,6.816279580660876414e-02
8.129327364415737944e-02,3.837324611964351012e-02,1.351957151643086441e-01,2.715487607209700061e-01,3.008328291353813411e-01,1.727561752155391539e-01
1.095273811652619222e-01,7.327358125356057961e-02,5.114933915132376802e-02,3.982268965327595001e-01,1.274409437497961706e-01,2.403818581472980387e-01
1.712837851777244957e-01,9.766339039350083184e-02,2.877806998721359477e-01,2.867245662116558319e-02,3.393679468006020050e-01,7.523172113487110180e-02
6.720608082286144702e-02,1.339394277716047035e-02,2.372173272253263673e-02,4.396095496885135678e-01,1.168144256838049150e-01,3.392542683051269492e-01
6.181441558360471072e-02,4.722535580766733937e-02,4.613626428654143269e-02,5.104139331713211103e-01,1.465098688614812350e-01,1.879001622893840817e-01
1.349674640307644280e-01,5.579439068396466195e-02,1.022299142288494167e-01,2.986916288487984628e-01,2.531064106013802828e-01,1.552101916062427200e-01
1.519273703397603925e-01,7.538719694369264146e-02,2.435345186179401489e-01,9.505160079600444289e-02,2.690577635792997802e-01,1.650415497233025663e-01
8.709611521971599712e-02,1.072990144094415066e-01,2.538350991557103975e-01,1.485460542047176979e-01,1.689347927289098772e-01,2.342889242815044681e-01
5.235299525922419012e-02,6.625660538258257293e-02,1.551431635838125267e-01,3.285354257644542142e-01,2.442376367423962913e-01,1.534741732675301840e-01
8.426402801738952508e-02,3.104030758645106441e-02,2.391599830617749667e-01,1.394119752568739323e-01,3.017036134305247641e-01,2.044200926469857127e-01
4.517951547682103747e-02,2.671832089813175326e-02,1.832433450594685986e-01,3.096078749308150413e-01,1.637095554235929451e-01,2.715413882111705757e-01
9.015433317466250984e-02,7.423819642928697338e-02,9.302954077635049168e-02,3.048760659803286255e-01,1.866835446480517025e-01,2.510183189913196555e-01
3.553717611919261082e-02,4.689031296445256292e-02,3.058987975009263074e-02,6.202891717469193322e-01,7.018617281879356573e-02,1.965072866005493912e-01
1.149271759753064254e-01,4.217073221158735424e-02,3.173184418361128523e-01,1.885815108157420650e-01,1.513289401359037278e-01,1.856731990253475684e-01
1.473912101438398445e-02,6.829005946762262309e-03,2.747850313607498943e-02,5.301443402724792531e-01,8.968830352565936026e-02,3.311207261046400507e-01
8.274292044876793706e-02,2.233461163311817668e-02,9.882761464194363132e-02,4.084598472122919488e-01,2.082657763093215264e-01,1.793692297545566305e-01
8.609702215153701432e-02,6.977155761265171896e-02,6.356732144165234966e-02,2.813903060225900199e-01,1.332109807643909460e-01,3.659628120071780066e-01
1.204401163967326951e-02,6.076416752096176765e-02,6.403788529121877404e-02,3.084437841019460058e-01,1.095991161758475413e-01,4.451110352703526729e-01
8.053890039860339689e-02,4.124967312885802206e-02,1.373082090820943735e-01,2.864330156753019940e-01,1.882978923045866004e-01,2.661723094105555298e-01
5.670344528929255334e-02,1.557204674990458025e-02,9.915519676315387443e-02,5.549796063492546949e-01,8.796987877927746335e-02,1.856198260691167556e-01
1.144529375526831538e-01,7.719041652622431193e-02,2.910372876398915065e-01,2.287528086583763276e-01,1.576782630837595123e-01,1.308882865390651462e-01
4.261460434183244467e-02,1.905381644433049373e-02,1.288857917587549473e-01,4.465785489289517129e-01,1.350560567427533110e-01,2.278111817833770592e-01
6.788408862711628466e-02,8.776582477912919789e-02,1.259062314085974688e-01,3.523232306005157355e-01,1.173884309860797615e-01,2.487321935985614130e-01
1.031810123519670136e-01,1.024670229006286876e-01,1.863073689882197848e-01,2.736840851695335752e-01,1.897580553642491119e-01,1.446024552254019657e-01
8.357623581280464176e-02,7.024880813303296945e-02,2.903594166993922476e-01,9.496507728185143993e-02,2.608512516735115860e-01,1.999992103994071013e-01
9.492565830052501763e-02,9.574885842643371392e-02,2.250225812444870965e-01,2.456719704150999162e-01,1.773159763062892025e-01,1.613149553071651920e-01
9.969456357119826917e-02,7.902117905318245539e-02,1.628259467718799480e-01,2.358031246347912224e-01,2.267419002663619287e-01,1.959132857025861763e-01
1.448595976627322368e-01,7.903886044436221614e-02,1.102511490704889130e-01,2.127039188898745270e-01,2.447834307299470158e-01,2.083630432025951884e-01
1.926990467827656150e-01,9.324667425769934959e-02,1.197963322633581046e-01,2.618815638895801157e-01,1.650676493662280031e-01,1.673087334403687287e-01
8.604403397626855798e-02,2.412081210887673591e-02,6.396711225793749733e-02,4.190399780772965377e-01,1.801251422543439229e-01,2.267029213252766684e-01
6.699796748455100204e-02,5.751786307044513130e-02,2.435922751109106665e-01,1.628974103003578700e-01,2.489900353352064444e-01,2.200044486985288650e-01
8.818787180312637197e-02,7.916385485922930454e-02,2.124896055609524770e-01,2.091148099825086981e-01,2.085612771942800814e-01,2.024825805999030393e-01
5.910946319154158912e-02,5.610337457947529860e-02,1.163551578416861104e-01,3.705960942163381566e-01,1.642250021863117249e-01,2.336109079846470926e-01
0.000000000000000000e+00,0.000000000000000000e+00,4.328000000000000180e-01,5.672000000000000375e-01,0.000000000000000000e+00,0.000000000000000000e+00
5.729355039240907610e-02,1.165382617526730530e-01,6.073071767732949461e-02,3.111435351022061591e-01,1.366458001742505424e-01,3.176481349011316957e-01
8.472626494181909051e-02,4.394549025655855590e-02,1.812495518059539235e-01,2.040132606088187195e-01,3.384760106607282992e-01,1.475894217261214114e-01
1.529045570294463863e-01,7.155985655785684907e-02,1.959054896928424661e-01,1.486931910785090349e-01,2.399232655934442626e-01,1.910136400479008900e-01
2.029103462587913270e-02,0.000000000000000000e+00,1.121361356914091639e-01,3.896351187981339503e-01,1.201517849290972689e-01,3.577859259554804217e-01
1.088188950422878387e-01,6.125948575111788558e-02,1.749122631480559686e-01,1.990524306410084709e-01,2.666804753060089128e-01,1.892764501115208053e-01
1.059507640000552781e-01,6.976579574275082463e-02,1.594243389617789608e-01,2.862888506002613798e-01,1.457169737933414755e-01,2.328532769018121229e-01
6.853087297007433298e-02,3.497153665470652956e-02,2.877829213648083195e-01,1.802719223412466709e-01,2.685539756113276000e-01,1.598887710578365262e-01
8.150226564231279058e-02,5.379061937305119195e-02,3.772275675428909958e-02,4.441072455885665127e-01,1.043303691518354809e-01,2.785467434899447925e-01
9.694546746189031117e-02,8.388203324193072019e-02,2.819978909718181548e-01,1.774517624278892924e-01,2.118643879261872254e-01,1.478584579702842960e-01
5.762723954661645720e-02,5.136805763360453164e-02,1.000329739962821096e-01,3.378313946874830220e-01,1.411311894519150512e-01,3.120091446840989047e-01
1.290173377389887688e-01,5.527353880062256530e-02,2.198389303747214640e-01,8.404107206054170498e-02,2.733381408067895868e-01,2.384909802183359240e-01
8.758133495018836923e-02,5.333937030349907016e-02,3.073428953298513733e-01,1.222068018915661303e-01,2.624413372999060967e-01,1.670882602249889881e-01
8.072665728821031006e-02,4.560091737468641854e-02,1.469573222520200451e-01,3.890092519802536564e-01,1.019987806846688327e-01,2.357070704201607581e-01
2.969372524394699522e-02,1.063131910677960271e-02,4.865454772676838791e-02,4.650941934220398921e-01,1.186838438606578061e-01,3.272423706398072674e-01
2.538975325918622905e-02,1.637274530116898663e-02,1.024723201186874960e-01,4.591375355466426056e-01,1.171288269083591432e-01,2.794988188659555117e-01
8.279799294281106614e-02,5.343269918753702774e-02,1.871052759307234303e-01,3.282987555361986942e-01,1.701587489978617085e-01,1.782065274048680870e-01
8.687750150719601716e-02,4.425600792337405082e-02,2.167585272232316618e-01,1.928576879979037872e-01,2.284847124090509385e-01,2.307655629392434959e-01
1.114247269814523100e-01,3.763056329319935250e-02,3.706220145436900926e-01,2.197725489790917919e-01,1.541973090491641218e-01,1.063528371534024075e-01
1.264750691594108967e-01,6.115398776101326622e-02,2.156796156785669993e-01,2.026601330441750448e-01,2.280568945740387432e-01,1.659742997827949595e-01
1.056111855739925581e-01,8.247502480349493126e-02,2.150290211259306417e-01,9.342136882291666999e-02,3.393712569302859139e-01,1.640921427433792990e-01
4.853101068911486182e-02,6.840114814404323063e-03,2.606101792084391036e-02,4.461415256255273354e-01,1.335294194655279876e-01,3.388969114845815089e-01
7.726716928598484357e-02,7.030704732043353833e-02,4.662859455967884037e-02,3.535557090377225986e-01,1.820453911147860426e-01,2.701960886813941087e-01
1.076556860061990972e-01,6.794013831266414172e-02,1.736185444190853910e-01,2.934501227361068221e-01,1.781040168756561626e-01,1.792314916502883992e-01
1.739007161000061252e-01,9.666400109784309413e-02,2.677530204279108816e-01,3.888202735640967911e-02,3.323928253862862836e-01,9.040740963154389465e-02
1.129081742177555220e-01,3.850654318148013372e-02,1.073646164163907096e-01,3.690726993774323672e-01,1.085467967698637431e-01,2.636011700370775590e-01
8.993914082593751358e-02,1.012803936247442804e-01,1.636097296750044228e-01,1.395725195572545541e-01,2.598103437931020276e-01,2.457878725239571460e-01
7.106881161511600931e-02,2.263540111235942329e-02,1.293787990933215892e-01,3.633779403588278112e-01,1.874701666678473544e-01,2.260688811525277397e-01
1.396695315458089115e-01,1.050404077168241440e-01,1.912585558706710320e-01,2.283402897994885050e-01,2.042006526113311071e-01,1.314905624558762587e-01
1.683400730144357094e-01,1.692290766381473743e-01,1.937604365845267684e-01,7.602840660479184831e-02,2.321665249326743952e-01,1.604754822254238489e-01
2.200881918232259690e-02,1.073624175098441061e-02,1.675642648325124662e-01,3.734199900938972583e-01,1.488804458216916038e-01,2.773902383185917198e-01
1.282068550147147656e-01,3.006852013669966336e-02,3.029229382183649122e-01,1.456274522205993904e-01,1.771418413611477449e-01,2.160323930484735200e-01
7.448360104503026768e-02,6.871725195762928839e-02,1.783058254739129100e-01,2.632298728811729993e-01,1.993626445566288874e-01,2.159008040856256472e-01
4.408138626281127292e-02,7.701529414010765962e-02,1.757805337562073078e-01,1.893759556590296766e-01,2.866016474923762103e-01,2.271451826894678172e-01
7.952235096694557082e-02,2.630854316230197068e-02,1.131710598125462569e-01,3.771797882709458927e-01,9.274396314991610601e-02,3.110742946373442064e-01
1.300008639326374338e-01,9.172808960927927857e-02,1.663538136480686991e-01,1.580739823164467872e-01,2.985066141173915444e-01,1.553366363761762292e-01
1.016208998797889368e-01,3.024526195791077399e-02,1.362408160876152630e-01,3.298118289302526818e-01,1.302355694870585001e-01,2.718456236573738583e-01
8.376993676990224236e-02,6.725885690793528826e-02,2.953095139813164960e-01,1.580435296412447677e-01,2.181027345656793293e-01,1.775154281339219320e-01
8.567329957299169019e-02,2.401337507222335230e-02,6.893016793576457746e-02,4.346821718875967244e-01,1.510125856970163660e-01,2.356883998344073139e-01
4.570746834222492311e-02,6.606101574788975084e-02,4.573519634232071224e-02,4.473327859512009064e-01,1.162460605074344677e-01,2.789174731089291148e-01
1.368275283657994501e-01,1.183191151769329569e-01,2.258606031114243629e-01,2.213525824318331725e-01,1.706409165698797303e-01,1.269992543441304245e-01
1.316821451267368437e-01,5.422503167238086619e-02,3.066479122048712536e-01,1.204980988852171267e-02,4.176483376992520813e-01,7.774676340823727383e-02
7.171061160157074510e-02,1.683505708047964775e-02,9.797925127407060286e-02,3.571891081587430516e-01,2.898953500373907533e-01,1.663906218477453625e-01
1.876897792206542459e-01,6.765986087036678087e-02,1.519844915821308706e-01,2.133632719700686575e-01,1.475036991688564725e-01,2.317988971879229865e-01
6.527442150052879810e-02,3.216409570524672579e-02,2.288691405848353178e-01,2.839862851579980085e-01,2.354613856738434208e-01,1.542446713775478262e-01
2.561604079795481298e-02,8.887029807936999704e-02,9.976349416584773255e-02,1.740651218443207970e-01,1.569941314631280727e-01,4.546909136493785253e-01
1.035639846624042959e-01,4.890207738965906409e-02,1.017779809717428846e-01,1.680611687985292813e-01,2.570050595425425466e-01,3.206897286351219623e-01
1.373391590054688638e-01,9.673493956116419046e-02,1.920664620186044169e-01,1.019856664916120731e-01,2.887846813792002143e-01,1.830890915439503663e-01
4.812592529811119541e-02,2.775848284093094739e-02,5.500953997862049333e-02,4.468930879483652419e-01,1.411487302704720892e-01,2.810642336634999738e-01
1.333462966156604701e-01,7.321327904779317830e-02,2.390578765978335629e-01,1.257134238818640726e-01,2.747886335731933305e-01,1.538804902836553579e-01
6.677412701799644024e-02,3.218760296677367072e-02,2.271878678579543620e-01,3.572362781801416420e-01,2.223342529044328164e-01,9.427987107270108247e-02
1.012120009046107855e-01,8.461515753723657107e-02,1.464327195089177858e-01,3.120782944019939165e-01,1.274214664333309377e-01,2.282403612139100313e-01
4.145786133616691932e-02,7.744311081654900453e-02,1.691334694056013388e-01,3.592025800125724366e-01,1.163623098639184894e-01,2.364006685651916795e-01
2.176581019118793425e-01,1.112763850970521634e-01,2.228623062943240196e-01,1.291401314943800560e-01,2.015899435663543182e-01,1.174731316360100863e-01
1.528556289789974043e-01,5.636592323906061686e-02,1.957065063751659562e-01,2.804709631896189492e-01,1.560927691544697349e-01,1.585082090626874218e-01
1.354079033886475825e-01,6.718153822816977372e-02,2.184134809236664698e-01,1.683823107186460111e-01,2.102299683943242292e-01,2.003847983465459337e-01
1.048617132214687692e-01,4.321917274005657172e-02,1.958429683166035828e-01,1.950717932413733591e-01,1.806031653506064982e-01,2.804011871298912606e-01
6.258436536056422028e-02,4.095593693863359280e-02,2.355388645970724060e-01,8.066612616700236105e-02,3.495476654162478214e-01,2.307070415204796610e-01
1.179939012806222598e-01,1.225340089652642711e-01,1.718663036940764055e-01,1.747445905696886903e-01,2.870016123023155785e-01,1.258595831880328642e-01
8.032693753336152265e-02,2.447074241326160221e-02,2.572809428378136642e-01,1.557846460258390797e-01,3.527123495297350142e-01,1.294243816599890406e-01
7.890788584551490514e-02,6.422065268625187784e-02,2.382691213923823492e-01,2.791890472322939298e-01,1.369729621876234760e-01,2.024403306559333648e-01
9.887443273070788130e-02,4.228040759925472125e-02,2.538729820240609447e-01,2.266589931776824829e-01,1.991320070938832343e-01,1.791811773744106384e-01
6.154414285924782874e-02,7.308276816016809341e-02,1.606938087891920941e-01,1.800591717786122481e-01,1.987861011171981884e-01,3.258340072955816513e-01
1.101965949590203997e-01,5.002250214261416000e-02,2.502594077150341323e-01,1.677803791975304160e-01,1.495867209163328493e-01,2.721543950694680913e-01
2.381773566956571844e-02,5.604629131106583090e-02,1.495871983988438514e-01,3.502180113284484309e-01,8.212170899716680905e-02,3.382090542949093281e-01
6.063716096041978781e-02,3.226237310992140228e-02,2.065444309052673066e-01,3.342695077372187518e-01,2.155655140465664865e-01,1.507210132406062442e-01
5.737089117046995784e-02,6.382129820267765097e-02,1.998858707022584669e-01,2.404312215712622325e-01,3.230184124578501792e-01,1.154723058954815057e-01
1.629073162212575643e-01,4.118066310266010194e-02,3.457577328693590690e-01,1.317668683283891584e-01,1.637550357194444972e-01,1.546323837588895744e-01
4.881642051742672572e-02,2.108689921859170646e-02,8.735125733145124305e-02,3.814973475761172517e-01,1.534431136837018650e-01,3.078049616727112081e-01
1.274345609546728986e-01,4.251320322553300141e-02,2.479784011344234596e-01,1.320179371575925034e-02,4.543413346918492302e-01,1.145307062777620455e-01
6.281999999999999806e-01,0.000000000000000000e+00,0.000000000000000000e+00,0.000000000000000000e+00,1.794999999999999929e-01,1.922999999999999987e-01
1.363618113523059894e-01,6.691626832200808783e-02,2.154109930969482223e-01,9.601537807902750521e-02,3.152242826862502456e-01,1.700712664634600191e-01
1.289059711208409287e-01,5.289558930613391663e-02,1.693013508585604621e-01,1.406029688647617015e-01,3.140463375147009573e-01,1.942477823350019506e-01
5.166901703487963154e-02,3.754255823822285482e-02,6.968497379169891204e-02,4.730309171864884865e-01,8.882321693144037966e-02,2.792493168172697771e-01
1.248503172801050526e-01,1.252445777634764723e-01,2.009227248144756506e-01,1.811026860472775557e-01,2.186207960346189250e-01,1.492588980600463022e-01
1.740029611301014967e-01,8.769331056611186226e-02,2.507780980012988548e-01,1.452958040249134331e-01,2.221444828147783601e-01,1.200853434627960209e-01
2.721216842474589309e-02,8.055968482768835481e-02,9.761197446861918925e-02,2.153856017508846421e-01,2.134951478430340832e-01,3.657354226850279555e-01
1.664112991054010893e-01,7.775290044103271014e-02,2.335308205634291367e-01,9.529863552626995082e-02,2.694089960528223138e-01,1.575973483110449103e-01
1.223357629836265559e-01,6.419208111193946964e-02,2.249438650196276535e-01,1.348932767713706404e-01,2.901041053362509725e-01,1.635309087771847636e-01
1.591893541065214357e-01,7.603551685019839523e-02,2.264708907485739608e-01,9.616628552515529837e-02,2.786573293381582328e-01,1.634806234313927742e-01
5.653405055790135941e-02,4.665913245040675950e-02,1.326852639982771254e-01,3.812526957797155447e-01,1.369291078382378346e-01,2.459397493754613973e-01
1.665022079636189478e-01,8.155024450078748877e-02,1.419790999616783456e-01,1.303001511258216893e-01,1.900388696443804371e-01,2.896294268037131192e-01
5.493359875027468281e-02,6.092024572074909716e-02,1.540935300112994677e-01,3.076767048177568853e-01,2.205369493611630261e-01,2.018389713387568063e-01
1.511772395489546783e-01,7.501191526000297594e-02,1.909217451197751381e-01,1.521815843865071405e-01,2.286551720478721406e-01,2.020523436368880932e-01
8.246602763535242075e-02,4.860686514973111549e-02,1.846798283004413288e-01,3.233720328247647324e-01,1.679075105868799711e-01,1.929677355028303343e-01
1.420249842678650565e-01,2.391593983098378937e-02,2.876843503568330407e-01,1.938455487265937360e-01,2.001273623181696326e-01,1.524018144995547275e-01
1.083291301099459786e-01,5.091598013372113096e-02,2.599301144257357143e-01,2.192164919570416814e-01,1.912650562030189239e-01,1.703432271705364875e-01
0.000000000000000000e+00,0.000000000000000000e+00,3.309999999999999748e-02,4.966999999999999749e-01,9.270000000000000462e-02,3.775000000000000022e-01
1.189277209863172924e-01,9.253218757816907003e-02,1.829360951196473961e-01,1.986776998592210686e-01,2.114167050622390576e-01,1.955095913944060737e-01
1.100600549096220210e-01,4.536168997041720857e-02,1.941927996520915189e-01,2.961274364615775201e-01,1.895562611432687894e-01,1.647017578630229628e-01
9.784056573002475332e-02,7.478696371459192527e-02,2.065132502230446199e-01,2.762945418659490393e-01,2.155440277275225969e-01,1.290206507388671764e-01
1.670260522398380743e-01,4.240894416213564916e-02,3.175677826314641239e-01,1.333946616248597450e-01,1.818823307689385604e-01,1.577202285727638820e-01
1.541032545215259390e-02,6.366412311829982087e-03,8.863925335018013607e-02,5.231213046257551236e-01,1.260679790507643616e-01,2.403947252093177611e-01
3.284068134691976726e-02,2.173350019200744748e-02,1.053037280656132224e-01,4.535009655511577087e-01,1.317534167116196919e-01,2.548677081326820582e-01
6.965998931796599236e-02,2.404109968806501449e-02,4.444637718236001123e-02,5.090675357880029006e-01,1.162998351022037496e-01,2.364851629214022866e-01
6.615477861218263533e-02,3.201212570958966719e-02,1.849576739950179183e-01,3.248467787084070579e-01,2.197835329371106705e-01,1.722451100376920230e-01
4.521638801200835583e-02,6.542297308806450939e-02,4.525686942993578654e-02,4.499973786716893742e-01,1.152051632170945500e-01,2.789012275812073893e-01
3.292709290768203179e-02,3.689996512992218397e-02,5.798414860012546246e-02,5.251652407168816428e-01,1.260124920288600292e-01,2.210110606165285874e-01
5.352673823468338810e-02,7.887157813003981000e-02,5.802407904578173875e-02,4.251482627908864664e-01,1.455840238867041614e-01,2.388453179119044145e-01
7.927006195315110249e-02,6.295700697087167064e-02,2.130630714400482129e-01,2.839043361243827057e-01,1.310222034895628385e-01,2.297833200219834837e-01
6.986971381083596777e-02,6.076426125350667395e-02,7.837786301326642169e-02,3.721452342056776885e-01,1.331172751745904603e-01,2.857256525421228988e-01
2.666549583177682536e-02,5.416853392944986564e-03,1.303207947425934488e-01,5.759277886919335065e-01,5.500882840711085464e-02,2.066602389336403001e-01
1.248404754501001163e-01,2.526796193148945352e-02,3.296769563594441621e-01,1.394774465224095372e-01,1.922614919733513505e-01,1.884756677632054012e-01
9.173186429543218889e-02,2.465716255528858578e-02,1.399967637955683852e-01,2.896844216282770113e-01,2.686270260123805875e-01,1.853027617130531546e-01
9.539112934751128869e-02,1.270213423807872444e-01,6.299333656777109103e-02,4.046813163851589734e-01,1.298998509335945739e-01,1.800130243851768286e-01
8.415663860505009919e-02,5.644524259919544290e-02,5.897231913025090949e-02,4.334827988303139867e-01,1.202691119789516122e-01,2.466738888562380327e-01
9.072860785253562821e-02,3.666672359174474177e-02,1.494374413062531659e-01,3.031988428203146180e-01,1.526746379376549556e-01,2.672937464914968975e-01
9.711045226563240484e-02,7.264699070479077592e-02,1.870145541270028244e-01,2.639498298904634499e-01,1.761558642075518877e-01,2.031223088045586156e-01
2.747907394381313498e-02,6.818589438489596963e-03,9.420395675815206038e-02,5.017759418286312778e-01,9.381685568938628872e-02,2.759055823415278441e-01
5.971440363617278035e-02,5.239394988867769609e-02,2.156787452571846397e-01,2.587833071911385674e-01,2.930847482552048078e-01,1.203448457716215919e-01
4.598112915472619966e-02,9.274697124653921709e-02,2.576054669795080701e-02,4.311353054693184972e-01,1.014651154867034222e-01,3.029109319447618742e-01
2.519937355255059616e-02,5.028417638068369971e-02,1.126561214109913639e-01,3.486066688885583464e-01,2.375040524272531428e-01,2.257496073399628544e-01
8.580090192498554535e-02,3.743128812015805024e-02,2.609437626927726961e-01,2.330017884169665321e-01,1.718471679868673052e-01,2.109750908582499196e-01
1.764006973231071473e-01,9.615734942369905114e-02,2.177818413977369028e-01,9.463117362289448498e-02,2.500213008028008277e-01,1.650076374297615722e-01
3.525008995693349606e-02,4.664604851321102474e-02,3.040803822990128386e-02,5.968074988743364839e-01,8.012484147166962223e-02,2.107634829539480059e-01
1.113316477963097739e-01,9.364188253678545903e-02,2.292978350745825400e-01,1.174203251435761153e-01,2.903913365148420023e-01,1.579169729339041095e-01
7.734777918548810249e-02,4.388468289300240938e-02,1.312507424553855662e-01,4.532433516225745640e-01,1.091066810370048407e-01,1.851667628065444271e-01
5.546540478002477681e-02,6.912158981235717869e-02,7.771383899183394173e-02,4.032123581125587330e-01,1.350192466976365691e-01,2.594675616055888701e-01
6.439420484418253987e-02,9.351323537841714495e-02,1.178549365495702300e-01,2.401652422421074740e-01,2.511374878710102565e-01,2.329348931147124380e-01
7.275885764694847713e-02,1.717251553532502320e-02,2.904418083725251454e-01,1.501704638259750701e-01,2.735208150883389200e-01,1.959355395308871317e-01
6.974523369772761550e-02,2.407051928246578543e-02,1.036265511880164192e-01,4.180995651337895969e-01,1.369586365109794202e-01,2.474994941870212461e-01
1.194156106137726353e-01,6.354295703175952270e-02,2.183487677848440500e-01,2.074196460600336023e-01,2.374050468062801622e-01,1.538679717033100136e-01
7.853468481507369647e-02,4.488174977976130964e-02,1.003089994674498803e-01,4.511819987426399781e-01,6.612614546649452085e-02,2.589664217285805869e-01
2.709250762769317700e-02,1.236109950169796308e-02,8.572616782623634912e-02,4.564149680174634516e-01,1.636708802980518518e-01,2.547343767288572924e-01
5.189032880954306398e-02,7.285251484859070481e-02,9.604363642435594095e-02,2.908196458404778695e-01,1.616881619370718615e-01,3.267057121399605246e-01
8.750353223201209896e-02,4.376018821157087041e-02,7.859796241742386669e-02,3.654166367503537960e-01,1.991510795913594978e-01,2.255706007972798632e-01
3.525008995693349606e-02,4.664604851321102474e-02,3.040803822990128386e-02,5.968074988743364839e-01,8.012484147166962223e-02,2.107634829539480059e-01
7.430553068148730567e-02,2.412635024628608307e-02,1.166036037373519851e-01,3.740598203103093211e-01,2.024883368932816619e-01,2.084163581312836466e-01
7.141587930923656846e-02,5.918681944792741900e-02,7.048016424287051329e-02,3.481699491112628664e-01,1.559753191463746080e-01,2.947718687423280248e-01
7.075259880231454801e-02,4.665475987139780512e-02,2.584513951002427867e-01,1.919309035877696246e-01,2.944330667008342450e-01,1.377772759374409350e-01
1.126434064835184767e-01,4.642642861038889790e-02,2.231050344539190211e-01,2.286594789185650844e-01,2.175414992454682561e-01,1.716241522881402082e-01
8.324059301869721206e-02,4.885161564064931239e-02,1.218749299696716276e-01,3.060449126980360757e-01,9.260381276885101820e-02,3.473841359040946708e-01
2.747889666781485121e-02,1.916870751454417821e-02,1.485790123902427651e-01,4.191198462018591031e-01,9.941447190966325176e-02,2.862390653158758402e-01
1.668253774979627443e-02,5.952721318103152554e-02,1.844547999289840035e-01,2.322590085983982366e-01,2.282466828786001434e-01,2.788297576631899033e-01
1.076804180259819388e-01,9.848716954603227436e-02,1.818033276305497103e-01,1.679355473663474430e-01,2.623200655905322809e-01,1.817734718405563943e-01
1.096359827382401980e-01,5.086068956158996263e-02,2.207644550400729988e-01,2.835028061991377024e-01,1.859443790446362321e-01,1.492916874163228713e-01
1.199509461083738820e-01,5.915545748778990726e-02,1.787509573988715073e-01,2.689385915883591438e-01,1.711814664364483263e-01,2.020225809801571570e-01
1.480422453482679590e-01,8.203264230115903111e-02,2.513458454318238666e-01,1.362950035971810803e-01,2.690994383266504530e-01,1.131848249949175961e-01
1.098463633255069155e-01,5.161283457872922753e-02,1.999452775377907887e-01,2.925799284004969025e-01,1.938906335156435068e-01,1.521249626418327283e-01
4.149946026316601172e-02,4.558045149933828699e-02,1.466249734163181107e-01,3.936908103720112573e-01,1.559714838894029065e-01,2.166328205597635725e-01
2.726999999999999980e-01,2.172000000000000042e-01,2.172000000000000042e-01,0.000000000000000000e+00,2.172000000000000042e-01,7.580000000000000626e-02
1.572193752452793192e-01,4.727433022526417866e-02,2.168356336865655265e-01,2.119321974725026925e-01,1.748264565167720330e-01,1.919120068536163126e-01
0.000000000000000000e+00,0.000000000000000000e+00,0.000000000000000000e+00,1.000000000000000000e+00,0.000000000000000000e+00,0.000000000000000000e+00
1.232236884402983929e-01,6.973699081352609241e-02,1.100313325523166741e-01,2.928070365307300360e-01,1.258983791075853065e-01,2.783025725555435259e-01
3.172773924563601633e-02,1.913600887254132341e-02,1.349484413246845316e-01,4.152885719501416273e-01,1.283851808958434981e-01,2.705140577111529443e-01
4.768539173681859283e-02,2.727742889950991734e-02,1.374257640348054421e-01,3.933320246609700033e-01,2.605391322803793930e-01,1.337402583875166029e-01
4.649999999999999967e-02,0.000000000000000000e+00,3.952999999999999847e-01,0.000000000000000000e+00,5.000000000000000000e-01,5.809999999999999887e-02
1.043032376505653031e-01,5.396376605543542343e-02,1.344678898330890493e-01,2.799497881191522763e-01,1.224954020142412364e-01,3.048199163275167045e-01
4.673093630509825291e-02,2.748527075777859943e-02,2.833780696304563640e-01,2.111358780928030976e-01,2.811064989178658768e-01,1.501633462959978405e-01
8.546835748345875394e-02,4.832755389361745313e-02,1.379423345030239556e-01,2.645504136083583480e-01,3.241869945498938588e-01,1.395243459616477832e-01
6.732578378980921818e-02,3.552336960468922139e-02,1.275737549939055249e-01,4.134288856259196177e-01,1.515995576138916001e-01,2.045486483717846860e-01
1.605487510586179334e-01,1.001612064748899078e-01,1.865237200560197206e-01,2.260018806433864158e-01,1.622781596456454312e-01,1.644862821214405912e-01
9.392947098608307732e-02,3.945234192466196693e-02,2.884889015717775895e-01,2.178209376488525473e-01,1.647017970544905618e-01,1.956065508141342779e-01
1.865499418221700512e-01,7.209501551628211269e-02,1.135600373998921497e-01,2.222193480723212711e-01,2.087758719389018747e-01,1.967997852504325129e-01
4.089876424801421745e-02,3.702021592987073811e-02,1.792065249456141207e-01,2.639692751953201522e-01,2.697390319455091889e-01,2.091661877356716381e-01
1.425890169289966425e-01,6.303801562114182133e-02,8.639562827912827814e-02,2.310819748012634123e-01,1.805197289694572271e-01,2.963756354000126603e-01
0.000000000000000000e+00,1.474000000000000032e-01,0.000000000000000000e+00,6.320000000000000617e-02,0.000000000000000000e+00,7.894999999999999796e-01
0.000000000000000000e+00,0.000000000000000000e+00,3.540214209136949980e-02,6.247163851210804086e-01,5.709593592931395956e-02,2.827855368582360418e-01
1.974964389410397564e-02,9.211452754512955421e-02,6.754434388677205137e-02,2.807090350696274106e-01,3.851493416673331532e-02,5.013675154376338039e-01
1.745071608240775785e-01,1.053416354397038734e-01,2.562145768495088793e-01,1.031023696988161015e-01,2.949751098412111139e-01,6.585914734668237014e-02
4.668034754327118896e-02,1.502173407423852865e-02,8.957281538835477896e-02,3.557780328349504084e-01,1.352212939791058444e-01,3.577257761800791691e-01
1.782161048002039172e-01,6.254471587775917163e-02,2.714808226124821311e-01,1.415350641111943475e-01,2.102148518371583785e-01,1.360084407612021928e-01
5.399008927565024374e-02,5.758309900763114442e-02,2.939310184375425183e-02,4.531185026215888700e-01,1.078800341359995724e-01,2.980351731153760286e-01
3.912449650130303547e-02,7.138537392780508473e-02,2.253960343077664186e-01,3.136848911585229938e-01,1.314097824034647644e-01,2.189994217011378419e-01
1.102804181883638435e-01,4.545251357339796100e-02,1.945816143049147462e-01,2.862320959181353097e-01,1.899357924750119109e-01,1.735175655401761940e-01
5.108657264944014426e-02,1.663083074897511379e-02,1.255243269111878945e-01,4.071073123330856136e-01,9.737158537140658265e-02,3.022793719859047101e-01
1.228343503699876466e-01,7.592583905414469758e-02,8.115307497648002744e-02,3.569479806168707747e-01,1.252731706479353890e-01,2.378655843345813259e-01
9.012664704641933089e-02,4.498505685616864536e-02,2.095086363620975445e-01,2.895833714221511812e-01,2.212431713365833608e-01,1.445531169765798540e-01
5.246389181075421237e-02,3.871925416535466208e-02,6.715522986439419195e-02,4.118293477230106636e-01,1.145657443863301456e-01,3.152665320501560342e-01
5.276301998083871014e-02,2.994611678895293949e-02,2.389899021811753010e-01,3.221421541881308581e-01,1.937738082276307672e-01,1.623849986332713824e-01
1.028540899849152701e-01,4.157988483371319322e-02,1.713329395791803877e-01,2.370708144670912176e-01,1.984162147901877282e-01,2.487460563449122308e-01
1.108043477770961072e-01,4.566845324006373746e-02,1.955060491849448800e-01,2.836962259689806420e-01,1.908381555896221382e-01,1.734867682392925992e-01
5.857263355484361445e-02,6.294059394263555596e-02,1.740625303466687424e-01,3.104443554593374621e-01,1.665934632711537633e-01,2.273864234253608063e-01
5.039822414076847862e-02,5.657373801460040957e-02,6.182086659348479812e-02,5.155840504370833299e-01,7.123040547940269474e-02,2.443927153346603376e-01
4.603066215545609241e-02,2.694649385638468730e-02,2.156775127139344828e-01,2.959578374311073179e-01,2.801100082900431776e-01,1.352774855530743670e-01
8.415663860505009919e-02,5.644524259919544290e-02,5.897231913025090949e-02,4.334827988303139867e-01,1.202691119789516122e-01,2.466738888562380327e-01
4.860582124933552489e-02,1.134057686773166235e-02,7.035852045203618010e-02,4.203699949482410658e-01,1.718845800628201193e-01,2.774405064198353088e-01
8.288769425659037182e-02,5.272065092980129236e-02,1.822786615693657575e-01,1.836693737826897987e-01,2.793082365103565223e-01,2.191353829511963058e-01
8.704618149557512286e-02,3.802467607112523101e-02,2.067404373619637914e-01,2.600111750394406007e-01,2.294595909698045610e-01,1.787179390620907415e-01
1.386532699908789301e-01,4.415554961464549649e-02,3.163428604376847253e-01,1.356740297747422996e-01,2.102250481293798934e-01,1.549492420526686898e-01
1.439204207621777587e-01,4.518937114632220337e-02,3.380969995867942890e-01,1.301693839276984455e-01,1.882304970335203220e-01,1.543933275434870578e-01
1.341349323007668404e-01,3.701339892710330676e-02,2.578446819667693513e-01,1.394580751695503884e-01,2.522236735877543268e-01,1.793252380480556962e-01
1.194220242486720845e-01,4.326778985110525666e-02,1.389500371603477336e-01,2.315734726601130500e-01,2.492972924725347927e-01,2.174893836072271935e-01
1.532582849054426322e-01,7.603551685019838136e-02,1.935919407193876229e-01,1.077296067003882529e-01,2.914883599609499609e-01,1.778962908636330942e-01
7.846574394924493712e-02,2.717122564634563350e-02,6.506156074940021294e-02,4.181422490527904046e-01,1.332930609283222156e-01,2.778661596738964956e-01
1.369177207252257056e-01,2.307982810102581980e-02,3.025043872701222991e-01,1.874287359750108628e-01,2.005068468946598348e-01,1.495624810339554744e-01
5.697961897713112178e-02,7.566344425917821692e-02,1.017520618908053648e-01,1.727899032484518094e-01,2.852543067556521650e-01,3.075606648687813083e-01
8.440046174619514341e-02,4.689146547859923686e-02,1.393175662964905581e-01,3.838502049131922722e-01,1.129935787338839231e-01,2.325467228316389912e-01
6.657199138490355050e-02,3.223290907411854173e-02,2.395355561649049059e-01,2.758579486850926132e-01,2.626986545860155453e-01,1.231029401049648780e-01
8.092759349711044214e-02,5.455313702751876659e-02,3.122973071792046751e-01,1.964582157987065925e-01,2.249400272259166889e-01,1.308237192715427655e-01
1.517174820891264153e-01,4.437330171708710191e-02,2.863508902811339185e-01,1.487979308995678596e-01,2.194448402200046000e-01,1.493155547930801186e-01
3.349200055836017154e-02,5.233801400453806651e-02,7.007079845732239187e-02,4.116117119699169713e-01,1.600011942454530878e-01,2.724862807644093388e-01
1.126787337566630826e-01,9.113583266213681755e-02,1.403976020424784477e-01,2.936424007953796766e-01,1.383724132287321995e-01,2.237730175146098455e-01
1.007325803599611880e-01,3.844850148495330966e-02,1.827833807020082524e-01,2.599945011897867309e-01,2.593646737959704462e-01,1.586763624673200312e-01
5.632245343998958098e-02,9.614117041755049220e-02,9.047887341641171199e-02,2.927510870579211333e-01,2.439255392123297339e-01,2.203808764557974031e-01
9.827994355754605948e-02,1.885529439417901396e-02,6.234779562971023287e-02,3.622028851979571251e-01,1.075827642702981979e-01,3.507313169503094019e-01
4.517951547682103747e-02,2.671832089813175326e-02,1.832433450594685986e-01,3.096078749308150413e-01,1.637095554235929451e-01,2.715413882111705757e-01
9.439678691121118626e-02,9.264107385337094769e-02,1.100616322775454792e-01,2.768594090189648305e-01,1.341797007634686068e-01,2.918613971754388525e-01
7.950091796582177406e-02,5.286255538491729800e-02,1.712330599316237989e-01,2.900343037624024123e-01,1.583852579823592233e-01,2.479839049728755351e-01
9.203205708978148825e-02,3.843500580800307542e-02,1.460367955161568088e-01,3.369411537932220924e-01,1.560235585150825666e-01,2.305314292777540242e-01
1.126434064835184767e-01,4.642642861038889790e-02,2.231050344539190211e-01,2.286594789185650844e-01,2.175414992454682561e-01,1.716241522881402082e-01
