8.229800968274933459e-02,1.222225843799512462e-01,1.721422319678339030e-01,2.428546847142848963e-01,2.329789241227207264e-01,1.475035651324599906e-01
3.741583564332720546e-02,3.214005167490753545e-02,1.408361927179477280e-01,3.687711171627959805e-01,8.184728096047377832e-02,3.389895218405477584e-01
8.732839938844799699e-02,5.083660578861895485e-02,2.334422342884921731e-01,1.719229288680157453e-01,1.792761870793978807e-01,2.771936445870271104e-01
1.050759247903498561e-01,4.895299856846563324e-02,1.786685316811605639e-01,2.327850709193421685e-01,2.433126154732938307e-01,1.912048585673878642e-01
2.058065128589972939e-02,1.102987378988752078e-02,1.128117830844114072e-01,4.654978986352897863e-01,1.006242809220166401e-01,2.894555122824949422e-01
8.659727584057688721e-02,8.830185526592103373e-02,4.611095751673705695e-02,3.834760729879962415e-01,1.122017399265903270e-01,2.833120984621785299e-01
1.381571924172891874e-01,6.532045548086942710e-02,2.896438490865869686e-01,1.029827598643085484e-01,2.960196990732091860e-01,1.078760440777366963e-01
4.066346586438190913e-02,1.658997088312439902e-02,6.159360598960561539e-02,6.001075461949443302e-01,3.109838801576084166e-02,2.499470230521830816e-01
7.251958536652079734e-02,1.168016626582352030e-01,2.085321443619376769e-01,1.550057189881552111e-01,2.040026876209489748e-01,2.431382010042021369e-01
9.520803234842456497e-02,4.650965138047211817e-02,1.721853379405083873e-01,2.075239198233335969e-01,2.227636111833622146e-01,2.558094473238991529e-01
5.861275947202139458e-02,3.223247581168468129e-02,1.902476683223970622e-01,4.309459084013459451e-01,9.448003284189386564e-02,1.934811551506571969e-01
2.649999999999999925e-02,4.420000000000000318e-02,2.477999999999999925e-01,2.649999999999999925e-02,5.574999999999999956e-01,9.729999999999999760e-02
9.981076860216649138e-02,1.146634487025529892e-01,1.298812321890834287e-01,6.452590782869248309e-02,2.898421581332190633e-01,3.012764845442854056e-01
7.467219117688575492e-02,4.209903580430653797e-02,1.675997234965927174e-01,1.042207587529207086e-01,4.193556262436050619e-01,1.920526645256890597e-01
9.289883852236784090e-02,5.742301398430896958e-02,1.862464175287026624e-01,3.114917355771882890e-01,2.179928045869717335e-01,1.339471898004605255e-01
3.234669926371996906e-02,1.762438552491182517e-02,2.962422796466855981e-02,5.648082777985317104e-01,1.528845396396315837e-01,2.027118698085365045e-01
1.817797975533061439e-02,8.422315803508927459e-03,7.088967655196167124e-03,5.493394371048566649e-01,9.621218013533483493e-02,3.207591195457727418e-01
1.493288805543632053e-02,3.806555188341496573e-03,1.111516153690081943e-01,5.802880592828815187e-01,1.722913180420519719e-01,1.175295640622804061e-01
6.690668283869810606e-02,1.948115702390125492e-02,2.336855915641877779e-01,2.068597169184512308e-01,1.664746499221716192e-01,3.065922017325900528e-01
6.057527537801986328e-02,8.461940060905528971e-02,1.884724140464981712e-01,2.561823099457914421e-01,2.356112843446438454e-01,1.745393156759914299e-01
1.738890543860045490e-01,1.481671531518134743e-01,2.368139501208770814e-01,1.310334104069585948e-01,2.226476211226915969e-01,8.744881081165464809e-02
4.335383973386499473e-02,6.871318923599599449e-02,2.105393443680660115e-01,2.882429381447405015e-01,9.062928171326628535e-02,2.985214068040662472e-01
6.565103518674184069e-02,3.607829902628693908e-02,3.569904890386621510e-02,4.692130221403923440e-01,1.313314137410238891e-01,2.620271810016887581e-01
9.145382695636328219e-02,1.087278672597538770e-01,1.990862703704550651e-01,1.228039963217893299e-01,2.759561647471365231e-01,2.019718743445018949e-01
5.879162858633744243e-02,3.317491523043965274e-02,1.818987864611522898e-01,3.120351165026993279e-01,1.737700237461287101e-01,2.403295294732426257e-01
1.678832611107899386e-01,8.383439245464163747e-02,1.898732449469492378e-01,1.171462542506756105e-01,2.529815262137448673e-01,1.882813210231986112e-01
1.233637636085817835e-01,6.781300409380344729e-02,2.481982770986563003e-01,1.041713872910682986e-01,3.182067144903638622e-01,1.382468534175263775e-01
7.115393940275065165e-02,6.694792707408145360e-02,4.165585379150683887e-02,4.160395480048666439e-01,9.262738178847070014e-02,3.115753499383238090e-01
1.339669708830014683e-01,6.645744049263048459e-02,2.257111707544227353e-01,5.175861883621390297e-02,4.853718186631413301e-01,3.673398037059005805e-02
9.865412833376574486e-02,4.111452428991051178e-02,2.775586170191617907e-01,1.695959499314065450e-02,4.158462507595875879e-01,1.498668846044336755e-01
1.081881541797983376e-01,6.792454714645833336e-02,4.560404429487097122e-02,3.468333050955452745e-01,1.853560400760360938e-01,2.460939092072910173e-01
1.416595876036059187e-01,9.723968181993433713e-02,2.398679741127575926e-01,1.295396760557342708e-01,3.100981932758783977e-01,8.159488713208952471e-02
6.447126881577008861e-02,2.871790104993667339e-02,1.220293307612841105e-01,2.906714633605748666e-01,3.343587385892807795e-01,1.597512974231535543e-01
1.300387231690448564e-01,8.941211608754967566e-02,4.255942839649258513e-02,3.491830586935397163e-01,1.518977548957373691e-01,2.369089187576356725e-01
1.736001996088365751e-01,8.690853635013923162e-02,2.604498234470331020e-01,3.117503997807422045e-02,3.793806852444271960e-01,6.848571537148975819e-02
8.175969965461168942e-02,1.629442939156156359e-02,2.885872407577574558e-02,3.736173611521955706e-01,1.421108364346844455e-01,3.573589492911709575e-01
7.031664696085637711e-02,5.420644313510499662e-02,2.814479565597571842e-02,5.000678769740398710e-01,1.619105031291751540e-01,1.853537341448479037e-01
1.368789834847757014e-01,5.720796518720263485e-02,8.135520401093579435e-02,3.127638851859753100e-01,2.282968289695330999e-01,1.834971331615773416e-01
8.356601560247360616e-02,8.291730535150164394e-02,2.507921864338711337e-01,1.158647596777581945e-01,2.755654022433823291e-01,1.912943306910132590e-01
8.522594962944876618e-02,1.146905123418545669e-01,2.597402014194031827e-01,7.380463429315166357e-02,1.831953882133965095e-01,2.833433141027452695e-01
5.134818171268173970e-02,8.073897779473300507e-02,1.655351508686540574e-01,3.106305336678577556e-01,2.270654711038838924e-01,1.646816848521895915e-01
9.032195822838150201e-02,2.437977144022303311e-02,2.441421548219272208e-01,1.686516504469440236e-01,2.505938168103539754e-01,2.219106482521701895e-01
5.473413872651647361e-02,3.236874648043097658e-02,1.877676377601910085e-01,3.122530567429033233e-01,1.397295953330765228e-01,2.731468249568817508e-01
6.754282957996535219e-02,8.483270509974928653e-02,8.694296960544121988e-02,2.991788587258074061e-01,1.854706076287295780e-01,2.760320293603071296e-01
4.322522717935803338e-02,5.703448196338309351e-02,3.720764129237849605e-02,5.946182939205150175e-01,8.537012774359301059e-02,1.825442279007724045e-01
1.306424217432095303e-01,4.016477193704347248e-02,2.970097274687976130e-01,2.137570086396095026e-01,1.614038832116130029e-01,1.570221869997267261e-01
1.797859075535252274e-02,8.329933858531302776e-03,3.351792565995229123e-02,4.694598578583263904e-01,1.052246859251455835e-01,3.654890059426919580e-01
5.196910452583398954e-02,1.807350089033649479e-02,6.044882617418275567e-02,4.681034435269558203e-01,2.290098237199405529e-01,1.723953011627503418e-01
5.900162700214641592e-02,5.476424250637965119e-02,6.483102279156442715e-02,3.419960378048220173e-01,9.723418348215726037e-02,3.821728864129302905e-01
1.466343374535406495e-02,7.397961503127455096e-02,2.297360854646991052e-02,2.807671465345570327e-01,1.029546805151027172e-01,5.046615156272417080e-01
9.083165354543561165e-02,4.658734923020295404e-02,1.586800153958564386e-01,2.305124217868655123e-01,2.020085670089168117e-01,2.713799930327227550e-01
6.815992192321199128e-02,1.871825398338763588e-02,6.633716886611257246e-02,6.032566108636371327e-01,6.559975249223923277e-02,1.779282918714112927e-01
1.003332405790769016e-01,6.309935149294956802e-02,3.025620603160485977e-01,2.292428143325744294e-01,1.544768814990636896e-01,1.502856517802866887e-01
3.095235383509530730e-02,4.587602580032710750e-03,8.619199756848157368e-02,5.439673589343553273e-01,8.593549932489201459e-02,2.483651877571430300e-01
4.437939797274695342e-02,7.603378099335728058e-02,1.033412158760914634e-01,3.782032025776000950e-01,1.059487638221172506e-01,2.920936387580868598e-01
6.618563236095353908e-02,6.765993924466356946e-02,1.802037313371404881e-01,3.216830992658225030e-01,2.175059672271062450e-01,1.467616305643136276e-01
9.398269552979841845e-02,3.932328411987573435e-02,3.288581561455503621e-01,1.059160037625338779e-01,2.914414042667030635e-01,1.404784561755385852e-01
7.794137367395584381e-02,1.013122421350095698e-01,1.858904046451041736e-01,2.985618507852065839e-01,1.687143260905507036e-01,1.675798026701731946e-01
1.095086389176827962e-01,8.591546464997523724e-02,1.789450193225423369e-01,1.994375611370350354e-01,2.196811525132411902e-01,2.065121634595234457e-01
1.616572844759572580e-01,8.949647676585760492e-02,6.574622820067103912e-02,2.581574575425356621e-01,2.020149785624543171e-01,2.229275744525242020e-01
1.676123154570814677e-01,1.045760493565715821e-01,1.110344570821933108e-01,3.193843876949649663e-01,1.178517736577527758e-01,1.795410167514358835e-01
8.523123555636386017e-02,2.941102735730824827e-02,5.439747724630319969e-02,4.435798677584300020e-01,1.424950689136745274e-01,2.448853231679201381e-01
5.012939221459029177e-02,5.088992142991199952e-02,2.387735367944593401e-01,1.825858859735565443e-01,2.369937642516235232e-01,2.406274993358583913e-01
9.656564214528164103e-02,9.450731351204051667e-02,2.243750755403505770e-01,2.509108872608190599e-01,1.739494356380306139e-01,1.596916459034775360e-01
1.855213074437597753e-02,5.132263589025596456e-02,1.281702158220227872e-01,4.101283568241091415e-01,1.339274105972122764e-01,2.578992501220238598e-01
0.000000000000000000e+00,0.000000000000000000e+00,4.328000000000000180e-01,5.672000000000000375e-01,0.000000000000000000e+00,0.000000000000000000e+00
6.952484728337211817e-02,1.074870202702459254e-01,7.369579722337019079e-02,2.773610524629227525e-01,1.658175889600247421e-01,3.061136938000642571e-01
1.020685312744758350e-01,5.360148495758420423e-02,1.926546866974112315e-01,2.488404078741451586e-01,2.601238577117055417e-01,1.427110314846780637e-01
9.758373460496956586e-02,4.263844712171288576e-02,2.257043826578384871e-01,1.755225314922891633e-01,2.582582657180016450e-01,2.002926384051883224e-01
2.468912872023130978e-02,0.000000000000000000e+00,1.175617893311630135e-01,3.527565482379950157e-01,1.461947573780509602e-01,3.587977763325596037e-01
1.111720748146367288e-01,4.821806050844506392e-02,1.682015722815979331e-01,1.970004998867542489e-01,2.854878114238747489e-01,1.899199810846913805e-01
1.071889792440820915e-01,7.704136259564575706e-02,1.518866235151475896e-01,2.862137038305149206e-01,1.588501444428633835e-01,2.188191863717461605e-01
7.776870369106025915e-02,1.216683456923951974e-02,2.899119044525014233e-01,2.087344623381616471e-01,2.650894895600049983e-01,1.463286053890322513e-01
9.585320640661819380e-02,6.564805604874554557e-02,2.616585846769517443e-02,4.051356011905584698e-01,1.237134659862004077e-01,2.834838119001821255e-01
9.904354648775469394e-02,7.996938718789330103e-02,2.653448189824930692e-01,2.002363452364646912e-01,1.989687269280713544e-01,1.564371751773228070e-01
6.975896997682652645e-02,6.218210031267944887e-02,9.184052320608132591e-02,3.320658803843970497e-01,1.562217410445582710e-01,2.879307850754572740e-01
1.501858018438607389e-01,6.554144709291788440e-02,2.342321815031944976e-01,2.006788141677076295e-02,2.700558068846782844e-01,2.599168812585778143e-01
1.005124208927232893e-01,3.519489952308182262e-02,3.135189122617439983e-01,1.374496684232278387e-01,2.578091589809818895e-01,1.555149399182411962e-01
9.721475062523741995e-02,5.491472036350034808e-02,1.235446902773121997e-01,4.039141116255914321e-01,8.224997672804711113e-02,2.381617503803116487e-01
1.817797975533061439e-02,8.422315803508927459e-03,7.088967655196167991e-03,5.493394371048566649e-01,9.621218013533483493e-02,3.207591195457727418e-01
3.100841512495865551e-02,1.999597545715323457e-02,1.251490791824952653e-01,3.871581119289664308e-01,1.430490186650296425e-01,2.936393996413967367e-01
8.253262315829590356e-02,4.649038831064572497e-02,1.919602084365836514e-01,3.817085420172158794e-01,1.182184056191292881e-01,1.790898324581295664e-01
9.524834516961835917e-02,5.326150834418591495e-02,2.143281847321941158e-01,1.579625057188634996e-01,2.014762149936034918e-01,2.777232410415346742e-01
8.592660791281578336e-02,5.472286523923443509e-03,3.683420003234072482e-01,2.642028720045376811e-01,1.657504962551372696e-01,1.103057369801785786e-01
1.094673419507183332e-01,6.659757317871041471e-02,1.984006618890641338e-01,2.346611677071108737e-01,1.968183065554466038e-01,1.940549487189496825e-01
1.205002858545815708e-01,5.484883422933049119e-02,2.365638706291858795e-01,1.037997909734915680e-01,3.860786577805729869e-01,9.820856053283746889e-02
4.132552225409926588e-02,8.346468440461239646e-03,7.025127790256293497e-03,4.669727969545127144e-01,1.147618499164843320e-01,3.615682346441861927e-01
9.357365945924611683e-02,6.031577418623638304e-02,5.646910930878461937e-02,4.036789961505528601e-01,1.583973476373241873e-01,2.275651132578559166e-01
9.265101976609046996e-02,5.239487053211130257e-02,2.054707354812986553e-01,2.646042145878634844e-01,1.832817938930606239e-01,2.015973657395754848e-01
1.800269556116905478e-01,1.072281030045728334e-01,2.320690383268597112e-01,4.691096531404932712e-02,3.516075302761410559e-01,8.215740746668652450e-02
1.309028277606138768e-01,4.696616165425577388e-02,1.122230431173474319e-01,3.713515089514913270e-01,7.023163166134008262e-02,2.683248268549513482e-01
1.085631098517113591e-01,1.222528300574641930e-01,1.568114297699100546e-01,1.447448409344085085e-01,2.482921383441308028e-01,2.193356510423750405e-01
8.555255711768620930e-02,2.724847091906317312e-02,1.098913037052899055e-01,3.783322837551368334e-01,2.205814076228988507e-01,1.783939768799250314e-01
1.680630988425024785e-01,1.263941836790609952e-01,1.769614279556540049e-01,2.105129020744770929e-01,2.053209057141456850e-01,1.127474817341596880e-01
1.692108051670191404e-01,1.797014004151654132e-01,1.856565107309034734e-01,7.592572946663410371e-02,2.335546917931609068e-01,1.559508624271169763e-01
2.457323312341634300e-02,0.000000000000000000e+00,1.653197686347132600e-01,3.983146429146349199e-01,1.553562584203216634e-01,2.564360969069138241e-01
1.502084858671779433e-01,2.792385990191316794e-02,3.143464184016194762e-01,1.635741777847348755e-01,1.822445099265717627e-01,1.617025481179826529e-01
8.483654109995802939e-02,3.947699060191053183e-02,2.039527830319048662e-01,2.499372565489255127e-01,2.279139732955567654e-01,1.938824554217441765e-01
5.363926938245071330e-02,9.371402442565690549e-02,2.022824127083868440e-01,1.371441230918652443e-01,2.813731883779472809e-01,2.318469820136931092e-01
3.349502372850246545e-02,2.336543278305641333e-02,1.331852065204592872e-01,3.740842329074737793e-01,1.093151016336866427e-01,3.265550024268212836e-01
1.293403031870716258e-01,5.692104945042494868e-02,1.743635869860817034e-01,1.810988450928636140e-01,2.939774426145291830e-01,1.642987726690288697e-01
1.116973949919072007e-01,3.514358368689046025e-02,1.450127186058219886e-01,2.619408626760120762e-01,1.376969451383200371e-01,3.085084949010483690e-01
7.502737072753062897e-02,7.460865712606831734e-02,2.913930988507301145e-01,1.023301299209265908e-01,2.467188302506022057e-01,2.099219131241423231e-01
3.594476206064128182e-02,1.947936712224445505e-02,5.045064301402003154e-02,4.969057503641253759e-01,1.281674405328216138e-01,2.690520369061471517e-01
5.105716251520803911e-02,8.010878185059673584e-02,4.672086320378014690e-02,4.495619331037243871e-01,5.940431840261906071e-02,3.131469409240715818e-01
1.586610754702792447e-01,1.392296669736990955e-01,2.655234368096902609e-01,1.509392913916521306e-01,1.811736737338445202e-01,1.044728556208348452e-01
1.173806215339081582e-01,5.467695002804093957e-02,3.102218984251668421e-01,0.000000000000000000e+00,4.481756719610123785e-01,6.954485805187161918e-02
8.184053546787077582e-02,2.052950220573164855e-02,9.465003781141352601e-02,3.258493270891802962e-01,2.878424766323534612e-01,1.892881207934503374e-01
2.034257225876807684e-01,6.382710752259648790e-02,1.539242186478344265e-01,2.105731349621557114e-01,1.642309384066413247e-01,2.040188778730912533e-01
6.416984354791253897e-02,3.334419661504688798e-02,1.939503423503051993e-01,3.346701900005923380e-01,2.045877406014075528e-01,1.692776868847355176e-01
3.108430471671260256e-02,9.248864046631349867e-02,1.210600372131973301e-01,1.642316150326110502e-01,1.905077158342570187e-01,4.006276867369084616e-01
1.236488993417641097e-01,5.961730465706606419e-02,9.712654955930347112e-02,2.022784480524975614e-01,2.367998476196108981e-01,2.805289507697578677e-01
8.019519391233158323e-02,7.400634722013137157e-02,2.202253321052072832e-01,1.180605487037967860e-01,3.170986476701599388e-01,1.904139303883730372e-01
5.874617612973587893e-02,3.388412195643708547e-02,6.714884138605055341e-02,3.724133134569201919e-01,1.722969089444846558e-01,2.955106381263715720e-01
1.506627044035559471e-01,8.654092579242959882e-02,2.558478380887395653e-01,1.480833625383607688e-01,2.556751654551724373e-01,1.031900037217416688e-01
5.254392322549694683e-02,2.651685421455320796e-02,2.591457814955162031e-01,3.459763786381269690e-01,2.174141134324691360e-01,9.840294899383746074e-02
9.078001031472128501e-02,7.288880792159573019e-02,1.701004858458145530e-01,2.795918069129860739e-01,1.173523951449524927e-01,2.692864938599296987e-01
4.995685906732910686e-02,6.940463669001646629e-02,2.038063861073556027e-01,3.515199601961274123e-01,8.043563180242091493e-02,2.448765261367504553e-01
2.183687767749812048e-01,1.194979753443375231e-01,2.396854995789703402e-01,1.038549623521518861e-01,2.150995751049612215e-01,1.034932108445977827e-01
1.840348696816868079e-01,6.786335189012758506e-02,1.822683274339515214e-01,2.732168327740740477e-01,1.474038424540898007e-01,1.452127757660701401e-01
1.343096191779912518e-01,6.651956419724983083e-02,2.002555696508623861e-01,1.715226901769943968e-01,2.240716688334401796e-01,2.033208879634619548e-01
8.460318821227587327e-02,4.463951483999914482e-02,1.756936082442314973e-01,2.233573838165629766e-01,1.418134838173500667e-01,3.298928210695803998e-01
7.615719979321611266e-02,3.415826828884332977e-02,2.866207920595075231e-01,7.595264430270749767e-02,3.396143937380480815e-01,1.874967018176774136e-01
9.224002884679941006e-02,9.056682710781815970e-02,1.958617085513937872e-01,2.037887048877612128e-01,2.936924057455784776e-01,1.238503248606489526e-01
5.422494038630459173e-02,1.600361485754192223e-02,2.813912608801072968e-01,1.348626164461086963e-01,3.962040663863309886e-01,1.173135010436065773e-01
5.132890020681581816e-02,3.597572176534584443e-02,2.155479625004182997e-01,3.340880280759409571e-01,1.379593665380446643e-01,2.251000209134343399e-01
9.209187924261699743e-02,4.590058474898844193e-02,2.839509547719404892e-01,2.185114808334503445e-01,1.896590161510883221e-01,1.698860842519154535e-01
5.318102715417503262e-02,8.133598411724135557e-02,9.515255658641394443e-02,2.178891745849694250e-01,1.740231768992260564e-01,3.784180806579740541e-01
1.128983922872051765e-01,3.431565104127635990e-02,2.110597195662558823e-01,2.022614430510022709e-01,1.195482540632853835e-01,3.199165399909749685e-01
2.885541957429286347e-02,6.790062975761192166e-02,1.812263530263761580e-01,2.321676401658863687e-01,9.949125316304412159e-02,3.903587043127885736e-01
7.327288192653785837e-02,3.937840304772877165e-02,2.138679541436564746e-01,3.371998693868741848e-01,1.940008931706466433e-01,1.422799983245561228e-01
4.290859635227624314e-02,4.455853575582319898e-02,2.172055655239215066e-01,1.844260997523962387e-01,3.705167414042705443e-01,1.403844612113121504e-01
1.742728805758310406e-01,4.635655206691585706e-02,3.026637585261316987e-01,1.481756467165442626e-01,1.635638632482865618e-01,1.649672988662904682e-01
4.187360015490582121e-02,1.978935636883429050e-02,1.057335468051221056e-01,4.301581177984919457e-01,9.990740324877921130e-02,3.025379756238666951e-01
6.217166641730599574e-02,1.839713451833587324e-02,2.533339192951147290e-01,1.601979796302209491e-02,5.127643651192002050e-01,1.373131166870211473e-01
6.281999999999999806e-01,0.000000000000000000e+00,0.000000000000000000e+00,0.000000000000000000e+00,1.794999999999999929e-01,1.922999999999999987e-01
7.899030601550560693e-02,3.778213262649971621e-02,2.485878869087827514e-01,1.108141764231655724e-01,3.492204575328882732e-01,1.746050404931580036e-01
1.395030477540208924e-01,5.447590553242256939e-02,1.520856042503603289e-01,1.255056740479632282e-01,3.339722917271013003e-01,1.944574766881316530e-01
4.972491822109605802e-02,2.898259004943036857e-02,7.123361091751166663e-02,4.820656476697065540e-01,6.180458806733248045e-02,3.061886450749227717e-01
1.235261142245686616e-01,1.089486949334161070e-01,1.803097844019354579e-01,2.114801587428845608e-01,2.171749319533883560e-01,1.585603157438067734e-01
1.959832255445966565e-01,8.886710610585112080e-02,2.877846042732513099e-01,9.027316597967363632e-02,2.209615448396635429e-01,1.161303532569637614e-01
2.508526063514811624e-02,9.174189828876219699e-02,9.730322976937473556e-02,1.920907734249726051e-01,1.983292441134398842e-01,3.954495937683025764e-01
1.010148044492282238e-01,8.582653099558455734e-02,2.386140713440396410e-01,1.162320327559015348e-01,2.760144149985120920e-01,1.822981454567340065e-01
1.405297345144509713e-01,7.387108357762277311e-02,2.628850875489101013e-01,5.058377756420375654e-02,3.232175933385859623e-01,1.489127234562265256e-01
1.678156521372032861e-01,8.378555618941133099e-02,1.898789983605803366e-01,1.174362813653507809e-01,2.528118331271584918e-01,1.882716788202956626e-01
6.868509454175245055e-02,5.668772875755720420e-02,1.612037314164342650e-01,2.679619893091021998e-01,1.663597181623264198e-01,2.791017378128274329e-01
1.491873322021699533e-01,9.513318286626311349e-02,1.179933876859933645e-01,1.374090730408363825e-01,2.080350212177890235e-01,2.922420029869480795e-01
6.002118648180245625e-02,7.233126113585738870e-02,1.679906582756808819e-01,2.761905904733256700e-01,2.569774781627093274e-01,1.664888254706243242e-01
8.307494816387260561e-02,8.241383974235690080e-02,1.866852879277995370e-01,1.852984700544297314e-01,2.263304289494148802e-01,2.361970251621262062e-01
9.698918578682674818e-02,5.587363458203600808e-02,1.579006720493935645e-01,3.516999932695751840e-01,1.386910844497403206e-01,1.988454298624282301e-01
1.377982467954170509e-01,2.915516354150658740e-02,3.068439456198261417e-01,1.651250747263953156e-01,2.081237408862982863e-01,1.529538284305565210e-01
7.816591581718042303e-02,4.673951269730154678e-02,3.160895120148109472e-01,2.214044770330479972e-01,1.995556991195670538e-01,1.380448833180919765e-01
0.000000000000000000e+00,0.000000000000000000e+00,3.309999999999999748e-02,4.966999999999999749e-01,9.270000000000000462e-02,3.775000000000000022e-01
1.228634125793710841e-01,1.045365955818720466e-01,1.802924589106890407e-01,1.550799783185851100e-01,2.382019066998179724e-01,1.990256479096647046e-01
8.970330401837788015e-02,4.733050911601829197e-02,1.724722888098083051e-01,3.479495358969419416e-01,1.503623955737312945e-01,1.921819665851222658e-01
7.325769954389781125e-02,3.936849253882241523e-02,2.138334326904769989e-01,3.372655868481130303e-01,1.939642416101556854e-01,1.423105467685339964e-01
1.390177694263389219e-01,2.704717017351021199e-02,3.453629774790167306e-01,1.623438341303261034e-01,1.509351115791104647e-01,1.752931372116975361e-01
1.864540997721888041e-02,7.702911142704167713e-03,1.043712260191496238e-01,4.467428669454617252e-01,1.525333881947704140e-01,2.700041977206950605e-01
2.232088137174501399e-02,1.825971672257548084e-02,1.210741937006404173e-01,4.393477055209798476e-01,1.089452424121594848e-01,2.900522602718997867e-01
3.116272835578274419e-02,1.950676995926200336e-02,2.018821230908350930e-02,5.676300023874264467e-01,1.110475663179131822e-01,2.504647206705321039e-01
6.970106109663616600e-02,3.702812834314123114e-02,1.907992067828676308e-01,3.916184488434327204e-01,1.877748883024585036e-01,1.230782666314638174e-01
5.041704414967036058e-02,7.921673917853945535e-02,4.613330291925455545e-02,4.527693692667373315e-01,5.862739342990405667e-02,3.128361510558944070e-01
0.000000000000000000e+00,0.000000000000000000e+00,4.444262212060339640e-02,6.227589780293428801e-01,8.166496099022334254e-02,2.511334388598304157e-01
5.924023423155821977e-02,5.215381746663132895e-02,5.742574114825906018e-02,4.262852736756909677e-01,1.653360039513414315e-01,2.395589295265189989e-01
9.548595989369478010e-02,1.739153681813897234e-02,2.566483662694191148e-01,2.965268974347717856e-01,1.139864624335671928e-01,2.199607771504080711e-01
8.426408319867693952e-02,7.328274994275901788e-02,9.452505827868605548e-02,3.479887246213132501e-01,1.575544852548389219e-01,2.423848987037258984e-01
3.243800391742691219e-02,6.589486004272374423e-03,1.585324524640857047e-01,5.440294774428144908e-01,6.691706025719255935e-02,1.914935199142079603e-01
1.434527158754848875e-01,2.637076688366969679e-02,3.115070774811806720e-01,1.692524863926318235e-01,1.823322298259401342e-01,1.670847235410927722e-01
9.596746478850377848e-02,2.983383658076524739e-02,1.446859084517651550e-01,2.699066702725596567e-01,2.662754293140973116e-01,1.933306905923089514e-01
9.533444973129535926e-02,1.165492786998797436e-01,5.046796261301689235e-02,3.984043206381195357e-01,1.415917249556439828e-01,1.976522633620444169e-01
9.946837135076479208e-02,6.564805604874554557e-02,4.603824381615953532e-02,4.042318099545217924e-01,1.273286309303470198e-01,2.572848878994611899e-01
9.813116161986767949e-02,3.543924061593087954e-02,1.444371405803912545e-01,2.944027211870642313e-01,1.366662739797511461e-01,2.909234620169946495e-01
1.066683561286195930e-01,3.620852704657918919e-02,1.700731282380019416e-01,3.037194941201813436e-01,1.974824457130686384e-01,1.858480487535492387e-01
3.350738861769045340e-02,8.314440530532906867e-03,1.148702680037074209e-01,4.485604383743863610e-01,1.143982453303094976e-01,2.803492191433733516e-01
4.542021932160525410e-02,3.014043555978652283e-02,2.314378182064456835e-01,2.568874727665811375e-01,3.351175304963358581e-01,1.009965236492456342e-01
5.578903173440822455e-02,5.158955420920636331e-02,2.888768203415646371e-02,4.674043084670000958e-01,7.739712117599094332e-02,3.189323023792378642e-01
3.806303455313879511e-03,2.811147243149695815e-02,1.051634446334078488e-01,4.237852959897470684e-01,2.605476189410290133e-01,1.785858645490052687e-01
8.348226120139752571e-02,1.908954536603292909e-02,2.717568549698115565e-01,2.378828890141740371e-01,1.716799826403862528e-01,2.161084668081975357e-01
1.138906218227980355e-01,1.081410320302262085e-01,2.193878724185654439e-01,1.151903160960793121e-01,2.523422994167495714e-01,1.910478582155815674e-01
4.295166533497738609e-02,5.683745679475854518e-02,3.705170350315716704e-02,5.325825643343602422e-01,9.763082534296760318e-02,2.329457846897791395e-01
1.274470850955343737e-01,6.839968345275206085e-02,2.538888609818802933e-01,1.329344555292559793e-01,3.266290641016674212e-01,9.070085083890976063e-02
7.329522610796970761e-02,2.690180907951877573e-02,6.753836613297212188e-02,5.464710520313483810e-01,7.071598570459775024e-02,2.150775609435932045e-01
6.001110324076060210e-02,6.940016324221093269e-02,8.694920936840046244e-02,4.280140071246943401e-01,1.402613507799034820e-01,2.153641662440302085e-01
5.258229186137075573e-02,9.948242068706523999e-02,1.109518769531874643e-01,2.201964266030111417e-01,2.884392232558044555e-01,2.283477606395609705e-01
8.730836718435566746e-02,2.060648476797642681e-02,2.962118888498617708e-01,1.170028734522309960e-01,2.884846386018624087e-01,1.903857471437125914e-01
3.120920580559657584e-02,1.953586320525320039e-02,9.227950327906687955e-02,4.568476197245965875e-01,1.362182173291046627e-01,2.639095906563820315e-01
1.240354034482803181e-01,5.054901238328288887e-02,1.723584040543554574e-01,2.502638058351386308e-01,2.253534376931335126e-01,1.774399365858092270e-01
8.842641616802975058e-02,5.092222535088715418e-02,1.144459482917243032e-01,4.274374035113580050e-01,5.600398999022734164e-02,2.627640166877735495e-01
2.228436318726369214e-02,1.495561970848127697e-02,9.322487490511469077e-02,4.740911817074273671e-01,1.744113393416788782e-01,2.210326211500341642e-01
5.447255965190302140e-02,7.928070517882779278e-02,8.097809419421787835e-02,3.106238829847279281e-01,1.612487605981450800e-01,3.133959973921783271e-01
3.710309632676901670e-02,1.859440323888562202e-02,9.568281601996546371e-02,4.448473185491598758e-01,2.092080085594583139e-01,1.945643573057618259e-01
4.295166533497738609e-02,5.683745679475854518e-02,3.705170350315716704e-02,5.325825643343602422e-01,9.763082534296760318e-02,2.329457846897791395e-01
4.174143584411212082e-02,1.815309535581718231e-02,6.403717059844349357e-02,4.446200738377972805e-01,1.934038612955124858e-01,2.380443630683174716e-01
5.005251136910884163e-02,4.728702041439267201e-02,3.295901220616861277e-02,3.636397594143684353e-01,1.607523800675281500e-01,3.453093165284332744e-01
8.593667169195280675e-02,5.666724402784831943e-02,3.139171290529354508e-01,1.095602594699207344e-01,3.290027795802983324e-01,1.049159161770443771e-01
1.214430950767213663e-01,5.424384173509183560e-02,1.954756058266019503e-01,2.447528360795991065e-01,1.921756424928612039e-01,1.919089787891245791e-01
8.737791824400137353e-02,4.254407846213944383e-02,1.334317319359408505e-01,2.829259821989545953e-01,6.656562537599951257e-02,3.871546637829641480e-01
3.349465706874314025e-02,2.093501104650322825e-02,1.102155769347010345e-01,4.841210693764773088e-01,8.642282682815019546e-02,2.648108587454250928e-01
1.647400298499372001e-02,7.235819795324760495e-02,1.168599131246168682e-01,2.823220242056141416e-01,2.292590445074232097e-01,2.827268172241045874e-01
1.233971074883329494e-01,7.367796577720840678e-02,1.965940649958136666e-01,1.949122066923446306e-01,2.933065324000025398e-01,1.181121226462978763e-01
8.463680493539471605e-02,5.218729355765377304e-02,2.494759156330246808e-01,2.543302299273575429e-01,2.127475510966489458e-01,1.466222048499203900e-01
1.175292784439256194e-01,6.647581968412558107e-02,1.934216963583720306e-01,2.696648508624770457e-01,1.554996338259082289e-01,1.974087208251915637e-01
1.805917651334851548e-01,1.000688664028252794e-01,3.006829585877419664e-01,3.607878684288709503e-02,3.134903467932007581e-01,6.908727623985984334e-02
7.945754562996150405e-02,4.751184610379412254e-02,2.368015369131878101e-01,2.712312851667549873e-01,2.029103589850588252e-01,1.620874272012428063e-01
5.022760413947528063e-02,5.516690722937746955e-02,1.774630579533725550e-01,3.415506846544520414e-01,1.887753214177781136e-01,1.868164246055444566e-01
2.726999999999999980e-01,2.172000000000000042e-01,2.172000000000000042e-01,0.000000000000000000e+00,2.172000000000000042e-01,7.580000000000000626e-02
1.626905610127878377e-01,5.196704991367498416e-02,2.392803878346035640e-01,2.006360859833804799e-01,1.601793493753962960e-01,1.852465658801568937e-01
0.000000000000000000e+00,0.000000000000000000e+00,0.000000000000000000e+00,1.000000000000000000e+00,0.000000000000000000e+00,0.000000000000000000e+00
9.763468261386958058e-02,6.621719043703702678e-02,1.205577836934944580e-01,2.939057604836731175e-01,1.368878313566213867e-01,2.847967514153044166e-01
3.870208426012439196e-02,2.090235052795159226e-02,1.451796796434782766e-01,3.936942360429099286e-01,1.468352004396962507e-01,2.546864490858395946e-01
5.812229139545926210e-02,3.324763860107089047e-02,1.675041351564974246e-01,4.336548800525537040e-01,2.081283423606016814e-01,9.934271243381706529e-02
4.649999999999999967e-02,0.000000000000000000e+00,3.952999999999999847e-01,0.000000000000000000e+00,5.000000000000000000e-01,5.809999999999999887e-02
1.194494870077809495e-01,6.189565640205197533e-02,1.555860830867186184e-01,2.219379030174168099e-01,1.233766632633904181e-01,3.177542072226413605e-01
2.288549034644018348e-02,1.793097831246179621e-02,2.450637472779700621e-01,2.569895563756064982e-01,3.002694659416714762e-01,1.568607617458498971e-01
5.457749924028298255e-02,1.413396806380726872e-02,1.250913673857232955e-01,3.102079165262939808e-01,3.478716676468184277e-01,1.481175811370741280e-01
6.157393881711015898e-02,1.792842687430941731e-02,6.692357135568480220e-02,4.934302838306852679e-01,1.237054327869224202e-01,2.364383463352879300e-01
1.703872665875728887e-01,9.732208137404958770e-02,2.262078905612545376e-01,1.575207097526469535e-01,1.714739735917410468e-01,1.770880781327349440e-01
1.028654526039085720e-01,3.673233583105738054e-02,3.068406710001393423e-01,2.471780395650969020e-01,1.031797350293881810e-01,2.032037659704094279e-01
1.600329620603275771e-01,7.880024367407786889e-02,1.033981448477129805e-01,2.711610682400995009e-01,1.710433450176817027e-01,2.155642361601003421e-01
4.990071328529704919e-02,4.516848405672699990e-02,2.061926138774417550e-01,2.120181565003874113e-01,2.855070123847974206e-01,2.012130198953493154e-01
1.580960828129545082e-01,5.946128474453517970e-02,9.113038684360549868e-02,1.936338910077441688e-01,1.713815787515468592e-01,3.262967758396137508e-01
0.000000000000000000e+00,1.474000000000000032e-01,0.000000000000000000e+00,6.320000000000000617e-02,0.000000000000000000e+00,7.894999999999999796e-01
0.000000000000000000e+00,0.000000000000000000e+00,4.291518826408100701e-02,5.976617994867555739e-01,6.921284122289755869e-02,2.902101710262658951e-01
2.087652864227875632e-02,1.048729689382298519e-01,2.623480128386729629e-02,2.983432072560875947e-01,1.669685772226163142e-02,5.329756361572749457e-01
1.785086143226030930e-01,9.091199464801182073e-02,2.597406851473573752e-01,1.217799282043408177e-01,2.862653220081305405e-01,6.279345566955636671e-02
3.915138139123217065e-02,1.240025958654684436e-02,1.087710019068883205e-01,3.998257387203345559e-01,7.679062171741485310e-02,3.630609966775831809e-01
2.145473787128164556e-01,7.529513036408674864e-02,2.734978011707460133e-01,1.059615347240804167e-01,2.125643037555920434e-01,1.181338512726782947e-01
6.569121989688635199e-02,3.613426180015272271e-02,3.576339181088307451e-02,4.687919022558632021e-01,1.312605913416727277e-01,2.623586328945420321e-01
4.721948311599202808e-02,5.320855608820460741e-02,2.720312128758684556e-01,2.670036409231614227e-01,1.585988972732193802e-01,2.019382097235539741e-01
8.992180393048329612e-02,4.744579708890762221e-02,1.728923979725414950e-01,3.360374947429217163e-01,1.507286493096035851e-01,2.029738569555422090e-01
4.905717890228190881e-02,4.186116971632340700e-03,1.377323164514138720e-01,4.034117992238688832e-01,7.235078964753662023e-02,3.332617988032664513e-01
1.414997960449235204e-01,7.763128140344413564e-02,9.107049946182045608e-02,3.719329118943815460e-01,1.284472054161376886e-01,1.894183057792926117e-01
7.815648142560056855e-02,3.577039086110501975e-02,1.975985540464904044e-01,3.356221445717458285e-01,2.035085738668302446e-01,1.493438552282279064e-01
6.349383242630282642e-02,4.685953997683639516e-02,8.127385835081445131e-02,3.836740433636048886e-01,1.386518979968085208e-01,2.860468278856330149e-01
4.036440014427967321e-02,2.018876964901070159e-02,2.231733984093581258e-01,3.354349158045893398e-01,2.118745698539464817e-01,1.689639461388155461e-01
9.296174546121910298e-02,3.242111292127038830e-02,1.332754372541558596e-01,2.720498277573031309e-01,1.831376702688168601e-01,2.861542063372347622e-01
9.044206330233374447e-02,4.772030359913624620e-02,1.738926991946616873e-01,3.332374393839471760e-01,1.516007180291135403e-01,2.031067764908077167e-01
7.116201617815946789e-02,7.646880962275617866e-02,1.128549354176150293e-01,3.697213637393254593e-01,1.754191973676515748e-01,1.943736776744921513e-01
6.135544774064383144e-02,6.887359793774597283e-02,7.526151990918213130e-02,4.600859424286939947e-01,8.671681384505469659e-02,2.477066781386794148e-01
5.578007091304315601e-02,3.265382829147195354e-02,2.613585464597978913e-01,1.930434286473070860e-01,3.113731795964419513e-01,1.457909460919378786e-01
9.946837135076479208e-02,6.564805604874554557e-02,4.603824381615953532e-02,4.042318099545217924e-01,1.273286309303470198e-01,2.572848878994611899e-01
4.140128046106650306e-02,5.576357630422510737e-03,7.870427148532427308e-02,3.988841585075169061e-01,1.575556254859351024e-01,3.178783064297346361e-01
1.004192601593849044e-01,6.387158925066728499e-02,1.835817223508459106e-01,1.136510415129967089e-01,3.383846868748243142e-01,2.000916998512807521e-01
8.494455080786206258e-02,1.945571142270779985e-02,2.063792730720651059e-01,2.706573601700867360e-01,2.413867123186586028e-01,1.771763922086196930e-01
1.460746808313176659e-01,2.706435985693742344e-02,3.162281928881496285e-01,1.641497309563388074e-01,1.831377028626820225e-01,1.633453326045745391e-01
1.428302391862450171e-01,2.735301817037177896e-02,3.486238309217625231e-01,1.573050783411533704e-01,1.498898113931472764e-01,1.739980219873200618e-01
1.181850589867285556e-01,3.085729073279837309e-02,2.826287388520836164e-01,1.147845479503172422e-01,2.766336024559356010e-01,1.769107610221366256e-01
1.436532495957510702e-01,5.204700434481575322e-02,1.140665035031931118e-01,2.144360401924128579e-01,2.595657092805445654e-01,2.162314930832827387e-01
8.450479022271932539e-02,8.378462971059207065e-02,1.898768987281591047e-01,1.315557155948321455e-01,3.030222307766576306e-01,2.072557349670398064e-01
7.492522073883692291e-02,1.713293872368540360e-02,3.543491216605992172e-02,5.023745379577684300e-01,9.349954418176953386e-02,2.766328462318797810e-01
1.318879047879647215e-01,2.781943051735704525e-02,3.234990209855849730e-01,1.592199642523629555e-01,2.080775940386858369e-01,1.494960854180445164e-01
3.381366233677995242e-02,8.844472356511445810e-02,1.060287712430427881e-01,1.344059843606414673e-01,3.455047296902166165e-01,2.918021288042046968e-01
8.194824695914496027e-02,3.147309254010578067e-02,1.259188072628257549e-01,4.176731624921208863e-01,1.014314634005548527e-01,2.415552273452477305e-01
6.575232770658544224e-02,3.342884516106586074e-02,2.069437060166773312e-01,3.247827034871036966e-01,2.378011381886863951e-01,1.312912794398812533e-01
8.946798254083893065e-02,6.298864630480416338e-02,2.830179875398346478e-01,2.026403797482463354e-01,2.411997165341440708e-01,1.206852873321319630e-01
1.378028927401105108e-01,2.917197568918105180e-02,3.066776549782810890e-01,1.652799907495537679e-01,2.080478247469809971e-01,1.530196610958925452e-01
3.001269074216407831e-02,6.336903969180986140e-02,7.430102189162353377e-02,4.199183245800517938e-01,1.700127872312367228e-01,2.423861358631138885e-01
1.159036821437841314e-01,8.384884647554244341e-02,7.836908242267677516e-02,3.542347431808710034e-01,1.058979592819672966e-01,2.617456864951583362e-01
1.181641156887600214e-01,4.623876430364531886e-02,1.449516972612828192e-01,2.701241626516324712e-01,2.641392422451256383e-01,1.563820178495537450e-01
6.107550038442285251e-02,1.155795005174822948e-01,9.497777527328753189e-02,2.405736241268308373e-01,2.834608240179042338e-01,2.043327756800721595e-01
4.564878039975784479e-02,1.088337167258243178e-02,6.231436481776159858e-02,3.981702618289780782e-01,1.065686150766297496e-01,3.764146062042902918e-01
5.473413872651647361e-02,3.236874648043097658e-02,1.877676377601910085e-01,3.122530567429033233e-01,1.397295953330765228e-01,2.731468249568817508e-01
7.619781234103470413e-02,8.182588695384962474e-02,8.403538487201694940e-02,2.873121798315040332e-01,1.261276379820441829e-01,3.445010980195505335e-01
9.648487258765357788e-02,6.415569846834037748e-02,2.078139522539787787e-01,2.855553563159395902e-01,1.505524891215456740e-01,1.954376312525419879e-01
9.096356302420181839e-02,1.971032310779589555e-02,1.327574825297483108e-01,3.640918966120649802e-01,1.524847965340990485e-01,2.399919381920899708e-01
1.214430950767213663e-01,5.424384173509183560e-02,1.954756058266019503e-01,2.447528360795991065e-01,1.921756424928612039e-01,1.919089787891245791e-01
