5.260938647178923372e-02,6.937601678329266552e-02,3.027214889535118636e-01,3.588855790193877793e-01,1.337467428174570205e-01,8.266078595456147204e-02
1.471331939853031123e-01,2.356635797224567938e-02,4.658178740361422765e-01,0.000000000000000000e+00,2.481035973920554250e-01,1.153789766142536144e-01
2.699693094840664373e-02,0.000000000000000000e+00,3.915572459790888082e-01,3.348031936053910140e-01,7.709048246950790662e-02,1.695521469976056517e-01
2.328429836714478174e-01,0.000000000000000000e+00,2.668151707286349206e-01,3.135053218609599734e-01,1.107718661785283693e-01,7.606465756042884996e-02
7.681349738655857129e-02,3.178742966158750599e-02,3.543289210500005781e-01,1.187257266908341991e-01,2.812512635007358153e-01,1.370931617102832678e-01
2.653421780726024359e-02,6.666888896296543909e-02,2.566418880629354193e-01,3.166438881296042562e-01,5.013500450015000165e-02,2.833761125370845568e-01
1.475678404439753899e-01,5.706763877001500701e-02,5.070129857030567511e-01,0.000000000000000000e+00,2.409032945288545613e-01,4.744824055409820746e-02
5.661257582328049764e-02,2.956359001575872142e-02,2.764025760783694885e-01,4.976568376977455466e-01,8.804512842624236113e-02,5.171929195860319045e-02
2.711712576102354513e-02,1.420583095772213339e-02,3.474466904983405935e-01,3.625484991075181851e-01,5.123637832233594175e-02,1.974454753530596185e-01
9.692816568878159789e-02,2.370642509502729478e-02,4.679525204521506332e-01,2.554201332680688941e-01,8.674003600178173401e-02,6.925271949418977668e-02
4.216091648185572166e-02,1.655029216967468172e-02,3.180136168606986780e-01,4.577444537174162886e-01,4.838992332351794295e-02,1.171407974468367669e-01
2.649999999999999925e-02,4.420000000000000318e-02,2.477999999999999925e-01,2.649999999999999925e-02,5.574999999999999956e-01,9.729999999999999760e-02
6.322372021441848011e-02,8.154498667302999271e-02,3.218691823422410447e-01,0.000000000000000000e+00,4.639282462514636718e-01,6.943386451884674127e-02
3.348866870373468779e-02,1.998154927746187762e-02,2.826535185226101698e-01,4.009902746157315706e-03,5.127912837553846304e-01,1.470750769946513881e-01
1.310120695099257493e-01,7.233982507498616654e-02,3.108611517287028780e-01,3.087115175214133478e-01,1.369132085455786185e-01,4.016222761939319125e-02
1.203791129323289640e-02,0.000000000000000000e+00,2.407582258646579279e-02,5.618389424460814574e-01,2.246783881517994130e-01,1.773689355224205011e-01
8.068516555032310966e-02,0.000000000000000000e+00,3.386612617313420892e-01,3.147238991702989153e-01,1.952438994248472670e-01,7.068577412318854947e-02
4.023467448914964245e-02,0.000000000000000000e+00,2.840428014267141754e-01,2.912430414347144669e-01,3.058435281176039022e-01,7.863595453181773665e-02
2.324243646325327428e-01,0.000000000000000000e+00,2.681897463085058386e-01,3.126488642831192211e-01,1.108801664067852882e-01,7.585685836905696477e-02
5.728841002501591784e-02,0.000000000000000000e+00,4.153312620698602631e-01,3.135155656127375234e-01,2.006314320085759995e-01,1.323333028381018170e-02
1.758312241334156756e-01,1.347899443535904851e-01,2.882171974999747643e-01,9.616427678783158461e-02,1.952150722609760358e-01,1.097822849642115378e-01
6.863130778703244173e-02,2.288838878344051642e-02,2.420548689538702392e-01,4.390741307106749702e-01,6.368795754682191057e-02,1.636633462181600884e-01
2.653421780726024359e-02,0.000000000000000000e+00,2.566418880629354748e-01,5.955865195506516718e-01,5.013500450015000859e-02,7.110237007900263584e-02
9.320310677022568269e-02,2.320077335911197025e-02,3.870795693189773012e-01,2.722424080802693380e-01,1.052035067835594556e-01,1.190706356878562661e-01
1.168424603138369100e-01,0.000000000000000000e+00,4.596039276315478928e-01,1.234009295616844276e-01,1.299879174380510205e-01,1.701647650548797630e-01
9.320310677022568269e-02,2.320077335911197025e-02,3.870795693189773012e-01,2.722424080802693380e-01,1.052035067835594695e-01,1.190706356878562522e-01
1.090369678989299707e-01,5.446848228274275144e-02,3.276109203640121259e-01,2.722424080802693380e-01,1.755391846394879773e-01,6.110203673455781581e-02
2.584395907987579663e-02,0.000000000000000000e+00,2.499656293416629982e-01,3.118796555805996018e-01,4.883079705544370736e-02,3.634799589424180244e-01
1.055712074646080884e-01,6.243154368374488616e-02,1.875391557732393744e-01,7.648356071207772222e-02,5.263896753208988644e-01,4.158485704543114780e-02
5.480000000000000843e-02,2.846666666666667136e-02,5.272666666666667723e-01,3.213333333333333319e-02,1.954000000000000181e-01,1.619333333333333458e-01
2.653421780726024012e-02,0.000000000000000000e+00,2.566418880629354193e-01,4.277475915863861444e-01,5.013500450015000165e-02,2.389412980432681077e-01
6.633112229592347253e-02,4.086530448985034591e-02,2.175927469084364407e-01,7.989733675544150038e-02,5.438485383820540475e-01,5.146495116829440108e-02
1.473711659800155949e-01,5.852940952046335049e-02,3.405912035240218350e-01,1.020413491280631607e-01,2.664379413422834908e-01,8.502893050515242246e-02
1.287709590319677244e-01,7.110237007900263584e-02,3.055435181172705961e-01,2.366412213740457793e-01,1.345711523717457170e-01,1.233707790259675335e-01
1.609153603943660193e-01,5.372334646083972570e-02,4.962867365043572843e-01,5.732914725596657823e-02,1.696460494356290538e-01,6.209935994884122762e-02
8.068516555032310966e-02,0.000000000000000000e+00,3.386612617313420892e-01,3.147238991702989153e-01,1.952438994248472670e-01,7.068577412318854947e-02
1.337171719563088335e-01,9.113584289193285559e-02,4.956250547503336656e-02,3.635154089645623587e-01,2.032564319782829698e-01,1.588126387338795464e-01
2.704990499407489840e-02,6.796458541224847938e-02,2.616296715444505483e-01,3.889699114740255981e-01,5.110936823001085288e-02,2.032765583451897340e-01
9.320310677022568269e-02,2.320077335911197025e-02,3.870795693189773012e-01,2.722424080802693380e-01,1.052035067835594695e-01,1.190706356878562522e-01
5.318228808508443373e-02,0.000000000000000000e+00,4.242689244359610923e-01,3.074124089793274228e-01,7.435325644099984033e-02,1.407831220586272525e-01
5.265609358180615290e-02,6.925599736265543316e-02,3.035298336531572216e-01,3.582647125980203962e-01,1.337755787126862494e-01,8.251778409167455364e-02
2.747327213991123188e-02,0.000000000000000000e+00,2.719129539081926450e-01,5.736575013470082141e-01,7.044184067994853360e-02,5.651443192493927486e-02
1.738501472295563566e-01,4.466301885100618096e-02,3.954153085217196328e-01,7.259869807131516528e-02,2.297688414319692674e-01,8.370398589443356352e-02
2.642978136860001798e-02,0.000000000000000000e+00,2.556317672824767739e-01,6.007300468356205903e-01,4.993767735976686190e-02,6.727072715353570043e-02
1.448227950410483633e-01,1.055215108319681322e-01,3.690491210923732557e-01,1.044571949158624863e-01,2.191727263464591513e-01,5.697665177228863204e-02
4.321416919820048747e-02,5.730016263121542885e-03,4.179424118550273959e-01,1.611326281886466261e-01,2.003932179566969007e-01,1.715875565383071510e-01
8.068330206401802540e-02,0.000000000000000000e+00,3.394074067552863561e-01,3.141794495903293960e-01,1.951663487433458744e-01,7.056349284702029268e-02
6.147888070566803059e-02,5.730391522968634153e-03,2.786475628984342312e-01,3.589662240936521975e-01,1.377485695173408242e-01,1.574283712619359565e-01
2.653421780726024359e-02,0.000000000000000000e+00,2.566418880629354193e-01,4.277475915863861444e-01,5.013500450015000165e-02,2.389412980432681355e-01
3.733559416781136175e-02,0.000000000000000000e+00,6.106984075536938672e-01,4.622305509819985697e-02,1.807365755108755190e-01,1.250063676694193882e-01
3.756211805658982855e-02,2.084885533623275205e-03,4.226507296522200030e-01,2.290010948579789540e-01,2.150508160255352186e-01,9.365035587405273754e-02
2.324243646325327428e-01,0.000000000000000000e+00,2.681897463085058386e-01,3.126488642831192211e-01,1.108801664067852882e-01,7.585685836905696477e-02
3.663455448514950363e-02,2.033401113370446062e-03,4.338477949264976097e-01,2.597419913997133234e-01,2.097403246774892371e-01,5.800193339777991869e-02
2.772815145623725580e-02,0.000000000000000000e+00,2.681897463085058386e-01,6.384944758340511672e-01,5.239087913339300628e-02,1.319674726781274593e-02
2.653421780726024359e-02,0.000000000000000000e+00,2.670755691856395719e-01,4.358478615953865209e-01,5.360178672622421120e-02,2.169405646854895287e-01
5.728841002501591784e-02,0.000000000000000000e+00,4.153312620698602631e-01,3.135155656127375234e-01,2.006314320085759995e-01,1.323333028381018170e-02
9.320310677022568269e-02,2.320077335911197025e-02,3.870795693189773012e-01,2.722424080802693380e-01,1.052035067835594695e-01,1.190706356878562522e-01
2.324243646325327428e-01,0.000000000000000000e+00,2.681897463085058386e-01,3.126488642831192211e-01,1.108801664067852882e-01,7.585685836905696477e-02
4.711366428634441994e-02,7.534160689637366126e-02,2.937313081424617334e-01,3.421881820856014222e-01,1.124227357264807464e-01,1.292025028627379890e-01
2.389791933309659278e-01,0.000000000000000000e+00,2.466663404871813903e-01,9.447059012133338443e-03,2.318941981643983796e-01,2.730132090053209448e-01
2.711804958459261214e-02,6.813580297636334659e-02,2.622887735575106793e-01,3.875326221649076364e-01,5.123812383822522881e-02,2.036866278784005002e-01
4.023467448914964245e-02,0.000000000000000000e+00,2.840428014267142309e-01,2.912430414347145224e-01,3.058435281176039577e-01,7.863595453181773665e-02
3.496783226107536696e-02,0.000000000000000000e+00,3.157105236841228346e-01,3.060102003400113624e-01,2.822094069802326688e-01,6.110203673455781581e-02
2.653421780726024359e-02,0.000000000000000000e+00,3.033101103370112739e-01,4.722490749691655720e-01,5.013500450015000859e-02,1.477715923864128811e-01
9.320310677022568269e-02,2.320077335911197372e-02,3.870795693189773568e-01,2.722424080802693935e-01,1.052035067835594695e-01,1.190706356878562938e-01
0.000000000000000000e+00,0.000000000000000000e+00,4.328000000000000180e-01,5.672000000000000375e-01,0.000000000000000000e+00,0.000000000000000000e+00
6.256875229174305164e-02,1.801726724224140819e-01,2.566418880629354748e-01,2.892763092103069478e-01,5.013500450015000859e-02,1.612053735124504006e-01
2.738382775441526237e-02,0.000000000000000000e+00,2.648594093985466302e-01,5.856915001130649223e-01,5.174029766663386376e-02,7.032496506733934560e-02
6.140559730215645884e-02,0.000000000000000000e+00,2.789880709451119656e-01,3.737380443087701676e-01,1.375384169342708518e-01,1.483298705096907089e-01
2.699601535850398512e-02,0.000000000000000000e+00,2.611084450315604988e-01,4.486092101769773022e-01,5.100754660702259968e-02,2.122787828259355414e-01
1.289912081158398616e-01,6.897757597062666168e-02,2.468791145566194278e-01,3.291995993846396074e-01,1.379214598902437361e-01,8.803104208203076098e-02
2.593725232582466331e-02,0.000000000000000000e+00,4.435712241351592033e-01,2.906052284726984292e-01,4.900706972115614207e-02,1.908792253451616627e-01
2.758603401740400418e-02,0.000000000000000000e+00,3.096505513393403852e-01,4.152842773166025014e-01,1.271087771665929955e-01,1.203703601600600859e-01
2.653421780726024359e-02,0.000000000000000000e+00,2.566418880629354193e-01,4.277475915863861444e-01,5.013500450015000165e-02,2.389412980432681355e-01
2.653421780726024012e-02,0.000000000000000000e+00,3.033101103370112184e-01,4.722490749691655720e-01,5.013500450015000165e-02,1.477715923864128533e-01
0.000000000000000000e+00,7.051081001943657750e-03,1.658373177398884402e-01,4.642477900377703359e-01,1.974262790804061085e-01,1.654375321399914056e-01
9.058280357764768309e-02,3.798305503817498568e-02,2.125016275617896966e-01,3.058245665739940389e-01,2.349184127227126606e-01,1.181895345256809976e-01
7.920000000000002038e-02,4.546666666666667606e-02,3.894000000000000239e-01,1.060666666666666841e-01,1.843333333333333768e-01,1.955333333333333923e-01
2.324243646325327428e-01,0.000000000000000000e+00,2.681897463085058386e-01,3.126488642831192211e-01,1.108801664067852882e-01,7.585685836905696477e-02
8.066893733094737673e-02,0.000000000000000000e+00,3.451590852471865256e-01,3.099825457197105116e-01,1.945685472804802307e-01,6.962088442167548019e-02
1.174491189756966814e-01,3.527271424333252442e-02,4.336230040461536150e-01,0.000000000000000000e+00,2.912813781650903655e-01,1.223737845697268345e-01
1.341554132028865143e-01,1.013765602571259639e-01,3.555972092855823052e-01,1.332016572738250748e-01,2.244297149361771937e-01,5.123944504440290648e-02
9.957495026018833850e-02,3.620018643294150434e-02,5.855241675967226556e-02,1.456722238297724348e-01,1.288674503530906068e-01,5.311327723643347598e-01
4.512830711305701459e-02,0.000000000000000000e+00,3.466859541311252957e-01,4.610715403445687088e-01,7.448321159654616719e-02,7.263098681470271656e-02
2.318747555382862924e-01,0.000000000000000000e+00,2.699944402406880828e-01,3.115244126221592968e-01,1.110223548521871439e-01,7.558403674667918404e-02
9.320310677022568269e-02,2.320077335911197025e-02,3.870795693189773012e-01,2.722424080802693380e-01,1.052035067835594556e-01,1.190706356878562661e-01
8.067806333326368873e-02,0.000000000000000000e+00,3.415050089074654904e-01,3.126488642831191656e-01,1.949483341869256980e-01,7.021972928922581847e-02
3.428004959900098764e-02,0.000000000000000000e+00,3.370153249149033803e-01,2.406727452854393323e-01,2.903113957534843026e-01,9.772048444717194859e-02
2.653421780726024359e-02,0.000000000000000000e+00,2.566418880629354193e-01,5.624854161805393771e-01,5.013500450015000859e-02,1.042034734491149861e-01
9.150436451215628042e-02,2.596200924377147987e-02,3.015776638630081052e-01,2.713323288162745595e-01,1.487611261399901796e-01,1.608625074247993503e-01
0.000000000000000000e+00,0.000000000000000000e+00,0.000000000000000000e+00,8.348863359202945977e-01,0.000000000000000000e+00,1.651136640797054300e-01
2.606514132419561480e-02,0.000000000000000000e+00,3.288004166400980699e-01,3.824728920609416494e-01,8.759645332519873373e-02,1.750650966495659877e-01
9.810760550882688391e-02,1.339130945846761164e-02,2.638725569984269950e-02,1.828239015591861805e-01,4.550057524099495043e-01,2.242841753637272173e-01
2.324243646325327428e-01,0.000000000000000000e+00,2.681897463085058386e-01,3.126488642831192211e-01,1.108801664067852882e-01,7.585685836905696477e-02
2.747327213991123535e-02,0.000000000000000000e+00,2.791819016992335700e-01,4.218281729368440480e-01,1.147103875875487150e-01,1.568062656364624941e-01
2.704990499407489146e-02,0.000000000000000000e+00,2.722661291614673629e-01,4.843921893928224143e-01,5.464352667144776327e-02,1.616482497801874918e-01
2.441199422854911927e-01,3.209231694739311108e-02,2.316419613388468746e-01,2.925285089149157747e-01,8.564257281805946753e-02,1.139746976952934615e-01
9.320310677022568269e-02,2.320077335911196678e-02,3.870795693189772457e-01,2.722424080802693380e-01,1.052035067835594556e-01,1.190706356878562661e-01
2.699514681105867620e-02,0.000000000000000000e+00,2.965548798832124966e-01,7.460970224161945878e-03,5.704684976695801879e-01,9.852050541198664746e-02
2.720697718356181877e-02,0.000000000000000000e+00,2.869769577678144001e-01,3.947716105102846429e-01,8.884121137332981477e-02,2.022032431650093165e-01
2.331724835900381987e-01,0.000000000000000000e+00,2.657332262885598873e-01,3.141794495903293960e-01,1.106866218081661302e-01,7.622821872290638789e-02
4.886881892695742191e-02,0.000000000000000000e+00,5.345604774631414202e-02,3.922750400436738616e-01,3.396653220406747331e-01,1.657347712423797303e-01
2.339107655345133013e-02,0.000000000000000000e+00,5.181403910299000604e-01,0.000000000000000000e+00,3.744968227114494064e-01,8.397170970519914068e-02
1.370000000000000037e-02,0.000000000000000000e+00,7.406666666666668342e-02,4.912333333333334107e-01,2.557000000000000384e-01,1.653000000000000302e-01
1.369999999999999864e-02,0.000000000000000000e+00,2.739999999999999727e-02,5.534666666666666623e-01,2.557000000000000384e-01,1.497333333333333572e-01
2.324243646325327428e-01,0.000000000000000000e+00,2.681897463085058386e-01,3.126488642831192211e-01,1.108801664067852882e-01,7.585685836905696477e-02
6.456660745680571634e-02,0.000000000000000000e+00,3.556952245036806848e-01,2.878054655100776293e-01,2.713995194417644363e-01,2.053318308767166853e-02
6.284646351570281897e-02,0.000000000000000000e+00,3.174154281029414881e-01,1.092170338138004904e-01,3.744046858570012626e-01,1.361163887105538706e-01
1.918333333333333279e-01,1.135000000000000037e-01,2.566333333333333244e-01,7.999999999999998779e-02,1.520666666666666833e-01,2.059666666666666868e-01
4.459768868898585786e-02,0.000000000000000000e+00,3.448096584797864517e-01,3.395398817938758418e-01,1.258909660939281361e-01,1.451618049434237612e-01
1.454485301923189380e-02,0.000000000000000000e+00,2.908970603846378761e-02,5.137025310729504968e-01,2.714685340888755571e-01,1.711943757804783028e-01
2.758603401740400418e-02,0.000000000000000000e+00,2.668151707286349206e-01,3.135053218609599734e-01,3.516432817865530192e-01,4.045019160644798550e-02
9.320310677022568269e-02,2.320077335911196678e-02,3.870795693189772457e-01,2.722424080802693380e-01,1.052035067835594556e-01,1.190706356878562661e-01
1.447192235219462719e-01,7.420534074864039431e-02,4.304823415489295590e-01,0.000000000000000000e+00,2.774643879002443025e-01,7.312870628023959707e-02
2.169351648787313791e-01,1.208946139772586609e-01,3.923241173064887510e-01,0.000000000000000000e+00,2.081190948315555511e-01,6.172700900596558155e-02
4.134566867252637001e-02,0.000000000000000000e+00,2.977543839792783364e-01,2.830250501179478184e-01,3.014578097599213136e-01,7.641708747032607829e-02
1.139333333333333448e-01,9.323333333333334860e-02,5.070000000000000201e-02,2.912333333333333996e-01,3.722666666666666901e-01,7.863333333333333286e-02
7.698462834486008433e-02,2.567420264485713657e-02,2.360811296456094555e-01,5.143972829342527975e-01,4.105593647794462953e-02,1.058068199524759279e-01
9.556621633823975115e-02,2.378901522582791556e-02,3.968937425320600565e-01,3.036258956558497424e-01,1.078708793860817666e-01,7.225425086194077473e-02
2.324243646325327428e-01,0.000000000000000000e+00,2.681897463085058386e-01,3.126488642831192211e-01,1.108801664067852882e-01,7.585685836905696477e-02
2.334385994675802212e-01,0.000000000000000000e+00,2.648594093985466302e-01,3.147238991702989153e-01,1.106177754165751370e-01,7.636031654699905469e-02
2.176291830859397244e-02,0.000000000000000000e+00,2.438311835939821481e-01,2.695317873774275563e-01,4.111988584940368119e-02,4.237542248705927217e-01
4.023467448914963551e-02,0.000000000000000000e+00,2.840428014267142309e-01,2.912430414347145224e-01,3.058435281176039022e-01,7.863595453181773665e-02
1.193994737703271691e-01,4.590671987646158247e-02,5.582003151117554962e-01,2.577964553916596568e-02,1.252136954919775003e-01,1.255001502103123834e-01
2.328429836714478174e-01,0.000000000000000000e+00,2.668151707286349206e-01,3.135053218609599734e-01,1.107718661785283693e-01,7.606465756042884996e-02
1.201119881336789319e-01,1.024092239500642466e-02,4.019307370081184883e-01,1.973908623465370493e-01,1.104857300939061787e-01,1.598397600227526860e-01
3.962687335687107432e-02,0.000000000000000000e+00,5.642098534039330371e-01,1.090584983685392167e-01,1.997396921996361097e-01,8.736508267102056913e-02
2.646756018786587672e-02,8.247104812849324895e-02,2.798697546766139577e-01,1.261157357344904750e-01,2.936741604855948040e-01,1.914017407869415821e-01
2.324243646325327428e-01,0.000000000000000000e+00,2.681897463085058386e-01,3.126488642831192211e-01,1.108801664067852882e-01,7.585685836905696477e-02
2.606424167984833229e-02,1.439285090186499805e-02,3.455634697886189044e-01,2.935620923725451026e-01,4.924700940514057518e-02,2.711703358519820251e-01
5.728841002501591784e-02,0.000000000000000000e+00,4.153312620698602631e-01,3.135155656127375234e-01,2.006314320085759995e-01,1.323333028381018170e-02
4.342928567448347404e-02,0.000000000000000000e+00,5.608968505876912314e-01,5.803744068673544199e-02,2.128668367632084446e-01,1.247695862878814704e-01
4.451548531169793183e-02,3.989886133099498217e-02,2.252690568530441584e-01,3.088195324478503201e-01,1.737151338121829813e-01,2.077819302442296956e-01
6.036860999365364217e-02,0.000000000000000000e+00,2.727986727905286624e-01,3.193649661727665512e-01,1.353167099899993397e-01,2.121510410530518809e-01
2.913430447681589208e-02,0.000000000000000000e+00,2.644421480716023787e-01,7.333577785926197364e-03,5.696856561885396131e-01,1.294043134771158676e-01
6.281999999999999806e-01,0.000000000000000000e+00,0.000000000000000000e+00,0.000000000000000000e+00,1.794999999999999929e-01,1.922999999999999987e-01
2.584395907987579663e-02,0.000000000000000000e+00,3.846293458577944580e-01,2.651603188509366604e-01,2.003274781360915580e-01,1.240388980753016485e-01
2.324243646325327428e-01,0.000000000000000000e+00,2.681897463085058386e-01,3.126488642831192211e-01,1.108801664067852882e-01,7.585685836905696477e-02
2.711804958459261561e-02,0.000000000000000000e+00,2.622887735575107349e-01,5.010809378250171697e-01,5.123812383822524269e-02,1.582741151946543412e-01
1.072515519929267414e-01,7.636065821549631316e-02,4.920655808538711429e-01,2.527943323566002667e-02,2.010478539384531194e-01,9.799492176359268780e-02
2.324243646325327428e-01,0.000000000000000000e+00,2.681897463085058386e-01,3.126488642831192211e-01,1.108801664067852882e-01,7.585685836905696477e-02
5.293160545322300042e-02,1.557605205056626363e-01,4.507615063118417670e-02,2.661741987349494631e-01,3.198484974106538536e-01,1.602090272643268698e-01
9.320310677022568269e-02,2.320077335911197025e-02,3.870795693189773012e-01,2.722424080802693380e-01,1.052035067835594695e-01,1.190706356878562522e-01
4.328871595063717159e-02,0.000000000000000000e+00,3.744814478111239686e-01,3.099725315379043833e-01,2.289354532368295392e-01,4.332185146350493038e-02
9.320310677022568269e-02,2.320077335911197025e-02,3.870795693189773012e-01,2.722424080802693380e-01,1.052035067835594556e-01,1.190706356878562661e-01
1.267708923630787854e-01,9.323644121470714419e-02,2.799426647554918435e-01,2.622420747358245041e-01,1.667055568518950592e-01,7.110237007900262196e-02
2.324243646325327428e-01,0.000000000000000000e+00,2.681897463085058386e-01,3.126488642831192211e-01,1.108801664067852882e-01,7.585685836905696477e-02
8.714810212134979639e-02,0.000000000000000000e+00,1.743307183425496509e-01,2.575887882398695261e-01,2.433312037796762639e-01,2.376011875165547904e-01
2.593725232582465637e-02,0.000000000000000000e+00,2.508679719303065769e-01,4.603883071713364972e-01,4.900706972115613513e-02,2.137993988513761101e-01
2.653421780726024359e-02,0.000000000000000000e+00,3.033101103370112739e-01,3.375112503750124504e-01,5.013500450015000859e-02,2.825094169805659750e-01
4.053468448948298331e-02,3.446781559385313221e-02,8.103603453448447735e-02,3.372112403746791998e-01,3.246774892496416265e-01,1.820727357578586225e-01
2.711804958459261214e-02,0.000000000000000000e+00,4.894194727792178790e-01,3.057696585932715982e-01,5.123812383822522881e-02,1.264546952046926298e-01
0.000000000000000000e+00,0.000000000000000000e+00,3.309999999999999748e-02,4.966999999999999749e-01,9.270000000000000462e-02,3.775000000000000022e-01
3.460293747420509908e-02,0.000000000000000000e+00,3.145594156607324221e-01,3.499164149917152189e-01,2.009335287408957893e-01,9.998770313245142205e-02
2.817059060926633760e-02,0.000000000000000000e+00,2.724690667094742946e-01,6.004195531215027470e-01,5.322684456826202309e-02,4.571394499149455948e-02
5.724041492023253241e-02,0.000000000000000000e+00,4.145686455003272930e-01,3.141897374442926827e-01,2.007394154061285518e-01,1.326178672901912742e-02
1.809534346585732131e-02,6.020313890731998803e-03,1.720089683066285402e-01,4.969652731974152360e-01,1.056135065402699080e-01,2.012965945990969896e-01
1.370045668188939712e-02,0.000000000000000000e+00,8.193606453548452073e-02,5.154838494616487132e-01,2.557085236174539422e-01,1.331711057035234735e-01
8.068670207550887596e-02,0.000000000000000000e+00,3.380460328356941213e-01,3.151728214348340495e-01,1.953078433212826481e-01,7.078660033268027729e-02
1.369999999999999864e-02,0.000000000000000000e+00,2.739999999999999727e-02,5.534666666666666623e-01,2.557000000000000384e-01,1.497333333333333572e-01
3.663333333333333719e-02,2.033333333333334041e-03,4.122000000000000663e-01,2.868333333333333846e-01,2.097333333333333549e-01,5.256666666666667820e-02
1.369999999999999864e-02,0.000000000000000000e+00,2.739999999999999727e-02,5.534666666666666623e-01,2.556999999999999829e-01,1.497333333333333294e-01
2.704990499407489840e-02,0.000000000000000000e+00,2.857548975956681891e-01,4.435536841384817297e-01,8.901128379254805156e-02,1.546302294792271936e-01
2.653421780726024359e-02,0.000000000000000000e+00,2.566418880629354193e-01,4.277475915863861444e-01,5.013500450015000165e-02,2.389412980432681355e-01
1.211442662699490497e-01,9.954401921949032617e-03,4.992338584290970105e-01,1.294749420052146438e-01,1.493501492085206883e-01,9.084238216526958898e-02
7.102041766395975064e-02,8.709227574688107806e-03,3.236348391032871641e-01,3.132050855498164643e-01,1.806191488990716298e-01,1.028112812091768330e-01
2.758603401740400418e-02,0.000000000000000000e+00,2.668151707286349206e-01,5.631986694025394868e-01,5.212235573137640604e-02,9.027777012004506441e-02
1.766563145999495293e-02,0.000000000000000000e+00,5.295674521757577635e-02,5.989808830653408078e-01,6.174941178516416690e-02,2.686473284719243515e-01
1.187892412931189356e-01,2.602701664062211789e-02,3.896980052423177909e-01,1.196144542574266029e-01,2.305828396552508930e-01,1.152884429112636944e-01
1.440599890948273121e-01,1.049438044180211332e-01,3.681931841220610901e-01,1.062147235113469756e-01,2.186529951202815514e-01,5.793530373346198609e-02
2.653421780726024359e-02,0.000000000000000000e+00,2.566418880629354193e-01,4.277475915863861444e-01,5.013500450015000165e-02,2.389412980432681355e-01
2.600831074453598471e-02,0.000000000000000000e+00,2.515552568117870869e-01,5.176502592320318952e-01,4.914133085399763345e-02,1.556448423576474449e-01
1.230641618076642185e-01,0.000000000000000000e+00,3.645331808323158951e-01,1.801422124729540886e-01,2.112130245802029682e-01,1.210474203068628435e-01
7.927910196322486558e-02,0.000000000000000000e+00,3.809808401221300156e-01,2.034875529535476180e-01,1.917697028505018775e-01,1.444828021105956928e-01
2.747507137287848178e-02,0.000000000000000000e+00,4.251453297311251767e-01,3.400256627015669220e-01,1.251636036269281604e-01,8.219033256750124528e-02
2.653421780726024359e-02,0.000000000000000000e+00,2.566418880629354748e-01,4.120804026800893305e-01,5.013500450015000859e-02,2.546084869495650049e-01
2.705077166868494545e-02,0.000000000000000000e+00,4.176079920020009384e-01,3.651132481688879605e-01,1.227841263593307114e-01,6.744386180109550322e-02
2.711804958459261214e-02,0.000000000000000000e+00,5.499483278202378367e-01,1.623361131130633128e-01,5.123812383822522881e-02,2.093593856438809853e-01
1.114115289495009598e-01,7.154009939919479810e-02,3.411441873994602858e-01,2.651603188509366604e-01,1.217736435016815721e-01,8.897022189922576541e-02
1.440599890948273121e-01,1.049438044180211332e-01,3.681931841220610901e-01,1.062147235113469756e-01,2.186529951202815514e-01,5.793530373346198609e-02
3.460293747420509908e-02,0.000000000000000000e+00,3.145594156607324221e-01,3.499164149917152189e-01,2.009335287408957893e-01,9.998770313245142205e-02
2.324243646325327428e-01,0.000000000000000000e+00,2.681897463085058386e-01,3.126488642831192211e-01,1.108801664067852882e-01,7.585685836905696477e-02
1.287709590319677244e-01,7.110237007900263584e-02,3.055435181172705406e-01,2.366412213740458070e-01,1.345711523717457170e-01,1.233707790259675474e-01
2.614665965929732078e-02,8.072710044266916130e-02,2.528933828102136738e-01,3.284756238605190948e-01,2.512033308553028865e-01,6.055390237199790443e-02
4.310806828441596239e-02,0.000000000000000000e+00,3.725142993092127042e-01,3.115142985722493263e-01,2.293260045599807284e-01,4.353732927414136200e-02
1.369999999999999864e-02,0.000000000000000000e+00,7.406666666666666954e-02,4.912333333333332996e-01,2.557000000000000384e-01,1.653000000000000025e-01
2.318747555382862924e-01,0.000000000000000000e+00,2.699944402406880828e-01,3.115244126221592968e-01,1.110223548521871439e-01,7.558403674667918404e-02
2.311211223665588232e-01,0.000000000000000000e+00,2.724690667094742946e-01,3.099825457197104561e-01,1.112173260239035372e-01,7.520993918035288883e-02
4.413480449348311518e-02,3.446781559385312527e-02,1.359045301510050374e-01,3.446781559385312943e-01,1.425714190473015841e-01,2.982432747758257952e-01
1.307750963618273532e-01,1.692896927242747707e-01,4.847201997024647158e-02,1.048233617671726486e-01,3.991649077952338365e-01,1.474749213812448778e-01
4.023467448914964245e-02,0.000000000000000000e+00,2.840428014267142309e-01,2.912430414347145224e-01,3.058435281176039022e-01,7.863595453181773665e-02
1.440599890948273121e-01,1.049438044180211332e-01,3.681931841220610901e-01,1.062147235113469756e-01,2.186529951202815514e-01,5.793530373346198609e-02
6.284646351570281897e-02,0.000000000000000000e+00,3.174154281029414881e-01,1.092170338138004904e-01,3.744046858570012626e-01,1.361163887105538706e-01
2.747417172693774473e-02,0.000000000000000000e+00,2.657332262885598873e-01,6.416202516646695164e-01,5.191099783582207167e-02,1.326135248401077646e-02
5.734938625080047980e-02,0.000000000000000000e+00,4.163001417158310735e-01,3.126590521411244383e-01,2.004942426002008782e-01,1.319717729204329497e-02
2.318747555382862924e-01,0.000000000000000000e+00,2.699944402406880828e-01,3.115244126221592968e-01,1.110223548521871439e-01,7.558403674667918404e-02
2.311211223665588232e-01,0.000000000000000000e+00,2.724690667094742946e-01,3.099825457197104561e-01,1.112173260239035372e-01,7.520993918035288883e-02
2.720697718356182224e-02,0.000000000000000000e+00,2.631488911259327601e-01,5.853328552877238300e-01,5.140614784431781631e-02,7.290512855846401075e-02
2.747507137287848178e-02,0.000000000000000000e+00,4.251453297311251767e-01,3.400256627015669220e-01,1.251636036269281604e-01,8.219033256750124528e-02
1.267708923630787576e-01,9.323644121470714419e-02,2.799426647554917880e-01,2.722424080802692825e-01,1.667055568518950592e-01,6.110203673455780887e-02
1.303000392862875556e-01,9.485208244886980666e-03,5.155607720656693038e-01,1.043372906937567873e-01,1.403845794121395818e-01,9.993211029725969363e-02
2.324243646325327428e-01,0.000000000000000000e+00,2.681897463085058386e-01,3.126488642831192211e-01,1.108801664067852882e-01,7.585685836905696477e-02
2.324243646325327428e-01,0.000000000000000000e+00,2.681897463085058386e-01,3.126488642831192211e-01,1.108801664067852882e-01,7.585685836905696477e-02
5.724041492023253241e-02,0.000000000000000000e+00,4.145686455003272930e-01,3.141897374442926827e-01,2.007394154061285518e-01,1.326178672901912742e-02
2.653333333333333585e-02,0.000000000000000000e+00,2.894333333333333202e-01,2.585000000000000075e-01,2.304666666666666808e-01,1.950666666666666660e-01
2.726999999999999980e-01,2.172000000000000042e-01,2.172000000000000042e-01,0.000000000000000000e+00,2.172000000000000042e-01,7.580000000000000626e-02
2.324243646325327428e-01,0.000000000000000000e+00,2.681897463085058386e-01,3.126488642831192211e-01,1.108801664067852882e-01,7.585685836905696477e-02
0.000000000000000000e+00,0.000000000000000000e+00,0.000000000000000000e+00,1.000000000000000000e+00,0.000000000000000000e+00,0.000000000000000000e+00
2.711804958459261214e-02,0.000000000000000000e+00,3.099838356409650442e-01,5.101770675223615825e-01,5.123812383822522881e-02,1.014829234138554664e-01
2.685991306324409661e-02,0.000000000000000000e+00,2.597920485853219552e-01,5.310204178197375224e-01,5.075038850140592417e-02,1.315772320302905918e-01
2.711804958459261561e-02,0.000000000000000000e+00,2.622887735575107349e-01,5.282749013547112238e-01,5.123812383822524269e-02,1.310801516649603149e-01
4.649999999999999967e-02,0.000000000000000000e+00,3.952999999999999847e-01,0.000000000000000000e+00,5.000000000000000000e-01,5.809999999999999887e-02
7.865264788347910152e-02,3.829246819473463431e-02,3.893292822634607520e-01,3.134950787785655835e-01,1.669980573346510899e-01,1.323246554510881107e-02
2.324243646325327428e-01,0.000000000000000000e+00,2.681897463085058386e-01,3.126488642831192211e-01,1.108801664067852882e-01,7.585685836905696477e-02
2.738382775441525890e-02,0.000000000000000000e+00,2.776517304695644839e-01,5.831002350756022690e-01,8.155624600908323307e-02,3.030796069133467885e-02
2.018916414082116972e-02,0.000000000000000000e+00,1.952718275379173030e-01,7.367079956355264692e-01,3.814636038667718054e-02,9.684652299057764854e-03
2.653421780726024012e-02,0.000000000000000000e+00,2.566418880629354193e-01,4.277475915863861999e-01,5.013500450015000165e-02,2.389412980432681077e-01
6.839772007599746739e-02,1.159961334622179423e-02,3.627212426252458544e-01,2.290590313656211408e-01,1.678610712976234265e-01,1.603613212892903706e-01
5.173964533228130741e-02,1.358820043175934522e-01,2.982470759358981649e-01,1.247055162948115525e-01,1.314472936728941221e-01,2.579784644465214494e-01
4.468671490855337380e-02,0.000000000000000000e+00,3.454979699431651174e-01,3.383023130491943919e-01,1.261422705251331600e-01,1.453707315739540262e-01
8.664948213112654007e-02,6.025104292219495006e-02,2.720570630227240883e-01,3.445096514355401873e-01,1.670491841612475881e-01,6.948357632716670174e-02
0.000000000000000000e+00,1.474000000000000032e-01,0.000000000000000000e+00,6.320000000000000617e-02,0.000000000000000000e+00,7.894999999999999796e-01
2.593725232582466331e-02,0.000000000000000000e+00,2.508679719303066324e-01,5.634656163202601542e-01,4.900706972115614207e-02,1.107220897024525086e-01
2.205388023999487954e-02,8.907036419147827677e-02,2.133075677986439600e-01,1.228793652123797292e-01,4.166964306652299471e-02,5.110191794909800800e-01
1.900009077409111624e-01,1.213371583669724252e-01,3.999639462862021322e-01,4.759650214309790739e-02,1.935049833197183267e-01,4.759650214309790739e-02
2.653421780726024359e-02,0.000000000000000000e+00,3.251441714723824483e-01,3.646121537384579558e-01,9.123637454581819128e-02,1.924730824360811887e-01
2.324243646325327428e-01,0.000000000000000000e+00,2.681897463085058386e-01,3.126488642831192211e-01,1.108801664067852882e-01,7.585685836905696477e-02
2.653421780726024359e-02,0.000000000000000000e+00,2.566418880629354193e-01,5.955865195506515608e-01,5.013500450015000859e-02,7.110237007900263584e-02
1.339132167847270106e-02,0.000000000000000000e+00,1.166838661196421684e-01,2.846714781139075279e-01,4.334682182163251407e-01,1.517851158716524984e-01
2.311211223665588232e-01,0.000000000000000000e+00,2.724690667094742946e-01,3.099825457197104561e-01,1.112173260239035372e-01,7.520993918035288883e-02
2.653510234015601585e-02,5.833722248149877769e-03,2.566504433628908899e-01,5.257350490032669521e-01,5.013667577838522987e-02,1.351090072671511377e-01
2.653421780726024012e-02,0.000000000000000000e+00,2.566418880629354193e-01,4.277475915863861444e-01,5.013500450015000165e-02,2.389412980432681077e-01
7.883596119870661667e-02,1.960065335511183490e-02,3.220107336911229856e-01,3.049101636721223696e-01,1.307376912563751881e-01,1.439047968265608768e-01
7.768099799063060695e-02,0.000000000000000000e+00,3.267777273325140341e-01,2.478198172580693692e-01,1.879040192547067334e-01,1.598174381640792285e-01
2.704990499407489146e-02,0.000000000000000000e+00,2.616296715444504928e-01,5.810378298490397331e-01,5.110936823001084595e-02,7.917322538242396734e-02
2.653421780726024359e-02,0.000000000000000000e+00,2.566418880629354748e-01,5.344844828160939532e-01,5.013500450015000859e-02,1.322044068135604655e-01
2.324243646325327428e-01,0.000000000000000000e+00,2.681897463085058386e-01,3.126488642831192211e-01,1.108801664067852882e-01,7.585685836905696477e-02
6.451085226333595768e-02,2.945739000088207216e-02,3.716027850036170421e-01,2.668465751892278304e-01,2.076914005646276207e-01,5.989099697830960883e-02
1.267708923630787576e-01,9.323644121470714419e-02,2.799426647554918435e-01,2.777759258641954165e-01,1.667055568518950592e-01,5.556851895063166791e-02
2.600831074453598471e-02,0.000000000000000000e+00,4.693911961758843177e-01,0.000000000000000000e+00,3.664840605458530298e-01,1.381164325337267962e-01
2.653421780726024359e-02,0.000000000000000000e+00,2.566418880629354193e-01,4.277475915863861444e-01,5.013500450015000165e-02,2.389412980432681355e-01
8.068099472861402222e-02,0.000000000000000000e+00,3.649346581229511166e-01,1.299764638210420820e-01,2.337234582747027278e-01,1.906844250526902318e-01
2.813969915884027145e-02,0.000000000000000000e+00,7.193167596715771550e-02,4.969481772887598403e-01,2.064036613117868346e-01,1.965767862734554006e-01
2.772815145623725580e-02,0.000000000000000000e+00,2.681897463085058386e-01,5.559903669893552225e-01,6.477301237232840903e-02,8.331872287357330875e-02
4.053468448948298331e-02,3.446781559385313221e-02,8.103603453448447735e-02,3.372112403746791998e-01,3.246774892496416265e-01,1.820727357578586225e-01
2.767048135741906889e-01,3.038541355657974063e-02,4.170126487959541772e-01,4.049127654749577060e-02,1.110900268393037738e-01,1.243158206864757587e-01
2.334385994675802212e-01,0.000000000000000000e+00,2.648594093985466302e-01,3.147238991702989153e-01,1.106177754165751370e-01,7.636031654699905469e-02
2.772815145623725233e-02,0.000000000000000000e+00,3.163171431345784268e-01,3.274748396086865632e-01,2.115990449371783211e-01,1.168808208633192874e-01
9.320310677022568269e-02,2.320077335911197025e-02,3.870795693189773012e-01,2.722424080802693380e-01,1.052035067835594556e-01,1.190706356878562661e-01
2.600831074453598471e-02,0.000000000000000000e+00,2.515552568117870869e-01,5.176502592320318952e-01,4.914133085399763345e-02,1.556448423576474449e-01
3.089402719453160015e-02,5.678881088077982614e-03,4.292844244558229327e-01,2.526118122017805279e-01,1.594899497078116901e-01,1.220409053519752596e-01
2.645266503631857682e-02,8.293818999013233273e-02,4.093247601254341728e-01,2.487451506345036631e-02,3.278338485254155277e-01,1.285760212592490237e-01
1.918609080529291161e-02,0.000000000000000000e+00,1.855699913441584692e-01,6.602365538433246916e-01,3.625110624517655783e-02,9.875625776204735584e-02
5.734938625080047980e-02,0.000000000000000000e+00,4.163001417158310735e-01,3.126590521411244383e-01,2.004942426002008782e-01,1.319717729204329497e-02
1.245255164679186094e-01,9.158503012378867159e-02,4.247803966421755950e-01,1.562849613516659464e-01,1.767650967791798977e-01,2.605899863527115501e-02
4.053468448948298331e-02,3.446781559385313221e-02,8.103603453448447735e-02,3.372112403746791442e-01,3.246774892496416265e-01,1.820727357578585948e-01
4.023467448914964245e-02,0.000000000000000000e+00,2.840428014267141754e-01,2.912430414347144669e-01,3.058435281176039022e-01,7.863595453181773665e-02
2.324243646325327428e-01,0.000000000000000000e+00,2.681897463085058386e-01,3.126488642831192211e-01,1.108801664067852882e-01,7.585685836905696477e-02
1.574651431430899584e-01,6.077123251891500960e-02,2.522758444007724976e-01,2.236451430629430581e-01,2.449608327042477329e-01,6.088180417003175721e-02
2.731023231119063255e-02,0.000000000000000000e+00,4.240550059601410071e-01,3.411007903572493283e-01,1.250837610674229716e-01,8.245021030399612982e-02
2.653421780726024359e-02,0.000000000000000000e+00,2.566418880629354193e-01,5.344844828160938421e-01,5.013500450015000859e-02,1.322044068135604378e-01
1.738501472295563566e-01,4.466301885100618096e-02,3.954153085217196328e-01,7.259869807131516528e-02,2.297688414319692674e-01,8.370398589443356352e-02
2.600831074453597777e-02,1.445144897690331907e-02,3.454030357793030359e-01,2.931557425899888325e-01,4.914133085399762652e-02,2.718401310552711059e-01
8.068099472861399446e-02,0.000000000000000000e+00,3.403312701749257041e-01,3.135053218609599734e-01,1.950703268769417853e-01,7.041208635855848719e-02
2.334385994675802212e-01,0.000000000000000000e+00,2.648594093985466302e-01,3.147238991702989153e-01,1.106177754165751370e-01,7.636031654699905469e-02
2.300235422404387775e-01,0.000000000000000000e+00,2.760730758396514606e-01,3.077369937287187662e-01,1.115012791343427956e-01,7.466510905684807520e-02
