1.019840637878128148e-01,1.240322515975921802e-01,1.952114603533960657e-01,2.187908764921438209e-01,2.098936780773923427e-01,1.500876696916627617e-01
4.331554391287525951e-02,3.248558009986820400e-02,1.860917369658123821e-01,3.329782090505866154e-01,7.910560113582615349e-02,3.260233288350314340e-01
8.014817102686884465e-02,4.653446819662192258e-02,2.625149865275846484e-01,1.548556924809066093e-01,1.883520668169088585e-01,2.675946149511091443e-01
9.518367499774788021e-02,4.434437589012758807e-02,2.110991178697941562e-01,2.108697932368736039e-01,2.578152508007343080e-01,1.806877872047224221e-01
1.861890909507253264e-02,1.386794322266855263e-02,1.341559579365819987e-01,4.357216737583934352e-01,1.027011034862273658e-01,2.949344125010561757e-01
1.123925159081275160e-01,9.067009164368206031e-02,4.154149623764424870e-02,3.454747136290806098e-01,1.415343033979376552e-01,2.683868791835280487e-01
1.266223092252803939e-01,6.077195901351765267e-02,2.721345264896731231e-01,9.652910199761118026e-02,2.804694292361742392e-01,1.634726740377435428e-01
5.407836696206882315e-02,3.136567962425015899e-02,1.001132508629230256e-01,5.428983709064948426e-01,4.542514269495840501e-02,2.261191889493048557e-01
6.541158632888488533e-02,1.053533607743652178e-01,2.051866860550413674e-01,1.409498235027147883e-01,2.125003149838379513e-01,2.705982283551556788e-01
9.441597552287536721e-02,5.041190459045648276e-02,1.597802172872254123e-01,2.378040855931471409e-01,2.117673323323766010e-01,2.458204846739190097e-01
6.363714427340930180e-02,3.728369099982767332e-02,2.051954802875547990e-01,3.896932525060939900e-01,1.292304214552418007e-01,1.749600104778725740e-01
2.649999999999999925e-02,4.420000000000000318e-02,2.477999999999999925e-01,2.649999999999999925e-02,5.574999999999999956e-01,9.729999999999999760e-02
1.223576349153784187e-01,1.065183554094473323e-01,1.251431642210940332e-01,9.633115046833794215e-02,2.618575717233974642e-01,2.877921232623448788e-01
6.933773939965041933e-02,3.982523613447414013e-02,1.619150238075653392e-01,9.778238327841815014e-02,3.925335282908841705e-01,2.386060890890075725e-01
8.370776473679862606e-02,5.174178947263243650e-02,1.742414857251925742e-01,3.577728029932115139e-01,1.964253879911268819e-01,1.361107690810380300e-01
4.270382006338397513e-02,3.270556720533659978e-02,2.684854088716430096e-02,5.118877075199549376e-01,1.385597902644233048e-01,2.472945740597368713e-01
3.261032610326103365e-02,7.580075800758007132e-03,2.888028880288803085e-02,4.944049440494404646e-01,1.303413034130341264e-01,3.061830618306183305e-01
1.351157932170051965e-02,3.444248170800608046e-03,1.005722310525697522e-01,5.959081947707823845e-01,1.558926713656059726e-01,1.306710753185406360e-01
7.900753692042523924e-02,4.168705921556934563e-02,2.455902604817915558e-01,1.871826038852049401e-01,1.691043021093103504e-01,2.774282373876987284e-01
5.460772692653809851e-02,7.628315500524059101e-02,1.762993676967355983e-01,3.077148605578911011e-01,2.124001351378390356e-01,1.726947546757555130e-01
1.678172829132544563e-01,1.432038160592851439e-01,2.309960727237242994e-01,1.194356005569660595e-01,2.495193342841059703e-01,8.902789346266407056e-02
3.926016851740286862e-02,6.222497027561199601e-02,2.427155505870865759e-01,2.840275442598322875e-01,1.014381394166383593e-01,2.703336269434278294e-01
5.925299124331805112e-02,3.256227613468166970e-02,3.221998596181686880e-02,4.819589115112632438e-01,1.185324661863213225e-01,2.754733689625988302e-01
1.567569854871672941e-01,9.800150695808045043e-02,1.794457575844535246e-01,1.106889797742287157e-01,2.690054332778401558e-01,1.861013369182298594e-01
5.298813892905705064e-02,2.990012454934339731e-02,1.713761156391076512e-01,3.205012132294382532e-01,1.682944191942492562e-01,2.569399884588043914e-01
1.685808541306684782e-01,8.365074721469485663e-02,2.128847856072953737e-01,1.054706601769187790e-01,2.549939144790938639e-01,1.744190383913287179e-01
1.131221234445628637e-01,6.296592667173103730e-02,2.344961510568555063e-01,9.752209576029233218e-02,3.003085949369167507e-01,1.915851081296415237e-01
9.776579477214093761e-02,7.131513949140966258e-02,3.763570730605199366e-02,3.758881701194613512e-01,1.230828409025394032e-01,2.943123474083966795e-01
1.399123503057580764e-01,6.674038538974855217e-02,2.406202008443596718e-01,4.709845661900141645e-02,4.565446852137025058e-01,4.908392162742982595e-02
1.200552611111461998e-01,3.774773151144669714e-02,2.712074845131283163e-01,3.085932458166610465e-02,3.850688925212336633e-01,1.550613057613790258e-01
1.007509630309418452e-01,6.122365565596081527e-02,5.889206786376997849e-02,3.611345574866178798e-01,1.703060837095208002e-01,2.476926722531887226e-01
1.384919333768206973e-01,8.959204940396062189e-02,2.408300589864971475e-01,1.172392571395849403e-01,3.392115180732349078e-01,7.463518301990161585e-02
6.251048181088539324e-02,2.596723191979940365e-02,1.229747670284235400e-01,2.975609503382608545e-01,3.170643915006673974e-01,1.739221774019634736e-01
1.203925738964025799e-01,8.054237170532511925e-02,5.622338932979981801e-02,3.633307589081772870e-01,1.400831744043455895e-01,2.394277317559495855e-01
1.754050663532970289e-01,1.070931607546678627e-01,2.603961818923194449e-01,3.144089093968282372e-02,3.638605481395535968e-01,6.180415192047926387e-02
7.377196246585820960e-02,1.470250060304683498e-02,2.603929219804321932e-02,3.979814792564593251e-01,1.282269300858410732e-01,3.592778353907514211e-01
6.788106706293603465e-02,5.186019336081121311e-02,5.066421514302424378e-02,4.837007791377570531e-01,1.608887852400240071e-01,1.850049600554474760e-01
1.294470426948950703e-01,5.155211443795591764e-02,7.331204271242308668e-02,3.282246531350507257e-01,2.521084106842289563e-01,1.653557363354463128e-01
1.496620399083092301e-01,7.473542094798540925e-02,2.260452090687912474e-01,1.044317775504942231e-01,2.686516823701780021e-01,1.764738701542417909e-01
7.706873689363799573e-02,1.037131643390536845e-01,2.348797441498452210e-01,1.624533694007300189e-01,1.656612479618250755e-01,2.562237372549079906e-01
4.628923045594365154e-02,7.278437181729222050e-02,1.492262138899863033e-01,3.609035574025719062e-01,2.046944131211410334e-01,1.661022133130649059e-01
9.026146218084681039e-02,2.830041470771631901e-02,2.523127973355046572e-01,1.520073288738661432e-01,2.745810988346402137e-01,2.025368980674259467e-01
4.949997850489021994e-02,2.927336196916072164e-02,1.698116431407490634e-01,3.392153057038149178e-01,1.291406565695552566e-01,2.830590541118298553e-01
7.352501796622952501e-02,7.657689525433496180e-02,8.632646442180871849e-02,3.234380774232230582e-01,1.721315433075840395e-01,2.680020016268196970e-01
3.900598373674116909e-02,5.146730789097078013e-02,3.357577844787094229e-02,6.127623320356653247e-01,7.703709226449831360e-02,1.861515056242535326e-01
1.182039064373591186e-01,3.634066852692068722e-02,3.322080807444432460e-01,1.934051214943853514e-01,1.460365573081057744e-01,1.738056654887857877e-01
1.619848152439177028e-02,7.505164422670515707e-03,3.019922456252763232e-02,5.086926733944160395e-01,9.480610321812603380e-02,3.425983528778679954e-01
6.165117596373458075e-02,2.450289964799548872e-02,9.548096768680827684e-02,4.319303685627363110e-01,2.187764307612125037e-01,1.676581573775127454e-01
6.074171002447609907e-02,6.564665685932784267e-02,6.974734779538059593e-02,3.087471218748902846e-01,1.064764991578024955e-01,3.886406642881227169e-01
1.322513868695195972e-02,6.672316224062548040e-02,2.257385435179096872e-02,3.309538131540648576e-01,9.840732489481056333e-02,4.681167066717561442e-01
8.769876927724643001e-02,4.491674890749168536e-02,1.495148417542998820e-01,2.557033897281900114e-01,2.050374828919080961e-01,2.571287674408638257e-01
6.190638967726679043e-02,1.700089278974102960e-02,6.025087045344270503e-02,6.059029323228929398e-01,5.958111051083553322e-02,1.953578042458209429e-01
1.252471366173841250e-01,8.447034083124897730e-02,2.775542962109098788e-01,2.076226390450762460e-01,1.689935624797845592e-01,1.361120248155961721e-01
2.904150387386494198e-02,4.134650194257857327e-03,9.594588118701988244e-02,4.902592818473454628e-01,1.305248379383751600e-01,2.500938449591367241e-01
7.420987581004877265e-02,9.594429400093656968e-02,9.719647553042319588e-02,3.429602904343598824e-01,1.248142072696606653e-01,2.648748569545710252e-01
7.284228058642566728e-02,6.627777955113839381e-02,2.046222799946792181e-01,3.005885478914627762e-01,2.084121854484690672e-01,1.472569265278248496e-01
8.648272547330898563e-02,3.721145056440182397e-02,3.069980009645008612e-01,9.899435197248787621e-02,2.759115152895860179e-01,1.944019557357144490e-01
8.669393321091194149e-02,9.727270534022582071e-02,2.138974583954372510e-01,2.694429932908859460e-01,1.680286391343765451e-01,1.646642706281626900e-01
9.917543672443281111e-02,7.780850727629663732e-02,1.620598211828339630e-01,2.576822589993119639e-01,1.989521051120415052e-01,2.043218707050830918e-01
1.588440582076609542e-01,8.666911652151734757e-02,8.382397360672462494e-02,2.332379367213518184e-01,2.267099114840245289e-01,2.107150034587207399e-01
1.622987239702789464e-01,9.423066765303048098e-02,1.213392286668122100e-01,2.877886884771637677e-01,1.700602561780791555e-01,1.642824350546354395e-01
9.454722506996057763e-02,2.650452037101363664e-02,6.169091672340071969e-02,4.174825141619427082e-01,1.664207776306781683e-01,2.333540460430042485e-01
5.536117611354046675e-02,5.479771217578116582e-02,2.323532626665666123e-01,1.652681098113394087e-01,2.644286848802880896e-01,2.277910543524842846e-01
9.511122652968868885e-02,8.519834399976132511e-02,2.228704807400257726e-01,2.261961671718567546e-01,2.159154123116731883e-01,1.547083692469942706e-01
2.570275219563534011e-02,5.074662400452386452e-02,1.155007086422646517e-01,3.890588689246894938e-01,1.760980601402831192e-01,2.428929860926035689e-01
0.000000000000000000e+00,0.000000000000000000e+00,4.328000000000000180e-01,5.672000000000000375e-01,0.000000000000000000e+00,0.000000000000000000e+00
6.272715890584049103e-02,1.275905230781244348e-01,6.649030042858551648e-02,2.660426879983345816e-01,1.496050212046482197e-01,3.275443083844667425e-01
9.196541125145055173e-02,4.829581210056446000e-02,1.808801126734794484e-01,2.242092656803734152e-01,3.187693334678018964e-01,1.358800648263301936e-01
9.326400861170512646e-02,7.866710298206454344e-02,2.153626079442798047e-01,1.634612356419065937e-01,2.433421465564148400e-01,2.059028982636291194e-01
2.227495318699652602e-02,0.000000000000000000e+00,1.071027513586035734e-01,3.619523932140363831e-01,1.318994045388042491e-01,3.767704977015591816e-01
1.187134808473726127e-01,6.682963271782117742e-02,1.855336626794096555e-01,1.790896083528741578e-01,2.771807792402039006e-01,1.726528361623186070e-01
1.159349660246794256e-01,7.634013058288395548e-02,1.744475888916778017e-01,2.592425397409542920e-01,1.594485189926646840e-01,2.145862557671397997e-01
7.322668877955143540e-02,3.841222486828817922e-02,2.986707609831198429e-01,1.959614246833084605e-01,2.498812298682182853e-01,1.438476708175136509e-01
8.959351372729433549e-02,5.913075614792650397e-02,4.146773465082877197e-02,4.137393270548235802e-01,1.146879082086018908e-01,2.813807602105249384e-01
1.064158012146459165e-01,9.207623634867322104e-02,2.534827837883199542e-01,1.947865327807934421e-01,2.079241138890245699e-01,1.453145319785429102e-01
6.308950385034838015e-02,5.623703816731736443e-02,8.305989959933272881e-02,3.676446153643933568e-01,1.412858036237184811e-01,2.886831393948895985e-01
1.354529847107057705e-01,5.911201007019453030e-02,2.365710176979590740e-01,1.809927703783952707e-02,2.952463527812785316e-01,2.555183577020225805e-01
9.394538337551135154e-02,5.842260067044947880e-02,3.197533269461338423e-01,1.318706497713026671e-01,2.437716813975644714e-01,1.522363578390381611e-01
8.820721726898496373e-02,4.982654010029764768e-02,1.120975291057453999e-01,4.250569113318016790e-01,7.462901998882837118e-02,2.501827822043419247e-01
3.261032610326102671e-02,7.580075800758007132e-03,2.888028880288802738e-02,4.944049440494404646e-01,1.303413034130340986e-01,3.061830618306183305e-01
2.791920487979711318e-02,1.800387840880984802e-02,1.126811147275201402e-01,4.348327995068584917e-01,1.287977745353474923e-01,2.777652279416669145e-01
9.043345367486931019e-02,5.771462727213191174e-02,1.785663807896895050e-01,3.585737920097473719e-01,1.374821271183438998e-01,1.772296191352179251e-01
9.484533976512274367e-02,4.831488055388771796e-02,2.366382067257328248e-01,1.432918412013542975e-01,2.249798552800781892e-01,2.519298764738241991e-01
9.585811361638674200e-02,2.818711458090861904e-02,3.674693909717892115e-01,2.399504981634396350e-01,1.683546070411586493e-01,1.001802756263172195e-01
1.245430092785551612e-01,6.496250067274188245e-02,1.948639891135420243e-01,2.226267356570617029e-01,2.106772464478963713e-01,1.823265188302028994e-01
1.105884911574878393e-01,5.127935821737140271e-02,2.240568946916496051e-01,9.722094822054903884e-02,3.617167073036281488e-01,1.551376004093138194e-01
3.722645340816817250e-02,7.518584196253096270e-03,6.328307014788225361e-03,4.903941987635264677e-01,1.033786489782936857e-01,3.551538076389702536e-01
8.464219986814479346e-02,7.701774513583305171e-02,5.107922105549307645e-02,3.651484666967456105e-01,1.994213392596385914e-01,2.226910279841450013e-01
8.395594749437576554e-02,4.747773969972535896e-02,1.861878080052414286e-01,3.205275809323432923e-01,1.660812444764103446e-01,1.957696793919037337e-01
1.751955419429801486e-01,9.715433300663790794e-02,2.639482002749873324e-01,4.250381586615988722e-02,3.266262872469090084e-01,9.457182166232573628e-02
1.179467854545880046e-01,4.231770915132769539e-02,1.011158232106985494e-01,4.056014863328805120e-01,6.328049082968779937e-02,2.697377050208173976e-01
9.837791354518349296e-02,1.107832887476705996e-01,1.557783571730097516e-01,1.526682725250937955e-01,2.367250909944203507e-01,2.456670770146220095e-01
7.764098365608135266e-02,2.472863648447085061e-02,1.237727821551704299e-01,3.581417487183807258e-01,2.001828822080226333e-01,2.155329667778740632e-01
1.525571242897418023e-01,1.147327005263486105e-01,1.606344685124509730e-01,2.494097143862120114e-01,1.863774210284511457e-01,1.362885712567953878e-01
1.696638142583515863e-01,1.819425477533387070e-01,1.817191460980181750e-01,8.258912749818383969e-02,2.389980435370679945e-01,1.450873208550397808e-01
2.223775690072618549e-02,1.175662995975388508e-02,1.564695288467082557e-01,3.604582333406748385e-01,1.611674495610419533e-01,2.879104013910950277e-01
1.406991309174812355e-01,2.690844734386137888e-02,3.324392766471187532e-01,1.476373589785592855e-01,1.944022659769263917e-01,1.579135201360529484e-01
8.181168549770172216e-02,7.547801296590238296e-02,1.958484808926027332e-01,2.306673086548291784e-01,2.161238084823186301e-01,2.000707035066454365e-01
4.839314474239652525e-02,8.454843626015276503e-02,1.929742581652048872e-01,1.237309060276848283e-01,3.146351824740309944e-01,2.357180723305299097e-01
3.019016293979733326e-02,2.106003054654033771e-02,1.243362167493557852e-01,4.143913469186527032e-01,9.852928473351632577e-02,3.114929581121375080e-01
1.360094107276861031e-01,7.238391917930885044e-02,1.700801723055760384e-01,1.737229091388210189e-01,2.957123052270322905e-01,1.520912834215756293e-01
1.054694170805444281e-01,3.168598910702494914e-02,1.450297158445033596e-01,2.869411823602294187e-01,1.384337033129982297e-01,2.924399922946996355e-01
6.830752074580107025e-02,6.792630935932847391e-02,2.758272654646980460e-01,1.721973324014093032e-01,2.246213808681264967e-01,1.911201911606365544e-01
7.644635788521787767e-02,2.637485651097877873e-02,6.310155751024623672e-02,4.597768518566320295e-01,1.280415397051754001e-01,2.462588365317495975e-01
5.010022139359200655e-02,7.240986286254982862e-02,5.013061421546521207e-02,4.129396691693456578e-01,1.274179817606556075e-01,2.870016505983916666e-01
1.492801112062368263e-01,1.290872595770059528e-01,2.464160271860082740e-01,1.839707316825520689e-01,1.861708335020467453e-01,1.050750368461500772e-01
1.324189436054366009e-01,4.938395157526408175e-02,3.048302077453400316e-01,1.320551333437100690e-02,4.223909531263205785e-01,7.777043061326770201e-02
7.374849924201147544e-02,1.849963430960996705e-02,8.529145370183624508e-02,3.925064137723852653e-01,2.593818643583235550e-01,1.705721346158334817e-01
2.057666886630075409e-01,7.417636476799217837e-02,1.587056244005982941e-01,2.035647329809193440e-01,1.617101787297537119e-01,1.960764104577287503e-01
7.107817253761514187e-02,3.535098622880801511e-02,2.171976303938794595e-01,3.121242813039230568e-01,1.967027977933497040e-01,1.675461317424244700e-01
2.807226720292054986e-02,8.352658526762081481e-02,1.093294427273196062e-01,1.711180692582157936e-01,1.720477119194484261e-01,4.359059236244748337e-01
1.137904767326172739e-01,5.373094437727541500e-02,1.118281129623446141e-01,1.846564766715450834e-01,2.823831889374666115e-01,2.536108003187510507e-01
7.766680704610318120e-02,1.061047955496460110e-01,2.106702374227710783e-01,1.118641138473529945e-01,2.968517301013042231e-01,1.968423160328225674e-01
5.290836516166192577e-02,3.051693941226605103e-02,6.047602847187482505e-02,4.214329198181316904e-01,1.551751684148534594e-01,2.794905787212120796e-01
1.441928376893147346e-01,7.841013482141530322e-02,2.514557323148998713e-01,1.341704669221034929e-01,2.880255618737185275e-01,1.037452663785480844e-01
7.331481431233723145e-02,3.534045655186542761e-02,2.456213248152556705e-01,3.120837663749838620e-01,2.352085559676762583e-01,9.843108197788161262e-02
8.206844988594758084e-02,6.589414849614631808e-02,1.537770611593417547e-01,3.420263954295912345e-01,1.060908577401610958e-01,2.501430872888119605e-01
4.527665970638662662e-02,6.290247577863340711e-02,1.847128214633076693e-01,3.922897239925264845e-01,7.290003409698210535e-02,2.419182849621636655e-01
2.306035202308617527e-01,1.091752016045930695e-01,2.362572872454812567e-01,1.110114901228951706e-01,1.999736845572302191e-01,1.129788162389385037e-01
1.670032015768572187e-01,6.158287858703523354e-02,1.654001455277354093e-01,3.064299896240462173e-01,1.337622248280553594e-01,1.658215598562706450e-01
1.212196410589119616e-01,6.003648692280115495e-02,2.002306615232229692e-01,1.847946956879021885e-01,2.307212846058443734e-01,2.029972302013174634e-01
1.010501175246337618e-01,4.513510281383916606e-02,1.744738317907515712e-01,2.131083886993286047e-01,1.599051082073253138e-01,3.063274509641215615e-01
6.870687975032196970e-02,3.081662716293635113e-02,2.585812024003645848e-01,6.852233555060342762e-02,3.837432763981198924e-01,1.896296787376537396e-01
9.378865087720865412e-02,1.344998467219268301e-01,1.767370989385275981e-01,1.918089585542868403e-01,2.650152710075556195e-01,1.381501739004945550e-01
8.144195946576998635e-02,1.457913409227474220e-02,2.741466298004036628e-01,1.394766587391532975e-01,3.644983645437150921e-01,1.258572533586833631e-01
6.411055632675552451e-02,5.539560320698621448e-02,2.283741433946644694e-01,3.041826916723643914e-01,1.429864399710368827e-01,2.049505654281925382e-01
8.336007589216011537e-02,4.154846507247224319e-02,2.625366222618389922e-01,2.374831167302876023e-01,1.860124778369049992e-01,1.890592422063361311e-01
4.812550066469114401e-02,7.360397433373581932e-02,1.168788698246211177e-01,1.971760640485247518e-01,2.074069572939111761e-01,3.568086338345160535e-01
1.023773931798724612e-01,3.111777614989294158e-02,2.401431913646862870e-01,1.834127028813994642e-01,1.454375501733416176e-01,2.975113862508071416e-01
2.609567446161495385e-02,6.140658344375186234e-02,1.638937843293486463e-01,3.056034672538406882e-01,8.997586563024508044e-02,3.530246248811987897e-01
6.665987818070638615e-02,3.546679671780216675e-02,2.270592221828376667e-01,3.037045257096450679e-01,2.369763141728394584e-01,1.301332630361693443e-01
3.873050141960789755e-02,4.021978295859611474e-02,1.960558298110048892e-01,2.638401442451455137e-01,3.344387931297437278e-01,1.267149484359019196e-01
1.754448174798350912e-01,4.515495428692099106e-02,3.176178752780464132e-01,1.338782713162662563e-01,1.657691065308541656e-01,1.621349751080770618e-01
3.788673907456226869e-02,1.790517601605631781e-02,9.566646489469227133e-02,3.918488748798805155e-01,1.247760220111740620e-01,3.319167231236346827e-01
8.623401541461415964e-02,2.476187859865435284e-02,2.620962562792388817e-01,1.447498754442945977e-02,4.883610318990774801e-01,1.240718302639856052e-01
6.281999999999999806e-01,0.000000000000000000e+00,0.000000000000000000e+00,0.000000000000000000e+00,1.794999999999999929e-01,1.922999999999999987e-01
7.657795835576609866e-02,7.339967959547805121e-02,2.362818231072760511e-01,1.053181560173978709e-01,3.258552946834848418e-01,1.825670882405970863e-01
1.258890174127713646e-01,4.915963006227559023e-02,1.557856505390684265e-01,1.542452231358525383e-01,3.062595825218969448e-01,2.086608963281350315e-01
5.132211417633628092e-02,3.840378647964453468e-02,7.093020153124160454e-02,4.694237201483287825e-01,7.580995932703257778e-02,2.941102183374160739e-01
1.114704342948553834e-01,9.831571580084658146e-02,2.102268176805225930e-01,1.985416085420608490e-01,2.178139372755935887e-01,1.636314864061209073e-01
1.845580016637023424e-01,9.303250117275062292e-02,2.681769423229956040e-01,1.124426795942267410e-01,2.209025800424500585e-01,1.208872952038746451e-01
2.981178045287031023e-02,8.825565092605805462e-02,1.039946048323729388e-01,2.271441211678656147e-01,1.809854053966412635e-01,3.698084372241918216e-01
1.655729289329138931e-01,7.733338935196085173e-02,2.150015230727956306e-01,1.047300518850567269e-01,2.690365154195294428e-01,1.683255913377434132e-01
1.330737898843144806e-01,6.982654381507726049e-02,2.446883225258824901e-01,9.125093507978769558e-02,3.155680057618166501e-01,1.455924029331213121e-01
1.685193518947979696e-01,8.360693862969348356e-02,2.128693297214941105e-01,1.057422776251735475e-01,2.548393143166238772e-01,1.744227878122170949e-01
6.202001466001707403e-02,5.118685199522573365e-02,1.455608069319783426e-01,3.389976608805458369e-01,1.502164658591521318e-01,2.520181996730807561e-01
1.495219108620877979e-01,8.870664337104187946e-02,1.368875063554644278e-01,1.253508120130273351e-01,2.032054518390778719e-01,2.963276755593006184e-01
5.419973376541952631e-02,6.531585472188382313e-02,1.644902266286205339e-01,2.632627409011669695e-01,2.373779908295693963e-01,2.153534531533397300e-01
1.488509157234325087e-01,7.432694214766986940e-02,1.683667044152920012e-01,1.671159687116097747e-01,2.242864331072851602e-01,2.170530358947105887e-01
8.760256172837385669e-02,5.046617808731226201e-02,1.797825898541870748e-01,3.176624292731332622e-01,1.670775535279943325e-01,1.974086875289992327e-01
1.511996207897922107e-01,2.625942448322399203e-02,3.016475863659725531e-01,1.622734076833342309e-01,2.055110292568451125e-01,1.531089314208320395e-01
7.054542432126847951e-02,4.218281998399786570e-02,2.852735558135225946e-01,2.405903151765011183e-01,1.801007680002519873e-01,1.813071167044579823e-01
0.000000000000000000e+00,0.000000000000000000e+00,3.309999999999999748e-02,4.966999999999999749e-01,9.270000000000000462e-02,3.775000000000000022e-01
1.301277720912049352e-01,1.012464320043426624e-01,2.001641526093252410e-01,1.404752783536976080e-01,2.313269318914949746e-01,1.966594330499346344e-01
1.065478800868649156e-01,4.759073655846976503e-02,1.715001696585740643e-01,3.249974325874676606e-01,1.686049527888760780e-01,1.807588283197474888e-01
1.068980020999575481e-01,8.221914477092300000e-02,1.925852124160323531e-01,3.037521488876808728e-01,1.746903849487238258e-01,1.398551068766823169e-01
1.727742971320141152e-01,4.492539642355609236e-02,3.241814770068456308e-01,1.464516466099408110e-01,1.393213488732444327e-01,1.723458339543991191e-01
1.687421119027990649e-02,6.971182160154258158e-03,9.705943494987874509e-02,4.836818928612381940e-01,1.380436584184683013e-01,2.573696204199805160e-01
3.602689644870291086e-02,2.177576517437210951e-02,1.093310541057019303e-01,4.231896241796095914e-01,1.424698548577085777e-01,2.672068052339050537e-01
3.242676241640468637e-02,1.758601745634746916e-02,3.118801885114532574e-02,5.474415298171004807e-01,1.152572250247134028e-01,2.561004464342888087e-01
7.088776441922578497e-02,3.339628894920369795e-02,1.925942081702007036e-01,3.532072362452204350e-01,2.282072694900630361e-01,1.217072327260864117e-01
4.952851135572857583e-02,7.166212534838439785e-02,4.957285334003263405e-02,4.161229897051570426e-01,1.261918628511652651e-01,2.869216573995320707e-01
2.548443825006071334e-02,2.985065319500117970e-02,5.168572499202468695e-02,5.611013917035476695e-01,9.032165427902015542e-02,2.415561375803457200e-01
5.873910753851521727e-02,8.655199741857046158e-02,6.367439398138101392e-02,3.900381688555478177e-01,1.597608207972186223e-01,2.412355114087669783e-01
8.662566103802507578e-02,1.577774758734893160e-02,2.328335433520177244e-01,3.102482851958801580e-01,1.034094715986176027e-01,2.511052912281106497e-01
7.639476210737428108e-02,6.643896231863558044e-02,8.569747710136238483e-02,3.514078074687192466e-01,1.428406619177720327e-01,2.772203290861364189e-01
2.925463593650976662e-02,5.942813699462866014e-03,1.429745551780781110e-01,5.612299985022317639e-01,6.035002155955533631e-02,2.002479751241622030e-01
1.318071028324519778e-01,2.601696369657963484e-02,3.132455586384633728e-01,1.529291597786825163e-01,1.811927309885646431e-01,1.948084840652576921e-01
9.458432123375429268e-02,2.699960616920030199e-02,1.532965311384615892e-01,2.726353889234824912e-01,2.495775294758103835e-01,2.029066230592909414e-01
1.048036218287883015e-01,1.395548707947903144e-01,6.920905401309733473e-02,3.590927232373449240e-01,1.427174093228785468e-01,1.846223208031005647e-01
8.959351372729433549e-02,5.913075614792650397e-02,4.146773465082877197e-02,4.385584165034881465e-01,1.146879082086018908e-01,2.565616707618603165e-01
8.878929750336427007e-02,3.206550525235125904e-02,1.306870522455036432e-01,3.320626852853669764e-01,1.236559545281858824e-01,2.927395051852278995e-01
1.065635092145189450e-01,4.924048875398915476e-02,2.052191777199137424e-01,2.739129054203444658e-01,1.933034665241321060e-01,1.717604523671016348e-01
3.019529157183167140e-02,7.492584962098440896e-03,1.035157133515069577e-01,4.658032251320528561e-01,1.030903485934714370e-01,2.899028363890386872e-01
6.565558253687768520e-02,5.760679320031448364e-02,2.322124053952477618e-01,2.313314641876311473e-01,3.222446965494458193e-01,9.094905813048320686e-02
5.041247161614389322e-02,1.016852813621887119e-01,2.610368750502835983e-02,4.223591215210745209e-01,1.112436199052418972e-01,2.881958180903226308e-01
3.435794036596707263e-03,2.537507334189288005e-02,1.003383477637690979e-01,3.825336076991459611e-01,2.405972697691360351e-01,2.477199073894593429e-01
9.381459707064468412e-02,4.092732283744496269e-02,2.798891122164814949e-01,2.156671514395333278e-01,1.737755872243786637e-01,1.959262292115169224e-01
1.765494633386058554e-01,9.754542230413978943e-02,1.978923472590327359e-01,1.039040206847552938e-01,2.477527119680775491e-01,1.763560344453888873e-01
3.870375782543676590e-02,5.121624845141101862e-02,3.338730054404389497e-02,5.788100160424404228e-01,8.797516442964531391e-02,2.099075127070225699e-01
1.168625140846639016e-01,6.352034334921584369e-02,2.397059448293185902e-01,1.235395455838639717e-01,3.080073503147264802e-01,1.483643018382110601e-01
6.645950888440235738e-02,2.439287132961542523e-02,1.100297620281381200e-01,4.955056374892206628e-01,1.011797421797330510e-01,2.024324780888904773e-01
6.075373262951257181e-02,7.571196141165009719e-02,8.512343530977400929e-02,4.195270005890175402e-01,1.478926052417560144e-01,2.109912648182896977e-01
4.741105034079416691e-02,8.969875386286667307e-02,1.000402385940436512e-01,2.549226394624380387e-01,2.600724702166684055e-01,2.478548475231890091e-01
7.937272524667146611e-02,1.873351783494797695e-02,2.692885645064555522e-01,1.638211394585335490e-01,2.622636603577885306e-01,2.065203925956028974e-01
3.247035662214288465e-02,1.760965991726486449e-02,9.618601768561078902e-02,4.475549627740823544e-01,1.379517515596406507e-01,2.682272514412584741e-01
1.124232853146213268e-01,4.581664495417843430e-02,2.051990806660824729e-01,2.268342623568647409e-01,2.414566109084923251e-01,1.682701157997608388e-01
8.551003183237572414e-02,4.886808753860929361e-02,1.092183123639285797e-01,4.351131007338387979e-01,7.199938240163353265e-02,2.492910851296141206e-01
2.016781214246952253e-02,1.353514687497343189e-02,8.437045062908248017e-02,4.997648977102795431e-01,1.578458894158508985e-01,2.243158032273441793e-01
5.680429679027453049e-02,7.975158320091726982e-02,9.735461647953842779e-02,2.885203178994537598e-01,1.769998870475123776e-01,3.005692985823036345e-01
4.747303217923279361e-02,3.427810121053580239e-02,8.630296978197479763e-02,4.012386579668573705e-01,1.886992167651774521e-01,2.420080220962218809e-01
3.870375782543676590e-02,5.121624845141101862e-02,3.338730054404389497e-02,5.788100160424404228e-01,8.797516442964531391e-02,2.099075127070225699e-01
5.247003079972495376e-02,2.460701145542080678e-02,9.889510293658841655e-02,4.105566255576861279e-01,1.865931380023670427e-01,2.268780912482126766e-01
7.115089259819580569e-02,5.954245459638943250e-02,6.095632815595626586e-02,3.276404721135146580e-01,1.695851623349180215e-01,3.111246902010257886e-01
7.760892415220493890e-02,5.117586889374016457e-02,2.834967910565304172e-01,1.700041536465757563e-01,3.229652893080532938e-01,9.474897294289548466e-02
1.239075218495630237e-01,5.106897862042759917e-02,2.186256274874502636e-01,2.202755944881102379e-01,2.134057318853623264e-01,1.727165456690866463e-01
8.566278712294327080e-02,5.069627856018759510e-02,1.276820386044363598e-01,2.878383682767138296e-01,8.003358489078700455e-02,3.680869425449320720e-01
3.018986506479930804e-02,1.886943214038201352e-02,1.500850691800970915e-01,4.363546618646014230e-01,1.004509144744076543e-01,2.640500572757124020e-01
1.487126558121308270e-02,6.531854945764684062e-02,1.703532428354289641e-01,2.548552288846727132e-01,2.069546873865848458e-01,2.876470258544536751e-01
1.129748115386594448e-01,6.816753539062063438e-02,1.877527455195537320e-01,1.791832755732453430e-01,2.775584034082405616e-01,1.743632285696803952e-01
1.204470546636995654e-01,5.587600076960472922e-02,2.425337714853991744e-01,2.410224148974349501e-01,2.042801298244327213e-01,1.358406283594289221e-01
1.061536026778286401e-01,6.004161553496172726e-02,1.803238899030595310e-01,2.840803053704539227e-01,1.550834716494356447e-01,2.143171148642604995e-01
1.627050734193722370e-01,9.015755642584447060e-02,2.741802335898913534e-01,8.170096474580575141e-02,2.916221909355790620e-01,9.963398088350711168e-02
1.207327846284924205e-01,5.672797034522095161e-02,2.133284163310018022e-01,2.443452913283174210e-01,2.131063367874870274e-01,1.517592005794801691e-01
4.544827583166753671e-02,4.991758734058848734e-02,1.605768410812424551e-01,3.636024245716173442e-01,1.708127039900753930e-01,2.096421671848088253e-01
2.726999999999999980e-01,2.172000000000000042e-01,2.172000000000000042e-01,0.000000000000000000e+00,2.172000000000000042e-01,7.580000000000000626e-02
1.471860971527349515e-01,4.701457300115879229e-02,2.220138374100145418e-01,2.214081185255801776e-01,1.593236144328714077e-01,2.030537594776402055e-01
0.000000000000000000e+00,0.000000000000000000e+00,0.000000000000000000e+00,1.000000000000000000e+00,0.000000000000000000e+00,0.000000000000000000e+00
8.799343791123184766e-02,5.967836509922672117e-02,1.086529250686810028e-01,3.214954259546768389e-01,1.233704106656351440e-01,2.988094353005484316e-01
3.486976558207134647e-02,2.103106491124269103e-02,1.440046620923725873e-01,3.789133933825397649e-01,1.410992799515534968e-01,2.800818340802202489e-01
5.238909220550717200e-02,2.996808216723127749e-02,1.509814800970329107e-01,4.321304063322173317e-01,1.875985040631202860e-01,1.469324351348909319e-01
4.649999999999999967e-02,0.000000000000000000e+00,3.952999999999999847e-01,0.000000000000000000e+00,5.000000000000000000e-01,5.809999999999999887e-02
1.136976178727126530e-01,5.882417257744735478e-02,1.465791388529320283e-01,2.482323356197235764e-01,1.335283134358584423e-01,2.991384216413259800e-01
3.832147128937266750e-02,2.402905441013044111e-02,2.543909201217894323e-01,2.317411824126059949e-01,2.976198051099974706e-01,1.538975666561039901e-01
6.711041409166559890e-02,3.524066549670207271e-02,1.514674926125277044e-01,2.797922277317426709e-01,3.327944534965845413e-01,1.335947465707774395e-01
5.614150729502105641e-02,1.634667080730264205e-02,1.071744681631392748e-01,4.498968299160833184e-01,1.478489447932940237e-01,2.225915790251595527e-01
1.759846775536266228e-01,1.081084828202310000e-01,2.044570045778599798e-01,1.735091966024926158e-01,1.778803597718918161e-01,1.600602786738979655e-01
1.006800232252478000e-01,4.325009101533258682e-02,2.925765867501313178e-01,2.364974917907398666e-01,1.133203827363634120e-01,2.136754244821851279e-01
1.554567234318418312e-01,7.098351778156221370e-02,1.144885224309951655e-01,2.442627790429069135e-01,2.181178097592948728e-01,1.966906475533989618e-01
4.495350774930143706e-02,4.069043635627839217e-02,1.969732351573236506e-01,1.909984690347304448e-01,2.964812234746251884e-01,2.299031282277408106e-01
1.501985511131465334e-01,6.612057602916683596e-02,8.908985015667268692e-02,2.063479913106576191e-01,1.756601118891858437e-01,3.125829195011705086e-01
0.000000000000000000e+00,1.474000000000000032e-01,0.000000000000000000e+00,6.320000000000000617e-02,0.000000000000000000e+00,7.894999999999999796e-01
0.000000000000000000e+00,0.000000000000000000e+00,3.879829881604571901e-02,6.117385162332664716e-01,6.257319621084064809e-02,2.868899887398470017e-01
2.154066783337302282e-02,1.004680616580680558e-01,7.366969670386992741e-02,2.712875383448379307e-01,4.200771456732495246e-02,4.910263208925261802e-01
1.727866281538025517e-01,8.691091087215614686e-02,2.558541523113885274e-01,1.098701765739119596e-01,3.022781360812291651e-01,7.229999600751157995e-02
3.536148046526899069e-02,1.119989950679338084e-02,9.824183777023855202e-02,3.638131986372895588e-01,1.043121123449330945e-01,3.870714712754765308e-01
1.947022906661807495e-01,6.833052189148296207e-02,2.481999486527721455e-01,1.546280075132848708e-01,1.929026451097968498e-01,1.412365861664825473e-01
5.926865024088699002e-02,3.260144853007067994e-02,3.226683815575631664e-02,4.816199963073307111e-01,1.184273650398497413e-01,2.758157017261056443e-01
4.272377332680740714e-02,7.795250564922558134e-02,2.461314506170219907e-01,2.569682879492642957e-01,1.434988883791444847e-01,2.327250940785363376e-01
1.067820550059908891e-01,4.769533326068139262e-02,1.718770991509970814e-01,3.141987087781091814e-01,1.689755190652899031e-01,1.904712847389314900e-01
5.069307994978738963e-02,1.565611435260522502e-02,1.316285208092903281e-01,3.977898424611876482e-01,8.526401476617528896e-02,3.189684276609541791e-01
1.345003022448680030e-01,8.313674692965035418e-02,8.886042934700055795e-02,3.688051730810747997e-01,1.371707447026728199e-01,1.875266036947334236e-01
8.071998295285263969e-02,4.109149382660783750e-02,1.950933770708875581e-01,3.039128529674101631e-01,2.340006582867858731e-01,1.451816348954558800e-01
5.745427615074161221e-02,4.240224360768897471e-02,7.354305958683256261e-02,4.144194131141780701e-01,1.254632793756682296e-01,2.867177281648905507e-01
4.941494939177856760e-02,2.436618995336508123e-02,2.581123511502897427e-01,3.026273235962550490e-01,2.020964437125323532e-01,1.633827421957793069e-01
1.020771024923038117e-01,3.748853695940505826e-02,1.548368929249736847e-01,2.594092898284723891e-01,1.740035228886033514e-01,2.721846549062416631e-01
1.073391900843153474e-01,4.794418353079849676e-02,1.727738674431253674e-01,3.115596919322010105e-01,1.698571483713008645e-01,1.905259186382590175e-01
6.422838555089330215e-02,6.901811459040191332e-02,1.354543710435724413e-01,3.404207484690097152e-01,1.583273275078415920e-01,2.325510528382810638e-01
5.533966903157288425e-02,6.212067966645543754e-02,6.788227868848679958e-02,4.811578351362925665e-01,7.821440400766418999e-02,2.552851334695283025e-01
5.040796564333117208e-02,2.950898103384919785e-02,2.361874485795219247e-01,2.543686165951709044e-01,2.813852381762046995e-01,1.481417499719222819e-01
8.959351372729433549e-02,5.913075614792650397e-02,4.146773465082877197e-02,4.385584165034881465e-01,1.146879082086018908e-01,2.565616707618603165e-01
5.336445116032787622e-02,1.036573326407862726e-02,7.100124035296721814e-02,3.865394626517728027e-01,1.866273907647209573e-01,2.921017218061325860e-01
9.068931147921925617e-02,5.768286325783260338e-02,1.994352293587302039e-01,1.134038628048182895e-01,3.055974941368955200e-01,2.331912389625040161e-01
9.531731331375264960e-02,4.163778238692341510e-02,2.208642579570677389e-01,2.449420582372824895e-01,2.368958205875369427e-01,1.603427675174365907e-01
1.368405611578505376e-01,2.611964144630521054e-02,3.343884917976252535e-01,1.479328949572726870e-01,1.953774577139020252e-01,1.593409529270441716e-01
1.304335302414657283e-01,2.530911597619813283e-02,3.509814166578199557e-01,1.424565157875931631e-01,1.818523813230100983e-01,1.689670400139128559e-01
1.401643015392078639e-01,2.805258447814504633e-02,2.751183795441542457e-01,1.213211463807030016e-01,2.551253063901415263e-01,1.802182816676483335e-01
1.304222978410486122e-01,4.725329863052876722e-02,1.035605914620429807e-01,2.529043081741182974e-01,2.356588266563759970e-01,2.302006772358854148e-01
1.511049998503900815e-01,7.544240536702084832e-02,1.709713346369496068e-01,1.184570446696039669e-01,2.933121881299983191e-01,1.907120273460371218e-01
7.169968215241519227e-02,1.546965541892018382e-02,5.303231324204654706e-02,4.536035013480865241e-01,1.119255675564323066e-01,2.942692802820994213e-01
1.450925061289276008e-01,2.521117903988224704e-02,3.170323029958346250e-01,1.570817240273565396e-01,2.056156043628361851e-01,1.499666834451627573e-01
3.058361809256156943e-02,7.999605664942688321e-02,1.037525319929492873e-01,1.516667489405777447e-01,3.125004501664273016e-01,3.215005941580572624e-01
9.185622153360595288e-02,5.103375919897527868e-02,1.464921557749899739e-01,3.807804808919174056e-01,1.096185036051080114e-01,2.202188789954034887e-01
7.250743855208033328e-02,3.542830284220235826e-02,2.289152977830425650e-01,3.032049922943990672e-01,2.266197703397335450e-01,1.333241981885421590e-01
8.518480749796726592e-02,5.980425652963199112e-02,2.805418746144913156e-01,2.153686877631430796e-01,2.324615492358184654e-01,1.266388243589479934e-01
1.397082406565867962e-01,4.877699244879753898e-02,2.895093071617094727e-01,1.500269713120598036e-01,2.231789812565625475e-01,1.487995071642839451e-01
2.715140655987221055e-02,5.732770096364065565e-02,6.721747378549011720e-02,4.508530479375389977e-01,1.538044804495764528e-01,2.436458903038815071e-01
1.050628734224740984e-01,7.600621982787303388e-02,1.199705196436280513e-01,3.211021366731479643e-01,1.331592769225445338e-01,2.446989735103322627e-01
1.099988291649233035e-01,4.198532521829175662e-02,1.821195340130132845e-01,2.452758197379729665e-01,2.786238365358769120e-01,1.419966553299218948e-01
6.174177234897704897e-02,1.053918267891013755e-01,9.704863320473797184e-02,2.706736249338944078e-01,2.673959352320416372e-01,1.977482074912475241e-01
8.042653079532371962e-02,2.072111441557927120e-02,6.851740311205206657e-02,3.769573166395991382e-01,1.003870519420279050e-01,3.529905830954178092e-01
4.949997850489021994e-02,2.927336196916072164e-02,1.698116431407490634e-01,3.392153057038149178e-01,1.291406565695552566e-01,2.830590541118298553e-01
1.032563891599298928e-01,1.013358938053153385e-01,7.965842486944177403e-02,2.603465201113939198e-01,1.432347947111442255e-01,3.121679773427747939e-01
8.717335548977744875e-02,5.796419023298018253e-02,1.877583402425498371e-01,3.153418896838632857e-01,1.388217581749257024e-01,2.129404661759035089e-01
1.008803872341396679e-01,4.213030102625258538e-02,1.544913908296659533e-01,3.290901456413553028e-01,1.564873147274471743e-01,2.169204605411393372e-01
1.239075218495630237e-01,5.106897862042759917e-02,2.186256274874502636e-01,2.202755944881102379e-01,2.134057318853623264e-01,1.727165456690866463e-01
