1.051254609792178496e-01,4.262267285174647230e-02,2.241510720046208660e-01,2.489636622685959810e-01,2.026896259670177280e-01,1.764475059288011238e-01
1.004192055526988286e-01,1.564597841069798045e-02,1.651957537459050052e-01,3.552845764332527856e-01,1.462410700451675372e-01,2.172134158122778491e-01
1.002721324029619832e-01,2.920591394532661908e-02,2.030614206658034604e-01,2.682198310138432795e-01,2.076921366938889180e-01,1.915485652781757919e-01
1.071492697361735996e-01,2.966241371208682212e-02,1.941678734803045092e-01,2.699092848669032429e-01,2.142334818440101429e-01,1.848776763605217144e-01
9.644724625065063950e-02,1.762672387796586013e-02,1.464801593468829655e-01,3.713766415867678083e-01,1.775952647902401538e-01,1.904739641474926248e-01
9.880274600498661908e-02,4.530729121190343184e-02,1.397413250765121573e-01,4.064006782175594856e-01,1.096409432059958777e-01,2.001070162830424215e-01
1.198664451080436316e-01,3.783745413029460797e-02,2.267185276849218167e-01,2.056503646055310996e-01,2.355968350431450753e-01,1.743303734280637896e-01
1.053006601922269053e-01,3.756606624492943303e-02,1.817500423200145432e-01,3.226184803666480305e-01,1.819063128922438488e-01,1.708584379839371836e-01
1.013201277535775158e-01,3.253484467952406922e-02,1.983335977335498324e-01,2.786547926748301207e-01,1.739006803029427006e-01,2.152559568555757752e-01
6.004913836037201191e-02,3.006132999209009185e-02,1.616410927848526136e-01,4.142149130022287906e-01,1.290839712719184518e-01,2.049495545885380576e-01
9.723854513250868026e-02,2.910247258939968606e-02,1.845261885027005000e-01,3.064662082412656363e-01,1.950534675170011167e-01,1.876131180171242141e-01
2.649999999999999925e-02,4.420000000000000318e-02,2.477999999999999925e-01,2.649999999999999925e-02,5.574999999999999956e-01,9.729999999999999760e-02
1.188497542012260239e-01,6.914543635731375260e-02,2.001586619863167382e-01,2.644355271524394535e-01,1.943900793376933667e-01,1.530205409650106096e-01
9.511144891844812432e-02,2.981784146392174942e-02,1.771306449707227004e-01,2.058592117882585837e-01,2.957566308624626217e-01,1.963242219961861268e-01
1.478252114239843040e-01,6.145353946386972882e-02,2.413291679823230118e-01,2.185487345383262114e-01,2.117342622951942643e-01,1.191090842963024726e-01
9.855877744326482781e-02,3.542034190742795324e-02,1.366059261606718533e-01,4.102910262504622096e-01,1.703008855789714671e-01,1.488230426592017652e-01
1.057386819249314797e-01,3.247267493970380781e-02,1.274117700402927211e-01,3.609262041691485567e-01,1.453779544823533831e-01,2.280727144435700793e-01
9.776231568484296253e-02,2.903478294214020816e-02,1.694034019779080968e-01,4.102666860151685246e-01,1.648605140937043634e-01,1.286722992862357751e-01
1.022561570180503115e-01,2.975596752715873108e-02,2.200733368212649255e-01,2.689187039458926787e-01,1.930054219523685277e-01,1.859904127352648429e-01
1.365145052785256830e-01,5.966702127775752595e-02,2.655884180554300422e-01,1.895604554186150204e-01,2.344140001020306452e-01,1.142555998676409862e-01
1.384822930849065326e-01,8.032942917217780754e-02,2.132176206030451660e-01,2.040545303145584188e-01,2.032643883349606884e-01,1.606517384903514978e-01
7.936319430131201502e-02,1.343056523403378041e-02,2.223906004800525193e-01,4.193874913711594377e-01,8.800392155579764286e-02,1.774242270576444347e-01
9.631951721109405229e-02,3.866485215024544064e-02,1.943947094962108213e-01,3.900537833102171170e-01,1.143988834636973650e-01,1.661682543685352453e-01
1.030494125176523029e-01,3.236718168474215368e-02,2.006692220467620469e-01,2.409581979700728682e-01,2.217545861188600087e-01,2.012013996619106959e-01
1.132277731935819876e-01,3.205272900948132747e-02,2.173195894166253528e-01,2.756862444742777529e-01,1.641047354662127089e-01,1.976089284398207246e-01
1.031068238559446071e-01,3.242062871175994260e-02,1.995823100837420538e-01,2.407757875903917821e-01,2.224341662188178415e-01,2.016802835393438631e-01
1.151426208506981241e-01,3.709371841233290168e-02,2.068576656342397679e-01,2.098292711931286914e-01,2.573175280133621623e-01,1.737591958962384220e-01
9.659066985486886026e-02,3.127500016620609474e-02,1.307294009710868177e-01,4.012785680569622149e-01,1.030810177131371713e-01,2.370453432377390146e-01
9.909987011643786592e-02,3.989629365371476916e-02,1.823885693898028293e-01,1.728337713136241516e-01,3.804317945622481822e-01,1.253497009641721949e-01
1.215956747404844385e-01,3.853269896193771415e-02,2.618692041522491798e-01,1.300456747404844515e-01,2.908121107266435357e-01,1.571446366782006943e-01
9.993828650861308338e-02,3.201256148558793979e-02,1.863819264001697062e-01,3.999293913679565771e-01,1.183285754459863365e-01,1.634092587916863015e-01
1.002966844948818548e-01,5.796165935733794961e-02,2.240966931175743526e-01,2.197990194082437287e-01,2.552704212105461612e-01,1.425755224114158004e-01
1.218600318208855893e-01,4.448714825455567928e-02,1.765801492120122607e-01,2.575272065192794058e-01,2.545020365092233172e-01,1.450434276840437409e-01
1.195551269022078061e-01,4.598130458276881299e-02,1.495657475184927199e-01,3.902579490463433110e-01,1.268317249796533930e-01,1.678081469705339501e-01
1.208246858989574096e-01,5.937060121349482106e-02,1.883411207074951188e-01,2.112566289650649187e-01,2.478504004321347987e-01,1.723565627828528846e-01
8.737807995060774269e-02,1.098778920587911885e-02,1.274117700402927211e-01,3.961007944873471964e-01,1.324895075619468565e-01,2.456320587539263245e-01
1.105434207092621524e-01,4.061540779080075048e-02,1.450148145492480001e-01,3.441021221438866906e-01,1.991618830068168089e-01,1.605623517999855143e-01
1.278747314404484192e-01,5.648039101809166490e-02,1.745142850988968541e-01,2.899035454860841576e-01,1.926228720044985410e-01,1.586041749519804533e-01
1.031068238559446071e-01,3.242062871175994260e-02,1.995823100837420538e-01,2.407757875903917821e-01,2.224341662188178415e-01,2.016802835393438631e-01
1.130029532144481291e-01,3.522142759068971896e-02,2.200043968847198717e-01,2.163819670582857180e-01,2.130650969100376935e-01,2.023241583418188827e-01
1.131995501551984890e-01,6.085559543022651258e-02,1.849790651672175990e-01,3.357445403101145809e-01,1.684412912936770756e-01,1.367799576435658471e-01
1.038393942878447773e-01,3.481462221020674430e-02,2.327041221404035076e-01,2.304306224489854338e-01,1.956672126560870528e-01,2.025440262564724148e-01
1.061494169185721176e-01,2.006266787604672752e-02,1.677356931449554278e-01,3.577340966229172747e-01,1.698997699955613061e-01,1.784183554419471185e-01
9.878829173124904772e-02,2.876219183784137906e-02,1.661997178878236725e-01,3.318826799697566221e-01,1.964510792346633727e-01,1.779160393386658989e-01
1.258340594264577283e-01,5.221263905653562160e-02,1.799178436234582790e-01,2.822169188994142486e-01,2.018109276970094790e-01,1.580076112971245117e-01
8.103883626522329076e-02,2.074323410013531946e-02,2.785951285520974485e-01,2.923153585926928089e-01,1.566211772665764834e-01,1.706862652232746802e-01
8.737272168014280360e-02,1.098021203168060914e-02,1.399213226186436509e-01,3.784107555180376559e-01,1.400309799085775186e-01,2.432840082429177930e-01
1.145907302934102839e-01,2.936285711293494874e-02,1.475015440534323541e-01,2.930125138713190469e-01,2.670312051804573650e-01,1.485011494884460048e-01
1.009116712720163900e-01,3.347957668377225110e-02,1.606127934735614993e-01,3.932179176300306667e-01,1.207218180792871826e-01,1.910562228613319757e-01
9.715436515208571155e-02,3.562294823904424423e-02,2.090553322937664937e-01,2.927463656229051803e-01,1.355854836402192731e-01,2.298355050519791387e-01
1.053372442352267652e-01,2.953387074023625797e-02,1.913412084707903638e-01,2.575587319498860439e-01,2.326272586984760582e-01,1.836016859053847261e-01
1.029956272897533387e-01,2.997114922412208102e-02,1.830179707058269267e-01,3.213164639922130861e-01,1.767764219314657825e-01,1.859223668566187815e-01
1.200300339054635873e-01,2.847466755159423768e-02,2.917998387688780504e-01,2.362164430045749497e-01,2.064953907228975760e-01,1.169836260465916683e-01
1.009787783268146777e-01,3.170916473265450453e-02,1.972169301491536464e-01,2.877847239897328158e-01,2.143214792569979599e-01,1.679889235446463958e-01
8.431255019298031228e-02,1.774891270271215099e-02,2.300683636827674794e-01,3.094034880631966744e-01,1.493644932173140705e-01,2.091021921410293194e-01
1.359023359931074981e-01,5.159565257457841142e-02,2.499936026640547926e-01,1.919941775608456913e-01,2.501520054117537528e-01,1.203622257956598190e-01
1.031068238559446071e-01,3.242062871175994260e-02,1.995823100837420538e-01,2.407757875903917821e-01,2.224341662188178415e-01,2.016802835393438631e-01
1.145310042449666915e-01,3.388060833830199708e-02,2.001120178332390642e-01,3.162232882020272196e-01,1.768049764431588455e-01,1.584481049383061613e-01
1.043941667950873814e-01,4.664252356799709898e-02,1.930594174835342236e-01,2.625541879677585344e-01,2.017229596178198858e-01,1.916267445678027648e-01
1.224638080803315821e-01,3.091172341114033911e-02,2.102490227334492812e-01,2.655576914515506703e-01,1.951327042591745053e-01,1.756850500643537538e-01
1.230685830164845312e-01,5.640187055296171786e-02,1.767280396878172233e-01,2.938294559097964220e-01,1.794682945747997360e-01,1.705037562581404043e-01
1.003502978778312571e-01,2.835961178373321706e-02,1.579089264618838973e-01,3.456533395113229878e-01,2.170517401744793407e-01,1.506760841907493209e-01
9.187411126287982344e-02,2.526077829318533474e-02,1.678314473356257719e-01,3.141324448424269722e-01,2.154120747792977186e-01,1.854891434865844069e-01
1.107718864240848505e-01,4.095908789200529421e-02,1.962075142332309619e-01,2.486907709334032768e-01,2.129471227833039104e-01,1.904236177339716785e-01
4.653129803140882564e-02,2.547578214792165299e-02,1.287410258771039262e-01,4.363028353756984168e-01,1.538546933280587337e-01,2.090943652398084551e-01
0.000000000000000000e+00,0.000000000000000000e+00,4.328000000000000180e-01,5.672000000000000375e-01,0.000000000000000000e+00,0.000000000000000000e+00
9.160782571831561916e-02,5.422529032938866456e-02,2.279560406120645089e-01,2.797297355332250546e-01,1.486626350724159773e-01,1.978184727345902727e-01
1.099874904783237906e-01,3.000636152623353120e-02,1.967901882390200308e-01,2.695894944542248095e-01,2.365217144958020046e-01,1.571047508063958542e-01
9.770444106078608748e-02,3.533930066441240414e-02,1.423852510269169869e-01,2.759314273856676714e-01,2.529771625136522095e-01,1.956624173485645712e-01
9.969661379568682535e-02,2.903828464977654261e-02,1.562649464569305369e-01,3.247499281996811260e-01,1.679939560978869206e-01,2.222562708000380693e-01
1.255809227839900788e-01,4.673956627736560593e-02,1.749222363889366139e-01,2.697403554905113410e-01,1.924851860851641006e-01,1.905317329740321974e-01
6.371958498250132608e-02,5.129226278711484371e-02,1.528973341717733969e-01,4.169977916050827127e-01,8.271527304932776992e-02,2.323777534041999437e-01
1.026068085613783959e-01,3.090681452334108695e-02,2.324216300005961799e-01,2.436722510383751983e-01,2.213907271607146454e-01,1.690017687155945247e-01
1.015185908391310204e-01,3.211394431357392915e-02,1.516372765666929578e-01,4.227978853865049791e-01,1.124382792862765740e-01,1.794940236078205187e-01
9.534438511241929981e-02,2.518667488045348707e-02,1.949827759100314084e-01,3.001433729381507431e-01,1.930683742503307987e-01,1.912744169086142698e-01
7.778993011429406745e-02,1.423037395490900532e-02,2.250843162380724571e-01,4.146565894449409373e-01,1.135717819944500884e-01,1.546670082533336543e-01
8.324926799782676745e-02,2.714251956517447009e-02,1.822388916241881596e-01,2.714255141212565947e-01,2.024107505116212735e-01,2.335330561799326965e-01
1.233458487475383447e-01,3.766587525076842136e-02,2.477553543273272041e-01,1.853928551708906303e-01,2.464910827673789662e-01,1.593489837360965444e-01
1.207389525971018646e-01,4.231106212942837425e-02,1.915049150246662946e-01,2.708634023667202406e-01,1.914304300838994000e-01,1.831512377981838469e-01
1.055773941213653533e-01,3.227224241466498250e-02,1.313779037610618983e-01,3.586984434260429566e-01,1.454090451169405829e-01,2.266649711599241224e-01
8.768961018233606408e-02,1.210022958024873328e-02,1.753999796871145989e-01,3.561870035480584340e-01,1.420385208201495053e-01,2.265846561820927529e-01
1.248328122079559455e-01,4.585090217521006761e-02,2.272677929733080415e-01,2.561117394183036744e-01,1.794484413229720798e-01,1.664883119022501634e-01
1.251069884461793458e-01,3.994132077306673800e-02,2.234806289895930609e-01,2.045280006975441767e-01,1.929523119378798446e-01,2.139907491557367925e-01
1.196162877313267647e-01,2.731702096765493623e-02,2.685156187612786072e-01,2.226165988764040593e-01,2.207149665164874486e-01,1.412195071468480556e-01
1.211168505531581285e-01,4.232046032523262280e-02,1.929163713610651532e-01,2.698337051390940489e-01,1.913345960287493597e-01,1.824780165927006315e-01
1.149974913021663686e-01,3.759568486581291863e-02,2.046062648750129331e-01,2.116114883578159855e-01,2.506419570799626739e-01,1.805471135192291410e-01
1.056693139158461497e-01,3.238647124103300606e-02,1.291175580409530121e-01,3.599680701748175782e-01,1.453913262028110331e-01,2.274672604245392693e-01
9.352353018605262525e-02,2.556797625177235217e-02,1.624950389973183196e-01,4.014623105657778024e-01,1.712614870509606979e-01,1.456896569481180292e-01
6.416711409395974008e-02,1.286577181208053674e-03,1.336093959731543546e-01,5.441328859060402534e-01,1.055926174496644304e-01,1.512114093959731620e-01
1.245667352984767690e-01,6.372455301628264512e-02,1.723078084340542160e-01,2.032326188609470119e-01,2.512634993187323751e-01,1.849047850715069830e-01
5.895883783741688589e-02,2.789454434721803239e-02,8.867241646916153297e-02,5.365866495665628788e-01,5.513279702166030277e-02,2.327547547579803255e-01
1.198551402031228230e-01,7.703250817544676776e-02,1.680116447114429756e-01,2.059669897402198746e-01,2.652587767680553155e-01,1.638749404017123823e-01
9.818270421044307528e-02,9.034141364370432137e-03,1.039969291035785504e-01,3.614447849647585143e-01,2.373597832060989343e-01,1.899816571507504659e-01
1.207389525971018646e-01,4.231106212942837425e-02,1.915049150246662946e-01,2.708634023667202406e-01,1.914304300838994000e-01,1.831512377981838469e-01
1.015727653830679200e-01,2.958474477280691184e-02,1.825481187296396079e-01,2.918245532064011050e-01,1.879688250334203281e-01,2.065009928746641688e-01
9.979124194088997979e-02,2.905420059543760425e-02,1.731245489855872399e-01,3.192662315897394909e-01,1.779151797156884041e-01,2.008485971726571839e-01
1.256242984005301599e-01,1.945155776063301617e-02,1.539124452395989606e-01,4.021111634877675978e-01,1.300613494451208774e-01,1.688391856663493951e-01
1.023000775000587059e-01,3.215153950874205524e-02,2.016243951699963344e-01,2.540683742942229650e-01,2.161244061548531492e-01,1.937312073721267625e-01
1.070486533728863543e-01,3.255453324392576508e-02,2.089102529416478615e-01,2.165665169615221264e-01,2.877811423573320426e-01,1.471389011226858223e-01
1.065912098833964178e-01,3.971685338683064725e-02,1.981750778326651086e-01,3.133459933652181229e-01,1.467121502632177943e-01,1.954587152686719786e-01
1.031666999898310511e-01,2.958493484072143367e-02,1.915885973387802810e-01,2.861021768040794000e-01,2.037872117051459930e-01,1.857703793214417198e-01
4.300000843603121042e-02,1.147391092459550989e-02,9.750072841884764585e-02,4.456438606134032754e-01,1.706899180991156006e-01,2.316915735080068428e-01
1.066866149090148486e-01,3.260265395697701379e-02,2.778408490632687244e-01,1.528969257169640328e-01,2.701395163995681803e-01,1.598334399542071793e-01
9.839098400280604784e-02,2.776920703486577754e-02,1.654875892850860841e-01,3.451122979496213383e-01,2.129751443988715243e-01,1.502647773287489885e-01
8.621527288032758418e-02,1.256135339030420642e-02,1.718894941204478222e-01,4.307651664237531763e-01,1.228440957833046993e-01,1.757246174018625429e-01
1.153539520620352476e-01,3.412405309683501364e-02,2.218696797034690749e-01,2.689187039458926787e-01,1.824922929259434889e-01,1.772413182658244823e-01
1.271866289606219114e-01,3.173198721399437400e-02,2.523045522455555356e-01,1.592253332772288754e-01,2.917669750959215880e-01,1.377845232066775560e-01
1.065655123251815217e-01,3.241630362689363470e-02,1.872105423925826684e-01,2.334114320435144996e-01,2.652723716625758343e-01,1.751238379492516539e-01
1.187641075973720067e-01,2.997549367588689048e-02,2.063177344716119743e-01,3.114031568096099489e-01,1.560203046520863557e-01,1.775192027934328898e-01
1.377368077175623873e-01,5.097440750245373076e-02,2.633319853556775891e-01,1.946663417159676668e-01,2.161574847012468215e-01,1.371329730070918740e-01
4.811258579321300854e-02,5.030105143045027205e-02,7.449470101816134393e-02,5.301073318025001369e-01,1.289677187456376717e-01,1.680166112100375531e-01
1.005838711651906164e-01,3.193683857413017607e-02,1.736085463794025674e-01,2.508758862401161416e-01,2.272463141393802621e-01,2.157485435017801878e-01
1.044553367828544160e-01,5.116781187736269693e-02,2.178872567216418310e-01,2.151925393374192197e-01,2.236600277274827797e-01,1.876370275532390497e-01
1.102691465551454836e-01,2.625999951402969296e-02,1.646219016018121151e-01,3.201676057592881541e-01,1.790309212107140391e-01,1.996504253590105360e-01
1.353631628217532024e-01,5.421620056108270025e-02,2.033195169803236058e-01,2.028312964608420810e-01,2.351270021823201051e-01,1.691428209936783056e-01
1.033015943015673926e-01,3.399216307775960316e-02,2.012145348395335542e-01,3.668428412229904900e-01,1.893241019395425218e-01,1.053247646186065423e-01
1.038914228036947746e-01,4.008567141233104064e-02,1.613284123920247226e-01,3.917104446924329353e-01,1.680059693062055381e-01,1.349780793933110512e-01
8.349384730921494135e-02,1.966887170494273709e-02,1.854813883309661959e-01,4.241647445295071428e-01,9.501163739941868858e-02,1.921795107259502144e-01
1.388780428801670297e-01,5.292805099698988380e-02,1.896461171347721408e-01,2.583910971716321114e-01,1.997677421545337173e-01,1.603889496619051447e-01
1.207389525971018646e-01,4.231106212942837425e-02,1.915049150246662946e-01,2.708634023667202406e-01,1.914304300838994000e-01,1.831512377981838469e-01
1.040298963046187158e-01,2.951980161154826171e-02,1.882968036027192760e-01,2.848976032549346837e-01,1.856284827730109444e-01,2.076274124531681808e-01
8.839462278041314292e-02,2.570326404940831422e-02,1.712429965466180648e-01,2.413022987118367269e-01,1.509336503681646402e-01,3.224231675435592082e-01
4.283209940267285187e-02,3.835782760189839630e-02,1.764627747555918280e-01,3.428860896561441995e-01,2.336333521381706302e-01,1.658278564455221149e-01
1.177044702529480708e-01,5.284713714394494166e-02,2.129466955136331829e-01,2.207484887333322210e-01,2.227630370200104348e-01,1.729901713361311488e-01
1.135421108422168396e-01,3.110462209244185122e-02,2.184720494409888580e-01,2.637524750495010006e-01,2.128106562131242552e-01,1.603180863617272578e-01
1.183043631361643533e-01,3.679362205302402766e-02,2.322882501816510847e-01,2.832371442644541770e-01,1.576033336560321296e-01,1.717732867086742277e-01
1.036287721003466972e-01,2.935874703953444270e-02,2.231445107931989413e-01,2.798612201508020592e-01,1.992106882415280722e-01,1.647960616745897944e-01
9.673807239589399254e-02,4.914767113069052479e-02,2.014941512862214457e-01,2.998772414430656008e-01,1.731374215774457992e-01,1.796054421666827550e-01
1.015273016706446790e-01,3.216144276636127147e-02,1.800773579752422693e-01,2.724387925540657229e-01,1.777235426946490171e-01,2.360715623390369500e-01
1.062301310775092544e-01,4.027049378601330054e-02,1.940406442490147931e-01,2.883337296888752732e-01,1.850490291918746866e-01,1.860759720067126088e-01
1.359023359931074981e-01,5.159565257457841142e-02,2.499936026640547926e-01,1.919941775608456913e-01,2.501520054117537528e-01,1.203622257956598190e-01
1.086975619785792990e-01,4.335229502987558020e-02,2.366351192219266208e-01,1.846030193334537994e-01,2.673435660035265449e-01,1.593684384326382319e-01
7.660490389838159331e-02,1.801469452071966654e-02,1.772292929627244662e-01,3.638075506953610261e-01,1.632362010558723320e-01,2.011073568669409506e-01
6.024289717136024208e-02,1.273754999172756891e-03,9.600222325729119988e-02,4.355321830778625669e-01,1.843482952480367254e-01,2.226006462462765956e-01
1.047076849230255541e-01,3.302196884847893865e-02,2.429764728798113893e-01,1.235869466918030901e-01,3.524094080654474603e-01,1.432975185914336924e-01
6.281999999999999806e-01,0.000000000000000000e+00,0.000000000000000000e+00,0.000000000000000000e+00,1.794999999999999929e-01,1.922999999999999987e-01
1.009995178973163849e-01,3.172332249146802424e-02,2.208334268466705941e-01,2.074033017641776500e-01,2.474473699835539608e-01,1.915930610168133374e-01
1.051585357831043843e-01,3.117985474656209677e-02,1.901626937080808932e-01,2.779947090582885472e-01,2.282079618305949409e-01,1.672962448733691099e-01
9.920187988228050535e-02,3.020241510664039425e-02,1.653775610346317759e-01,3.205529238782403034e-01,1.837579755046546692e-01,2.009072445935523588e-01
1.345533567953229870e-01,7.147752841400795143e-02,2.375322602357737567e-01,1.873143714302198115e-01,2.214434892978711100e-01,1.476789938268043556e-01
1.279132750190285772e-01,4.315602490264167784e-02,1.921934060451850890e-01,2.645017969069957675e-01,2.054383834596144320e-01,1.667971136665343801e-01
7.153736459511945978e-02,5.061092655723635481e-02,1.247075052859938221e-01,3.896467988791675885e-01,1.613758208648674031e-01,2.021215838176153023e-01
1.031068238559446071e-01,3.242062871175994260e-02,1.995823100837420538e-01,2.407757875903917821e-01,2.224341662188178415e-01,2.016802835393438631e-01
1.139586300395780682e-01,3.362501644396055644e-02,1.985808654477194402e-01,2.592361551999908809e-01,2.340832148353399200e-01,1.605161180334111759e-01
1.030067889368914968e-01,3.232750130556478335e-02,2.014761720537417977e-01,2.410936238943103549e-01,2.212500492427724175e-01,2.008458645667191844e-01
1.200076522737253126e-01,5.996686913307565370e-02,1.841554455058109496e-01,3.288208107062265961e-01,1.308860550355004648e-01,1.761631673456610647e-01
1.207389525971018646e-01,4.231106212942837425e-02,1.915049150246662946e-01,2.708634023667202406e-01,1.914304300838994000e-01,1.831512377981838469e-01
7.923608585377669988e-02,1.138242826606940608e-02,2.233070258954253373e-01,3.640012724683137635e-01,1.708515317046550019e-01,1.512216558117596976e-01
1.013138673926737010e-01,3.184158692604247692e-02,1.966285517254832693e-01,2.462894443981775705e-01,2.183264474347468842e-01,2.056001021228760772e-01
1.118478144876645236e-01,2.978514346923529996e-02,2.237587174515476840e-01,2.850558836380036598e-01,1.656763789362343253e-01,1.838760620173144344e-01
1.224717689923505159e-01,2.040501696747399826e-02,1.703473674373311153e-01,3.799880831843731599e-01,1.528656012962067157e-01,1.539221621222646441e-01
1.264804104665820383e-01,4.916704021418088350e-02,2.932600917040871780e-01,1.867143988750590844e-01,1.959058607631246618e-01,1.484721979769660916e-01
0.000000000000000000e+00,0.000000000000000000e+00,3.309999999999999748e-02,4.966999999999999749e-01,9.270000000000000462e-02,3.775000000000000022e-01
9.011919677853788557e-02,4.336511467413516757e-02,1.744698456941085052e-01,2.773447393282366669e-01,2.246768822571675872e-01,1.900242212678142084e-01
1.033339025563451558e-01,3.001456453601589539e-02,1.848440927966348568e-01,3.245427795302439078e-01,1.752712763550409725e-01,1.819933842257192014e-01
1.358634162105042398e-01,5.162089696366465447e-02,2.494563274329941460e-01,1.920501227615002693e-01,2.505357459243423013e-01,1.204734907069943822e-01
7.364050766950742954e-02,3.067782158226007791e-02,1.414357774097766418e-01,4.373808647230962299e-01,1.339934321719515042e-01,1.828715964434081409e-01
9.703095472733244686e-02,3.991010680271862149e-02,1.394623378292053628e-01,4.336449776297335301e-01,1.517523476355155665e-01,1.381992753754943959e-01
9.099327331711458411e-02,1.099399649484792546e-02,1.728021894205877540e-01,3.648838452264054899e-01,1.540136929183950620e-01,2.063130026226492331e-01
9.568579928788796540e-02,2.786722673438311870e-02,1.409707991706398433e-01,3.976223597429014434e-01,2.009688475570411692e-01,1.368849675071464322e-01
7.413898305084745677e-02,2.521271186440678103e-02,1.445711864406779568e-01,4.046406779661017028e-01,1.617525423728813638e-01,1.896838983050847527e-01
7.430027447014329878e-02,8.568108529374705157e-03,1.346590390144941918e-01,4.730126581603367186e-01,1.160201362550592336e-01,1.934397835705918833e-01
9.504459424001707180e-02,2.851430707679590212e-02,1.632242839108564159e-01,3.643927203376515211e-01,1.461133776528019401e-01,2.027107167818771316e-01
1.015185908391310204e-01,3.211394431357392915e-02,1.516372765666929578e-01,4.227978853865049791e-01,1.124382792862765740e-01,1.794940236078205187e-01
1.152901546278036621e-01,3.793232628477432450e-02,2.240776681338480514e-01,2.544943321793858848e-01,2.043739735568949889e-01,1.638315452172929843e-01
8.226909158995031335e-02,1.159695038822283579e-02,1.643110527416026811e-01,3.740572358066083236e-01,1.455512487652774745e-01,2.222144207083384670e-01
9.578598156137795028e-02,3.128278612118881585e-02,2.109380545607859592e-01,3.379327182965765064e-01,1.687498196153927599e-01,1.553106398446781333e-01
9.728954176908147233e-02,4.251024859434347075e-02,1.195397995464581586e-01,4.147359024281378481e-01,1.601847826285792420e-01,1.657397250333997873e-01
1.111810184206016155e-01,3.302637390479017804e-02,1.927351269081391538e-01,2.219126327087643791e-01,2.686722817190771440e-01,1.724725663386277308e-01
1.244653109035042116e-01,5.116181431311946082e-02,1.772387702639264540e-01,2.853639803744840164e-01,2.019393047901950899e-01,1.598308193547708367e-01
1.015185908391310204e-01,3.211394431357392915e-02,1.516372765666929578e-01,4.227978853865049791e-01,1.124382792862765740e-01,1.794940236078205187e-01
1.110734412552370209e-01,3.193167968621754560e-02,1.901140302271558946e-01,2.189832287994832871e-01,2.147740132489200926e-01,2.331236067829861591e-01
1.086371150632272214e-01,1.802915988216723109e-02,1.894765210179178705e-01,3.774253290741178546e-01,1.564747571422276384e-01,1.499571178203422950e-01
1.171420469412050025e-01,1.090513810709104435e-02,2.103353941288561568e-01,3.705507159814624418e-01,1.349741156228209948e-01,1.560925892185644204e-01
9.982377953889819133e-02,4.393183557102260661e-02,2.341689375834155318e-01,2.288521575319467094e-01,2.308606664463831448e-01,1.623626233283339548e-01
9.850125213456104034e-02,3.189362576642923441e-02,1.396687246024314044e-01,4.259791438026754862e-01,1.093556274020432428e-01,1.946016262918596751e-01
9.916495752686357856e-02,4.362440565430730083e-02,1.858869593090189953e-01,2.895537009505612103e-01,2.210186185866112596e-01,1.607513579726375375e-01
1.006045995581170971e-01,2.927537357976117346e-02,2.159552123061212470e-01,2.941033000954100252e-01,1.683270155547023084e-01,1.917344989058882287e-01
1.058524262665427457e-01,3.578035759334723120e-02,2.018491035166148917e-01,2.361663829526110814e-01,2.214810555526515179e-01,1.988706741182326432e-01
1.244653109035042116e-01,5.116181431311946082e-02,1.772387702639264540e-01,2.853639803744840164e-01,2.019393047901950899e-01,1.598308193547708367e-01
1.019263110640607206e-01,3.193187224035001076e-02,1.993142332611943235e-01,2.407595695783555922e-01,2.256839241803965390e-01,2.003840896756427237e-01
1.022561570180503115e-01,2.975596752715873108e-02,1.817039697905876716e-01,3.135041927488015356e-01,1.755072330134877512e-01,1.972724799019139330e-01
1.186948257935482864e-01,5.781362790482053732e-02,1.422035907522566367e-01,3.830263776581301349e-01,1.306896072159418054e-01,1.675719706753024951e-01
5.010583326303470753e-02,6.026516595957486649e-02,1.640363053757646072e-01,3.669921779762133629e-01,1.748009631439325362e-01,1.837995542814798988e-01
1.090039324945012711e-01,2.963043988817002164e-02,2.100490408981572632e-01,2.611620859057552368e-01,2.210373978403988582e-01,1.691171029730173248e-01
9.911224117815831125e-02,2.803689241032798415e-02,1.649417077694307898e-01,3.425126504680806594e-01,2.142912046807302351e-01,1.511053034932719752e-01
1.211168505531581285e-01,4.232046032523262280e-02,1.929163713610651532e-01,2.698337051390940489e-01,1.913345960287493597e-01,1.824780165927006315e-01
1.216005660264219690e-01,4.232509939579612301e-02,1.948541070280924714e-01,2.684471285418710829e-01,1.912027177990234250e-01,1.815703812087950120e-01
1.049619923704733782e-01,3.588624245147543218e-02,1.860153790562693865e-01,3.047030524773294280e-01,1.927348826170262874e-01,1.756984510274260114e-01
1.246432943261172738e-01,6.908484300385536736e-02,1.988052715315618002e-01,2.842430812024058784e-01,1.841797152214555422e-01,1.390437947146041520e-01
1.020343560085955198e-01,2.815924011837016988e-02,1.696450686199844904e-01,3.091299570287383558e-01,2.454848056410513235e-01,1.455465725832603419e-01
1.244653109035042116e-01,5.116181431311946082e-02,1.772387702639264540e-01,2.853639803744840164e-01,2.019393047901950899e-01,1.598308193547708367e-01
9.590534407006179318e-02,2.823334352615279597e-02,1.535028757217222484e-01,3.093659748796814823e-01,2.390139306610191416e-01,1.739785311413626356e-01
1.015734179397770193e-01,2.958493484072143367e-02,1.799088119879808378e-01,3.349478357821478736e-01,1.756477948533849143e-01,1.783372045959879526e-01
1.267068916385982735e-01,5.051248785374583272e-02,2.788523316383150763e-01,1.788813587521173032e-01,2.451835345466902849e-01,1.198633955705332294e-01
1.211168505531581285e-01,4.232046032523262280e-02,1.929163713610651532e-01,2.698337051390940489e-01,1.913345960287493597e-01,1.824780165927006315e-01
1.216005660264219690e-01,4.232509939579612301e-02,1.948541070280924714e-01,2.684471285418710829e-01,1.912027177990234250e-01,1.815703812087950120e-01
1.065912098833963900e-01,3.971685338683064032e-02,1.935648125944527398e-01,3.502158702105231391e-01,1.394691970403689196e-01,1.704420568844280393e-01
1.004000630925712678e-01,4.418545444259002614e-02,1.877410672150768567e-01,2.719883800879691060e-01,2.243317437674437198e-01,1.713532913943490443e-01
1.186588639586918376e-01,4.679462621258526772e-02,1.936575632821372905e-01,2.300988041208135715e-01,2.316663727475491708e-01,1.791237696782227440e-01
1.152688544989802222e-01,4.866189958025509549e-02,2.110512497371051788e-01,3.042027808332515293e-01,1.885060687784305966e-01,1.323091465719774540e-01
1.207389525971018646e-01,4.231106212942837425e-02,1.915049150246662946e-01,2.708634023667202406e-01,1.914304300838994000e-01,1.831512377981838469e-01
1.207389525971018646e-01,4.231106212942837425e-02,1.915049150246662946e-01,2.708634023667202406e-01,1.914304300838994000e-01,1.831512377981838469e-01
1.394690761074593166e-01,5.505037025082709645e-02,2.701027543461453351e-01,1.972974482797147378e-01,2.030831131553011981e-01,1.349972378605522882e-01
9.168344370860925796e-02,2.562185430463576052e-02,1.549801324503311262e-01,4.143860927152318019e-01,1.407026490066224933e-01,1.726258278145695879e-01
2.726999999999999980e-01,2.172000000000000042e-01,2.172000000000000042e-01,0.000000000000000000e+00,2.172000000000000042e-01,7.580000000000000626e-02
1.207389525971018646e-01,4.231106212942837425e-02,1.915049150246662946e-01,2.708634023667202406e-01,1.914304300838994000e-01,1.831512377981838469e-01
0.000000000000000000e+00,0.000000000000000000e+00,0.000000000000000000e+00,1.000000000000000000e+00,0.000000000000000000e+00,0.000000000000000000e+00
1.013208691347565887e-01,2.948380400473220309e-02,1.902861122609189048e-01,3.103623251223677215e-01,1.739019527716442470e-01,1.946449367055803625e-01
1.068807125380835804e-01,3.932216690968415307e-02,1.875617266019868334e-01,3.389689264595096563e-01,1.479205099462568007e-01,1.793459575444788789e-01
1.231568836432058445e-01,4.583218200239477097e-02,2.075948367741680678e-01,3.168945205419369526e-01,1.787716505041733184e-01,1.277499265341210666e-01
4.649999999999999967e-02,0.000000000000000000e+00,3.952999999999999847e-01,0.000000000000000000e+00,5.000000000000000000e-01,5.809999999999999887e-02
1.105228892734526902e-01,3.673794168638726959e-02,1.802338808465243358e-01,2.552050054412154378e-01,1.913082049076662849e-01,2.259920778447540579e-01
1.022554962772844606e-01,2.975577525530591003e-02,1.817027956879844197e-01,2.771684592372085087e-01,2.181269661796585713e-01,1.909905073625581540e-01
1.209444542190353938e-01,3.682870613960305406e-02,1.868751395145615002e-01,2.614657172319390099e-01,2.444550349406177936e-01,1.494309479542431929e-01
8.313719574253414235e-02,2.420537829839344499e-02,1.474555640109389276e-01,4.567883405242054717e-01,1.432826987130807195e-01,1.451308227108473181e-01
8.689582527767036879e-02,2.695969279590394035e-02,9.836197815970877667e-02,4.993119908265443718e-01,1.070334271123614817e-01,1.814370858278110121e-01
7.336487129695219711e-02,2.706741630782363503e-02,2.042070109027201985e-01,3.715746039691353864e-01,1.436616067378319317e-01,1.801244907855366062e-01
1.198505698217312704e-01,6.296197475143092137e-02,1.774921344997550943e-01,2.478026946324419777e-01,2.063573128890676400e-01,1.855353134055731656e-01
1.119041295718089385e-01,4.756449267630490779e-02,1.954099080751069140e-01,2.810481135653664642e-01,2.143754239736818945e-01,1.496979321377308048e-01
1.183189343815184008e-01,5.348312191462604309e-02,1.663179883987496721e-01,2.680730516448963097e-01,2.057882420363913722e-01,1.880186616238181119e-01
0.000000000000000000e+00,1.474000000000000032e-01,0.000000000000000000e+00,6.320000000000000617e-02,0.000000000000000000e+00,7.894999999999999796e-01
8.272559960839799553e-02,2.682992419731827088e-02,1.308926662623028092e-01,4.409359562035142788e-01,1.011013966844807460e-01,2.175144570439858649e-01
7.784576225536832261e-02,3.601563758050237152e-02,1.135120657801007293e-01,3.815973760182289065e-01,9.644892722665676654e-02,2.945802311391428896e-01
1.493682298546895881e-01,7.159134742404227314e-02,2.044002642007926029e-01,1.889188243064729156e-01,2.420872523117569564e-01,1.436340819022457194e-01
8.630593587976212455e-02,1.085296714231988313e-02,1.397167676195068819e-01,3.986137159663772911e-01,1.391848556628991207e-01,2.253257577291347680e-01
1.207389525971018646e-01,4.231106212942837425e-02,1.915049150246662946e-01,2.708634023667202406e-01,1.914304300838994000e-01,1.831512377981838469e-01
9.672642027345931814e-02,3.889029858209051144e-02,1.940317595941716267e-01,3.888553661577938136e-01,1.147735923117373796e-01,1.667225630807473158e-01
7.353925118918300252e-02,5.934620432616386117e-03,2.601601915648850682e-01,3.223090302436499854e-01,1.997713196280946069e-01,1.382855869415708927e-01
1.216005660264219690e-01,4.232509939579612301e-02,1.948541070280924714e-01,2.684471285418710829e-01,1.912027177990234250e-01,1.815703812087950120e-01
9.821469177657418670e-02,2.982490594120808247e-02,1.554926200024806249e-01,3.540538305701410593e-01,1.691657708686484518e-01,1.932481808409476087e-01
1.160586845378220738e-01,4.665276493616350717e-02,1.433353661335483864e-01,3.875883339125721361e-01,1.297735285695862384e-01,1.765913219103076026e-01
1.001422828341129723e-01,2.906395344935201047e-02,1.674138752609077574e-01,3.150618460526580789e-01,1.810481949543285562e-01,2.072698474486406039e-01
9.842699895142319189e-02,1.494425700454745341e-02,1.638944577553936299e-01,3.962504889736443436e-01,1.376345356651942908e-01,1.888492616497970400e-01
1.010664902628309464e-01,2.942548889523264113e-02,1.792557012683471951e-01,3.268842736417109651e-01,1.741829195101055328e-01,1.891851264217727091e-01
9.809377995710315268e-02,2.522689811653873460e-02,1.453587610949041153e-01,3.592085117828399121e-01,1.388354402444154923e-01,2.332766088041986763e-01
1.207389525971018646e-01,4.231106212942837425e-02,1.915049150246662946e-01,2.708634023667202406e-01,1.914304300838994000e-01,1.831512377981838469e-01
9.634084650483419610e-02,3.148262299914907081e-02,1.691421718068462920e-01,3.508452317938478560e-01,1.749082070901648023e-01,1.772809198051578383e-01
1.227920891960305322e-01,5.067458270757126820e-02,1.751475730423250610e-01,2.924897182080999358e-01,1.982243689062488934e-01,1.606716679397242331e-01
9.262753338086075761e-02,2.796233363171972408e-02,2.520965217437914907e-01,2.538091166869462234e-01,2.260526495639449407e-01,1.474518449927368913e-01
1.015185908391310204e-01,3.211394431357392915e-02,1.516372765666929578e-01,4.227978853865049791e-01,1.124382792862765740e-01,1.794940236078205187e-01
8.736603422546948550e-02,1.097075524719471305e-02,1.531525804763658183e-01,3.529928874590592680e-01,1.724250469970348421e-01,2.230926955948758783e-01
5.619636752136752955e-02,3.266773504273504797e-02,1.250599358974358866e-01,4.553050213675214342e-01,2.088541666666667296e-01,1.219167735042734901e-01
1.022561570180503115e-01,2.975596752715873108e-02,1.817039697905876716e-01,3.171744184937366762e-01,1.779626657301696946e-01,1.911468214402969323e-01
1.346453416699950889e-01,4.473892077770483255e-02,1.647947075213887780e-01,3.372336037153066401e-01,1.744502428318617515e-01,1.441371834837428256e-01
1.019659736515374504e-01,2.045251214968204362e-02,2.473640612311266973e-01,2.854545242501674851e-01,1.435263046279919852e-01,2.012366240894943314e-01
1.199814948067196435e-01,4.227955452195149982e-02,1.889004501591277085e-01,2.728098150995201809e-01,1.916067326335774978e-01,1.844219527791034208e-01
1.022561570180503115e-01,2.975596752715873108e-02,1.912478490604277714e-01,2.718587615408671332e-01,2.070789284179823386e-01,1.978023364355137592e-01
1.030067889368914968e-01,3.232750130556478335e-02,2.014761720537417977e-01,2.410936238943103549e-01,2.212500492427724175e-01,2.008458645667191844e-01
4.377762743926067596e-02,2.458144224264198485e-02,1.236553277854041538e-01,4.549962561330451183e-01,1.434965090082693240e-01,2.094928373913785558e-01
1.097729382173213836e-01,1.255681342544946039e-02,2.715706042030538447e-01,2.994001391161089098e-01,1.812341485224184812e-01,1.254653565156477746e-01
1.062750259427683863e-01,5.002353185663293428e-02,2.355229844778033432e-01,2.815143513764608585e-01,1.958010067424032496e-01,1.308630996039313599e-01
7.793544088373237366e-02,2.263727839730175773e-02,1.394112242978932104e-01,4.463606405320979520e-01,1.321913124256221261e-01,1.814641034633525940e-01
1.390894619888356221e-01,5.120423564445624603e-02,2.715896904585027305e-01,1.893639770811507417e-01,2.345513662684116374e-01,1.142012685586430293e-01
1.156906037443473090e-01,4.809794346511275104e-02,2.808085639266533762e-01,2.314091838037848903e-01,1.905098959153302129e-01,1.334838091447713981e-01
1.295560312150960958e-01,3.205481244986151113e-02,1.580137398776308155e-01,3.300055956581810501e-01,2.136813474874318386e-01,1.366884733117987305e-01
1.099106035658877906e-01,3.159589161382151540e-02,1.565458328316590708e-01,3.204619442056432788e-01,2.438213543747655976e-01,1.376643734082227677e-01
1.207389525971018646e-01,4.231106212942837425e-02,1.915049150246662946e-01,2.708634023667202406e-01,1.914304300838994000e-01,1.831512377981838469e-01
1.470827359642319088e-01,5.259928495949601351e-02,1.689683643099698096e-01,2.145859281275231956e-01,2.706134218208430808e-01,1.461502648179359432e-01
1.032184434067532769e-01,2.838320748267611146e-02,2.483012279973219882e-01,2.675491749790249174e-01,2.058091872392236177e-01,1.467387588950001542e-01
5.285673058208444075e-02,1.699340264028617251e-02,1.126671991087188351e-01,4.976375680373692489e-01,6.017154477546828029e-02,2.596735548560728524e-01
1.061494169185721176e-01,2.006266787604672752e-02,1.677356931449554278e-01,3.577340966229172747e-01,1.698997699955613061e-01,1.784183554419471185e-01
1.003911685883326771e-01,2.048474820250647394e-02,2.420253615392035373e-01,3.084542061584599759e-01,1.781210012135062692e-01,1.505235142979910179e-01
9.300392955788790161e-02,1.097082328462666012e-02,1.804100414971855637e-01,3.283246780731600145e-01,1.874962692844080459e-01,1.997942583027317587e-01
1.013183054074015821e-01,2.951980161154826171e-02,1.792709880394054989e-01,3.286548596719658932e-01,1.756988035772913959e-01,1.855372416923874168e-01
1.222389628959265756e-01,4.231578214582286390e-02,1.976852565494433001e-01,2.664739555449475716e-01,1.910094294745251220e-01,1.802766133893344558e-01
