textid,anger,disgust,fear,joy,sad,surprise
1,0.04335242567725948,0.25124616114524356,0.08277859393469168,0.027862698733093914,0.2900195480779079,0.3047405724318033
2,0.11644132159967067,0.2707753664514522,0.021536169198685173,0.25856676486310454,0.2402308133454281,0.0924495645416593
3,0.0,0.0,0.017436022643898832,0.532146102216012,0.2701733801098476,0.18024449503024148
4,0.0,0.049564526272994194,0.0,0.5510737857647696,0.0,0.39936168796223626
5,0.12090534229684967,0.09729291619645128,0.0,0.35024693267481116,0.13561550318130983,0.295939305650578
6,0.049659528333049124,0.12250175963769351,0.18430969231932207,0.07324159777042163,0.28621528887933095,0.28407213306018264
7,0.0,0.0,0.0926,0.4444,0.0,0.46299999999999997
8,0.07959291410046096,0.0,0.47942552062198085,0.030071828916843277,0.28202101748280345,0.12888871887791134
9,0.0,0.10614257608429052,0.0,0.12094419628762915,0.0,0.7729132276280803
10,0.07622341763536496,0.11966542619847989,0.2593658050468392,0.29382705595426006,0.0923026325858115,0.15861566257924428
11,0.10344496856865684,0.07577167356677966,0.15716280594805246,0.4279908067205865,0.08031941254823813,0.1553103326476864
12,0.20941430002364256,0.09263037347810715,0.22719200423944308,0.21580105612879769,0.11066403956083148,0.14429822656917798
13,0.13567855307945012,0.08461667711314036,0.26473176291789796,0.2980353763828225,0.06659814703230146,0.15033948347438764
14,0.1930298381572091,0.0823102062617395,0.117461202174173,0.18219108530115288,0.2524063157575153,0.1726013523482101
15,0.14252988279861717,0.1477416983330499,0.5584464316302324,0.0,0.15128198723810055,0.0
16,0.15484584379643337,0.0876767303794777,0.4385341287901355,0.0,0.14372304006831793,0.17522025696563562
17,0.07961658767411368,0.08932232568568402,0.20339539460964617,0.3104144470511078,0.11824730921903653,0.19900393576041178
18,0.14949854091378828,0.02775964459401737,0.19128763113107472,0.09052286071069345,0.2096467525180151,0.3312845701324111
19,0.015599480017332754,0.030298990033665544,0.10526315789473685,0.3112229592346922,0.1812939568681044,0.3563214559514683
20,0.017178298411136432,0.005715213349712691,0.16329180999179116,0.48591094907771204,0.10026117133495978,0.22764255783468795
21,0.11406277411556763,0.06500903956769616,0.18183269141305242,0.36995318805739924,0.13916749951899401,0.1299748073272905
22,0.08597612287830311,0.005239957089065671,0.0259806825836903,0.2878094312646344,0.2537688055612849,0.34122500062302175
23,0.01315038366801771,0.0,0.07948438447636554,0.3359283030525469,0.42137626256324767,0.1500606662398222
24,0.1176,0.0,0.0588,0.0,0.1176,0.7059
25,0.0762,0.06983333333333333,0.0,0.5490333333333334,0.07936666666666667,0.2255666666666667
26,0.044383672714603,0.0343589316592073,0.14666449383443875,0.0,0.42816136245633907,0.3464315393354119
27,0.04370928642254812,0.05087304513777013,0.1153017407858737,0.43739561402283805,0.17791212494802267,0.17480818868294726
28,0.08396666666666668,0.023200000000000002,0.21269999999999997,0.3025333333333334,0.12866666666666668,0.24893333333333334
29,0.19119362687910402,0.00639978667377754,0.3184227192426919,0.0,0.24222525915802803,0.24175860804639843
30,0.025884082802867914,0.045949704832051144,0.13781492252967292,0.48418801870896666,0.1619930835255077,0.1441701876009335
31,0.0,0.0,0.1079,0.4349666666666667,0.17506666666666668,0.2820666666666667
32,0.14416666666666664,0.0998,0.19596666666666665,0.33540000000000003,0.1542,0.07046666666666665
33,0.08751733081560699,0.1226080638257962,0.08392407228743683,0.09094609497297566,0.5368368839182924,0.07816755417989187
34,0.20377190166242376,0.01910576377150448,0.29755171512755607,0.1498778627951162,0.09853643482978675,0.23115632181361281
35,0.0,0.05475338699629799,0.0,0.5812543251388748,0.010944546000939744,0.35304774186388743
36,0.09771898376234917,0.0,0.0,0.5929179605907613,0.06321755569555634,0.2461454999513333
37,0.02157153107746317,0.006098435199866686,0.23151425038781254,0.030320861405632678,0.23920082821283606,0.4712940937163888
38,0.10328658532854061,0.07964367374655967,0.41279463162757773,0.10354406963576705,0.08838873939173629,0.21234230026981865
39,0.21272266333050557,0.17416280109666646,0.061472300467463194,0.10794593674057415,0.039140433131806845,0.4045558652329838
40,0.08277163709983068,0.08930244367908824,0.16936166303296582,0.35807113607703567,0.11828763596275617,0.18220548414832358
41,0.07619999999999999,0.06983333333333332,0.0,0.5490333333333333,0.07936666666666665,0.22556666666666667
42,0.11372705852939032,0.018090323059944836,0.291828119323239,0.2598379854203306,0.15925093839180693,0.15726557527528834
43,0.06401052631578946,0.09565263157894735,0.19629473684210524,0.20546842105263155,0.21988421052631574,0.21868947368421052
44,0.16879278325195407,0.27368464250273855,0.12908795953039995,0.0,0.3156167761485015,0.11281783856640605
45,0.19139758228055723,0.041329799593218586,0.21746624356786579,0.0638225315187619,0.14944154748874852,0.33654229555084797
46,0.06756666666666666,0.10096666666666669,0.20720000000000002,0.24893333333333334,0.24476666666666666,0.13056666666666666
47,0.11949349240276454,0.27992375464702396,0.012260786326099846,0.05564582511776819,0.29393104331500325,0.23874509819134027
48,0.0,0.0,0.0,0.7721457424075554,0.0,0.22785425759244457
49,0.1685539515069661,0.1328281108806269,0.184335365599597,0.14575538676663494,0.1998899805968819,0.16863720464929324
50,0.19743635727655093,0.11141035234259246,0.28893319020850267,0.1198609282238134,0.19821656337178106,0.08414260857675966
51,0.1608422530461346,0.05743414338267108,0.13345639773696835,0.2425874010049282,0.09657811789982904,0.30910168692946877
52,0.050324681306953466,0.009583427125627845,0.1672190837495196,0.3733263104989448,0.22624737754399288,0.17329911977496132
53,0.0,0.1882,0.0,0.1529,0.0,0.6588
54,0.009846693811223908,0.0032707549372946545,0.12459854861125637,0.6496502710284345,0.006541509874589309,0.2060922217372012
55,0.17555171924473495,0.006834941159377194,0.19733286729197475,0.08401125916077838,0.3485144710978679,0.1877547420452668
56,0.074336446356003,0.148672892712006,0.0,0.23830752071181444,0.11565328669965846,0.42302985352051803
57,0.11191695192024263,0.07472487732816366,0.31051269785927144,0.06399018895811208,0.2477421013083243,0.19111318262588584
58,0.0137,0.0,0.0274,0.6013000000000001,0.25570000000000004,0.1019
59,0.04394804572789443,0.007732521035584097,0.25517975913105073,0.0462056417952002,0.40316388389109303,0.2437701484191775
60,0.09743630442897408,0.07768745281798817,0.08967950365739376,0.3329983317516122,0.08352169251855146,0.3186767148254804
61,0.18759143400983866,0.08450529675390991,0.11706401220347844,0.18829273996156798,0.24431864080515495,0.17822787626605013
62,0.0,0.0,0.021438447863643375,0.6349864139496748,0.22085686061738447,0.12271827756929732
63,0.05507013912619212,0.07865335031134427,0.0,0.5152766955343827,0.19823878912680745,0.1527610259012735
64,0.13023076820030688,0.09511949101619813,0.36881421278428467,0.08393850444469253,0.10562515347235045,0.21627187008216733
65,0.27204064614056667,0.11265939759489288,0.12995302275790116,0.007195751703747163,0.15266917163237914,0.3254820101705131
66,0.12897486787090245,0.04035141055079313,0.208766526929098,0.2785169008222465,0.1904001249051809,0.15299016892177905
67,0.0,0.0600886544943298,0.0035035189089103187,0.5220729585297589,0.045083016903336555,0.36925185116366444
68,0.0670255000915799,0.048442208995641126,0.20554045810027663,0.2664339820222406,0.18368359793227748,0.22887425285798427
69,0.10174211102520514,0.053668979054420786,0.18755871265198604,0.2738580952275563,0.22871725369498033,0.15445484834585146
70,0.06282562877825214,0.07105897507873928,0.048515140741561595,0.19814268837928087,0.11272023984086244,0.5067373271813037
71,0.06756666666666665,0.10096666666666665,0.2072,0.2489333333333333,0.24476666666666663,0.13056666666666666
72,0.12210814054270284,0.11914127608507233,0.20721381425428362,0.09090606040402693,0.3836255750383359,0.07700513367557837
73,0.12131483384047677,0.08397376272606259,0.24985820037575893,0.08233092650593486,0.3854897420431484,0.07703253450861833
74,0.11562943388657017,0.09175654648193715,0.18549439227369,0.31051106340890594,0.20234869346298073,0.0942598704859159
75,0.18390265416129276,0.06677782984294435,0.37168494009791,0.10575914529155381,0.11276657579196456,0.15910885481433454
76,0.05500336959991489,0.034645585111839655,0.28135560005192284,0.2564130985744279,0.2560560646899109,0.1165262819719838
77,0.1591385153915375,0.006793632528410665,0.218880242347076,0.05791649283352837,0.3004466888114109,0.2568244280880365
78,0.0,0.0,0.022294032820016213,0.8563519046766944,0.0,0.12135406250328937
79,0.013699999999999999,0.0,0.027399999999999997,0.6013000000000001,0.2557,0.1019
80,0.12313441607885175,0.027616993825442297,0.12528009730338488,0.49568806719109265,0.04883155173897128,0.17944887386225725
81,0.028587722066965495,0.0,0.07155473736063818,0.38622014646710656,0.3149547523884599,0.19868264171682987
82,0.18377901798956273,0.011892787530387802,0.23134388234572917,0.015091203209094479,0.36573604333691867,0.19215706558830725
83,0.0,0.0,0.0559597462917547,0.7402332415492463,0.0,0.20380701215899896
84,0.20116560359657046,0.14134427885546294,0.11348048167351339,0.05821736200836295,0.4140267344374928,0.07176553942859736
85,0.0366,0.0854,0.3902,0.0,0.1707,0.3171
86,0.0,0.0,0.6667,0.0,0.0,0.3333
87,0.16728060690481877,0.08080264705982566,0.308062025645206,0.0738601703737382,0.29018332149875964,0.07981122851765166
88,0.0,0.059746253146025975,0.0,0.5876556429159543,0.044826121722320915,0.30777198221569874
89,0.0,0.014362554884047748,0.0838464402455159,0.36411607843282584,0.2977675325723467,0.23990739386526375
90,0.05092742279556719,0.05092742279556719,0.0894470470513905,0.2532501939132755,0.49259526880139504,0.06285264464280453
91,0.0762,0.06983333333333333,0.0,0.5490333333333334,0.07936666666666667,0.2255666666666667
92,0.2724526805067777,0.16503935654262575,0.23005135903592253,0.046757634134695324,0.217086285936624,0.06861268384335466
93,0.20357433713189388,0.11260221992837864,0.2519128627535483,0.17091770520827168,0.26099287497790746,0.0
94,0.1033386775420222,0.13049938110558862,0.2674363090057867,0.07037283875532355,0.1395673504768069,0.2887854431144721
95,0.09295084042167982,0.08474135756006922,0.3510596896621026,0.030498329011967033,0.3206490438585285,0.12010073948565278
96,0.0,0.07843333333333334,0.16856666666666667,0.29046666666666665,0.2895,0.17303333333333334
97,0.013191360059877729,0.0,0.026382720119755457,0.5870986480451077,0.24620662535114857,0.12712064642411058
98,0.1205614436218225,0.07723251022895361,0.1403708772808589,0.034025327008965496,0.5681754530497688,0.05963438880963056
99,0.02302403865601215,0.0322263795406426,0.17833106575163354,0.254351524765472,0.07431715921002494,0.4377498320762148
100,0.0762,0.06983333333333333,0.0,0.5490333333333334,0.07936666666666667,0.22556666666666667
101,0.06062600174699856,0.10137580754592708,0.22780505971593484,0.19173245649242107,0.3112833739686745,0.1071773005300439
102,0.0,0.0,0.0,0.7214069128325967,0.024806032286204413,0.25378705488119896
103,0.049659528333049124,0.12250175963769351,0.18430969231932207,0.07324159777042163,0.28621528887933095,0.28407213306018264
104,0.10153732141503674,0.05004170234104323,0.30296806264239584,0.2103398653690977,0.15718331878883865,0.1779297294435879
105,0.23482874996149475,0.15869930439145744,0.3988023496991656,0.028945477667277425,0.1526895417572682,0.026034576523336538
106,0.10360021588270671,0.02707867325855119,0.2058119631507257,0.03303260144907036,0.43444822468265465,0.19602832157629138
107,0.060292760618652415,0.06784262108008546,0.35919582037476927,0.0502428661566191,0.1334214891998433,0.32900444257003036
108,0.008475319178996936,0.0,0.12803325806788918,0.33994843983096135,0.014136832390566888,0.5094061505315857
109,0.16119027241635128,0.006881222155785756,0.16756875688039014,0.3616478120926844,0.06064273406697037,0.24206920238781804
110,0.0,0.0,0.07164535294541513,0.6698725452063535,0.038787275189079776,0.21969482665915158
111,0.050906582176373866,0.10152120037764634,0.16008379138910458,0.21438406466442078,0.1719340006673134,0.3011703607251409
112,0.2308720622379649,0.1380216443128594,0.30297466993627153,0.04584123345829643,0.18538696646771402,0.09690342358689367
113,0.0,0.0,0.0,0.7870987395475803,0.0,0.21290126045241983
114,0.1804793713014206,0.05952251470606034,0.2268460862637483,0.30587821969953605,0.07598376939702056,0.1512900386322142
115,0.12405945100632662,0.08665003782056775,0.5793676354274043,0.03441862035265938,0.12672044055145748,0.048783814841584436
116,0.0342014318644946,0.0,0.025634406533914567,0.5705252065596229,0.08547024493232373,0.28416871010964406
117,0.14011661872817244,0.06903411550169805,0.27496092490637736,0.14296925704799976,0.22718263697348556,0.14573644684226683
118,0.060696061192078175,0.057417001656894236,0.18668315537187485,0.36432584562652714,0.08715771852823008,0.24372021762439552
119,0.061924249405189015,0.059174269362047935,0.11866172879035897,0.23257804042740515,0.08843758087589566,0.43922413113910336
120,0.023486213176741027,0.00563011976250486,0.2440948398028839,0.02799243993274787,0.25923214646238596,0.43956424086273643
121,0.0,0.0,0.023532548915036165,0.5912802906569781,0.0,0.38518716042798573
122,0.0,0.0,0.1138404351939602,0.35533510779382016,0.08546518595826069,0.44535927105395895
123,0.10130105025041294,0.09422648405400899,0.02981433081591045,0.5311292757590895,0.13657361295336082,0.1069552461672174
124,0.16949348101996076,0.009084265989769623,0.34357909311180335,0.05744394446367447,0.24352909503480638,0.17687012037998537
125,0.050913529004588905,0.10157560605146866,0.16005185827751311,0.21430816072307718,0.1720442559669648,0.3011065899763873
126,0.06836299178484191,0.19380102942620914,0.1468036599806924,0.22312966820833127,0.26213661062734,0.1057660399725853
127,0.19751869796395088,0.013113631682240069,0.11787488053793532,0.3585395876713171,0.1778081015935864,0.1351451005509702
128,0.08140682966479693,0.054271219776531286,0.3013012965676518,0.2082152473505364,0.06367141096958871,0.29113399567089476
129,0.11766855430388776,0.07184823453528008,0.24179001536752764,0.3268778569708693,0.1103363546886749,0.1314789841337602
130,0.0,0.0,0.06509555339694921,0.5450253118234492,0.02789331068912484,0.36198582409047675
131,0.0,0.0,0.06393233891604062,0.556562147216676,0.027394875677500947,0.35211063818978244
132,0.1591385153915375,0.006793632528410665,0.16543580947038392,0.3561500930552397,0.0598708254786876,0.2526111240757405
133,0.2679593532596843,0.07054087838062911,0.19505706041017487,0.04961111716591383,0.35628567029057145,0.06054592049302652
134,0.088231664678092,0.10405471563081034,0.2971905614935991,0.007872964476109691,0.19043886338662716,0.3122112303347617
135,0.02931348832497766,0.005992827636531649,0.3894995516452055,0.2775562189911106,0.15406703735289076,0.1435708760492839
136,0.0762,0.06983333333333333,0.0,0.5490333333333334,0.07936666666666667,0.22556666666666667
137,0.0656079531632807,0.031120050988471034,0.1283619603639587,0.3010640098928542,0.05419216931286987,0.41965385627856555
138,0.15105976359201853,0.00788240773984383,0.12519213698737086,0.3411061066201421,0.16728969993489876,0.207469885125726
139,0.10829683527739185,0.046613732658536855,0.2687280296359227,0.3465790847899702,0.07220491267752374,0.1575774049606546
140,0.09009099411288095,0.10702952332534943,0.12898101396986025,0.25523581505374743,0.14043509496149453,0.27822755857666737
141,0.07253319394251538,0.08990349657903247,0.06733907963053017,0.46968905446429143,0.17492072978758896,0.12561444559604162
142,0.03528934448348686,0.0,0.061583006110928144,0.35409509674755274,0.2920336678154608,0.25699888484257144
143,0.0,0.008378869429702828,0.08446177882844272,0.5065617928013639,0.14677151180797515,0.2538260471325153
144,0.0,0.0148,0.14733333333333332,0.2986,0.33276666666666666,0.2065
145,0.029232358921369286,0.08333055564814505,0.15906136462117926,0.06926435785473817,0.2612912902903236,0.3978200726642445
146,0.0762,0.06983333333333333,0.0,0.5490333333333334,0.07936666666666667,0.2255666666666667
147,0.027345785128047088,0.13088381410214786,0.17927753099471636,0.08749449545311881,0.15893991196052723,0.41605846236144267
148,0.05155630609619281,0.004229228234453316,0.30913377364805633,0.1026958751350813,0.44047091153978285,0.09191390534643336
149,0.0,0.0,0.1974014319164708,0.18986815591151407,0.11968927781421511,0.49304113435780006
150,0.0,0.0,0.35667094617334544,0.04844953211098686,0.49295109784811686,0.10192842386755083
151,0.0699532436282374,0.025149688835892713,0.3125318822861565,0.26400184747753813,0.14909170439445346,0.17927163337772173
152,0.013699999999999999,0.0,0.027399999999999997,0.6013000000000001,0.2557,0.1019
153,0.025919290615059418,0.012469667632304797,0.29815785511912596,0.4479704237080282,0.06712925340847099,0.1483535095170106
154,0.0,0.0587867622050208,0.0034890239606563296,0.39380409802214345,0.01175076937692745,0.5321693464352519
155,0.08414280858911677,0.07913075174613583,0.05483389340797669,0.14468579985797236,0.1691154279138264,0.468091318484972
156,0.0137,0.0,0.0274,0.6013000000000001,0.25570000000000004,0.1019
157,0.04790911607397752,0.00996537726627142,0.16622104351908693,0.3871591706990526,0.21695554471030334,0.1717897477313081
158,0.02137292118888999,0.05582415828621839,0.05557634798880399,0.3097419855829122,0.19391533582879317,0.36356925112438226
159,0.0,0.007333582111020458,0.05320930033718644,0.44424401643731903,0.19679023700303516,0.29842286411143903
160,0.08397123263070677,0.07042723886360283,0.22637825062628522,0.16510642476056253,0.2810188182029902,0.17309803491585252
161,0.14416666666666664,0.09979999999999999,0.19596666666666668,0.3354,0.1542,0.07046666666666666
162,0.19153395662625208,0.2302161732777563,0.15290860971261253,0.01832749204053134,0.1872486794323757,0.21976508891047206
163,0.08959388552966006,0.07636699184003176,0.02645378737925662,0.35956954013414627,0.24686983331663936,0.20114596180026592
164,0.15271259275544466,0.06896087894888894,0.3194516811771665,0.07172827825729353,0.34904195829231544,0.03810461056889077
165,0.12518228927345246,0.08813749994406518,0.2808129488984546,0.3195701454798833,0.0915723816856383,0.09472473471850622
166,0.18766777864087,0.08018395655348895,0.2200699349421437,0.2027133293630121,0.19477447852698715,0.11459052197349821
167,0.09213178702909061,0.0775600569659364,0.18455287186581976,0.13819169611551033,0.16739468282974937,0.34016890519389376
168,0.10268156957718988,0.07646088228870326,0.031475384236340116,0.3478716577573712,0.28894313940990973,0.15256736673048582
169,0.060386369602743344,0.07045655199768043,0.05031618720780628,0.4065557719651543,0.10066709918249164,0.31161802004412403
170,0.034202522977229186,0.0,0.1216147581310697,0.3497870987472446,0.2837153890903171,0.21068023105413938
171,0.10384826367697683,0.028863848155239503,0.3238639381351143,0.0,0.28402148965885715,0.2594024603738122
172,0.0,0.0,0.061101456500535056,0.5399093214465153,0.0,0.3989892220529497
173,0.09562702542966606,0.06634519198176053,0.48585790918658184,0.13188629435760968,0.16955012219290605,0.05073345685147589
174,0.021815063683615146,0.0,0.1293950312791332,0.4304260842721301,0.10546688265918469,0.31289693810593683
175,0.09382154106075435,0.026325873807447032,0.24355831257256316,0.0992016559366684,0.39280142309597255,0.14429119352659447
176,0.03641989982456387,0.0,0.0,0.5708279065777542,0.15784142003175067,0.2349107735659314
177,0.11977284072718411,0.061729073553329496,0.42444468953420394,0.0,0.27440821193049014,0.11964518425479236
178,0.25234857701857377,0.061964998198624825,0.1687526059856086,0.24446647586780954,0.08270432607213495,0.1897630168572484
179,0.0,0.0,0.0,0.5740205958714388,0.0,0.4259794041285611
180,0.04400633209988962,0.007744009915044186,0.25507283817529486,0.0461349363819357,0.4035571631184932,0.2434847203093425
181,0.05982294023013192,0.04690934723491361,0.43302845480967234,0.13697743679956406,0.1405058129307268,0.18275600799499125
182,0.04899982692178659,0.0,0.06219118698166432,0.3205404207250581,0.3267756757904435,0.24149288958104745
183,0.06896666666666668,0.0,0.14809999999999998,0.4608666666666667,0.1178,0.20426666666666665
184,0.1936,0.0525,0.20036666666666667,0.17523333333333332,0.13776666666666668,0.24053333333333335
185,0.01378867403038137,0.0,0.02757734806076274,0.24364088531983258,0.2573550328152202,0.4576380597738032
186,0.0762,0.06983333333333333,0.0,0.5490333333333334,0.07936666666666667,0.2255666666666667
187,0.057003401714778815,0.019837183796743024,0.11152715545496474,0.5131972049185118,0.0470848098164073,0.25135024429859426
188,0.08096751845401974,0.053978345636013156,0.13751433453905032,0.39972002090305414,0.023143049910280825,0.30467673055758177
189,0.0,0.0,0.0,0.5349368065388289,0.0,0.46506319346117103
190,0.1936,0.0525,0.20036666666666667,0.17523333333333332,0.13776666666666668,0.24053333333333335
191,0.060976545603285706,0.006091080697487574,0.363617030861529,0.23834250807914495,0.13528956366661998,0.19568327109193273
192,0.16976210735543598,0.007389528758942365,0.13314814304315645,0.1995538811345106,0.08678600494730535,0.4033603347606492
193,0.14694521909174718,0.016353802875959254,0.12652813581925657,0.0,0.20175562904866912,0.5084172131643679
194,0.0,0.01360045334844495,0.1122370745691523,0.25660855361845397,0.04080136004533484,0.576752558418614
195,0.05283786097354433,0.014019429015406945,0.24086553597755556,0.4561487274278573,0.04151435189682808,0.1946140947088078
196,0.0879949053964059,0.09730437069744112,0.16021066762689812,0.2861516526392904,0.1933520238325967,0.17498637980736786
197,0.10165223886494178,0.018952345035030727,0.23382814779047173,0.09518170782722832,0.49043591629612543,0.059949644186202064
198,0.05441937499073839,0.018128703771364562,0.20206666573031087,0.37932266892746486,0.18710867826493602,0.15895390831518544
199,0.08573333333333333,0.10110000000000001,0.16263333333333332,0.09100000000000001,0.2706333333333334,0.28889999999999993
200,0.21711558611352144,0.16880554453597804,0.27894709945454127,0.018451785195180887,0.2438394632293664,0.07284052147141212
201,0.09733253991793916,0.09053512276370995,0.02262568852764865,0.46442986493019184,0.11319317994447399,0.21188360391603647
202,0.0771226385271724,0.07419545604059569,0.19030353153091178,0.14585493756198872,0.20493098480953925,0.30759245152979203
203,0.0,0.0,0.06443705244030981,0.3987772108131126,0.0276111443841451,0.5091745923624325
204,0.15854969052634277,0.0067684955604813,0.19171020040911257,0.07920377212239717,0.059649298775017845,0.5041185426066483
205,0.06708433026585292,0.04848472809051531,0.20572086676494414,0.26597732984561917,0.1838448222135239,0.2288879228195445
206,0.003807814139476988,0.014406119567518832,0.08236969589438618,0.23512340796567188,0.31346041052677937,0.3508325519061667
207,0.05164445647837768,0.03872508188909701,0.2731473522678325,0.37960768520114224,0.12913920781689497,0.12773621634665566
208,0.009524564573854918,0.0031637539668399202,0.12052237479993337,0.5213499171052239,0.0063275079336798405,0.33911188162046807
209,0.01959781172536588,0.01303552986990818,0.22357914973634435,0.5334137406498003,0.06519056712658214,0.14518320089199915
210,0.0,0.0,0.0,0.5619,0.009666666666666667,0.4284333333333334
211,0.12123896739729632,0.06707461894797263,0.3508668005506968,0.2090974660433422,0.17730832983425485,0.0744138172264372
212,0.12123896739729632,0.06707461894797263,0.3508668005506968,0.2090974660433422,0.17730832983425485,0.0744138172264372
213,0.009927579906790773,0.07432344348402828,0.3867105420387778,0.0,0.40773763324560824,0.12130080132479493
214,0.1676724518381647,0.1374237569799371,0.19533715112441685,0.03726944412527696,0.31169836865894085,0.15059882727326354
215,0.020933566376687446,0.005225018167621187,0.036005734167902405,0.7020564028030272,0.0766001060855747,0.15917917239918708
216,0.0,0.0,0.0,0.4359294421617724,0.1314357619376406,0.432634795900587
217,0.15484923732515532,0.07703841908998185,0.19473514258573996,0.2094708590779877,0.1421505762785136,0.2217557656426216
218,0.0,0.1786,0.0,0.3214,0.0357,0.4643
219,0.11589601638010302,0.030556643098019736,0.2754337358207064,0.2674997634488185,0.1936174955881941,0.11699634566415815
220,0.07294827558477507,0.06685329717852309,0.014109512267662045,0.6386693795100854,0.10886582640167468,0.09855370905727959
221,0.22915925507802115,0.1048303331515913,0.10664747589585995,0.2763306252365335,0.15830666287202597,0.1247256477659681
222,0.0,0.11091658773204763,0.1641864310561303,0.3694780848639228,0.07336710489917897,0.2820517914487202
223,0.008841032378491372,0.0,0.24827265218946304,0.23226738420013918,0.1559068112995849,0.35471211993232143
224,0.12321371564434251,0.03083643698372717,0.08873815946208276,0.11561662235995318,0.3164473042324942,0.32514776131740014
225,0.03778543150557444,0.02508169396643396,0.5620368062471331,0.03607667542680241,0.2492843957417844,0.08973499711227173
226,0.10174343883296394,0.053683360673288244,0.18755254560868964,0.2737555877569815,0.22882862181121705,0.15443644531685946
227,0.2249624596765037,0.09388467416527937,0.20362255174252222,0.18870398775647854,0.14021079652336704,0.14861553013584924
228,0.05196627675948566,0.0,0.3211642318276522,0.2830747393945334,0.11134389995375034,0.23245085206457847
229,0.0,0.0,0.02339047271613061,0.7995450531077403,0.0,0.17706447417612903
230,0.09098514904489871,0.010875340646443249,0.18173399557831327,0.1281665955942462,0.34555424419776865,0.2426846749383298
231,0.016369740025068566,0.010901167533177528,0.09267791275731127,0.46931590619064134,0.054505837665887645,0.3562294358279136
232,0.17305411959355788,0.1292903772554184,0.09005906837696842,0.19268521608133124,0.10852690767971836,0.3063843110130058
233,0.11654736324739406,0.09263037347810717,0.3910790751186457,0.14478092202584372,0.11066403956083151,0.144298226569178
234,0.1936,0.0525,0.20036666666666667,0.17523333333333332,0.13776666666666668,0.24053333333333335
235,0.11878749169621915,0.015999542244638554,0.12501645049069277,0.47183411944710707,0.16690666239664226,0.10145573372470024
236,0.14416666666666664,0.09979999999999999,0.19596666666666668,0.3354,0.1542,0.07046666666666666
237,0.07544424920413396,0.04396494747907388,0.24478449194242305,0.10256338920704773,0.3074277282157427,0.22581519395157867
238,0.05700618169028392,0.2956928828165212,0.0478825287795726,0.22442579226436674,0.2246335357294895,0.15035907871976595
239,0.0762,0.06983333333333333,0.0,0.5490333333333334,0.07936666666666667,0.22556666666666667
240,0.16392786907103093,0.029865671144295187,0.10366321122629245,0.40878637378754035,0.09356354788173728,0.20019332688910366
241,0.0,0.0,0.0,0.5619,0.009666666666666667,0.4284333333333334
242,0.0,0.0,0.022380817550586792,0.8250450610723139,0.0,0.15257412137709925
243,0.2474025021491327,0.058507807092606966,0.18831776192394203,0.2987999610713354,0.11674411624046865,0.0902278515225141
244,0.045199958989813535,0.04077056434493202,0.15771373005735162,0.38455453429484415,0.2358317088199031,0.13592950349315566
245,0.24891970829689983,0.24700397104170008,0.17702280316924898,0.0,0.2214302842449764,0.10562323324717474
246,0.0137,0.0,0.0274,0.6013,0.25570000000000004,0.10190000000000002
247,0.04499841182075926,0.006440949142971424,0.10469630483629988,0.5951789936825759,0.06497417738197475,0.18371116313541871
248,0.10631688248799676,0.05995492269842653,0.053872534644027095,0.10789200534868022,0.06585680530659052,0.6061068495142788
249,0.05090081913906208,0.10147606583300174,0.16011028286231882,0.2144470340128101,0.17184253368611824,0.301223264466689
250,0.0,0.14837706413925775,0.021242844321998956,0.3363679884051865,0.0,0.4940121031335568
251,0.2542706621399001,0.02879082589981949,0.0,0.2422134198367836,0.11710621437799441,0.35761887774550233
252,0.0629413401497108,0.0,0.17741083752498954,0.5544775472943133,0.16935520724979214,0.035815067781194275
253,0.0762,0.06983333333333333,0.0,0.5490333333333334,0.07936666666666667,0.2255666666666667
254,0.0,0.01496235528773862,0.08515340367200716,0.5091223421524971,0.15877090063289048,0.23199099825486671
255,0.15436665973122357,0.10485357645231781,0.15591475814913608,0.28564675136636253,0.13456147904539859,0.16465677525556147
256,0.19079131492494808,0.2424700795180032,0.1573043094881816,0.0,0.40943429606886705,0.0
257,0.03196749464565114,0.0,0.09875752480507385,0.09587132653476467,0.5504955778496865,0.22290807616482386
258,0.22746905224417213,0.08896234697290044,0.23386072091438426,0.09738619030636209,0.1709319612786675,0.18138972828351368
259,0.07969164989101546,0.07587590563775921,0.11740022390154839,0.31248423551448684,0.15376851756316454,0.2607794674920254
260,0.0981325932176041,0.09950771928169645,0.13206405850621059,0.14840571882594056,0.3645289734049302,0.15736093676361826
261,0.025805468850702958,0.10506280725535078,0.09034620920204543,0.11457403450231651,0.3005147309452778,0.36369674924430645
262,0.12569911376113427,0.17512720470812917,0.12344808909560633,0.12153580158573524,0.10198067154133159,0.3522091193080634
263,0.05556638634588588,0.01851080718735196,0.014479027755749604,0.5451322011946785,0.15436994250736635,0.21194163500896762
264,0.025489178408761533,0.07010352709301773,0.05554437247226768,0.3072954135599846,0.3508379051070612,0.19072960335890715
265,0.1152714252972932,0.07505704989366116,0.10340351058416744,0.01061643757713629,0.2122121944620525,0.48343938218568944
266,0.0,0.08086072956326505,0.02142358934604394,0.3676533171434894,0.0,0.5300623639472015
267,0.16603216576759122,0.11292156656658277,0.19775327294602338,0.26400184747753813,0.14382468474810922,0.11546646249415529
268,0.17247461749418902,0.21972251743210944,0.08071704686969434,0.03757809322612925,0.1350326806283624,0.35447504434951566
269,0.013839146434596557,0.07803502243235316,0.027678292869193113,0.3036994811263275,0.45336803560983385,0.12338002152769577
270,0.2583633516966927,0.07755450540027413,0.4635452684503902,0.0,0.17426554884274462,0.026271325609898404
271,0.2456101885524979,0.14375964780260078,0.19952570060364333,0.18844393548709418,0.15381162944374036,0.06884889811042351
272,0.0,0.0,0.17305763848338948,0.4884485439486642,0.1314470671508008,0.20704675041714551
273,0.2492800282173967,0.0455063331406081,0.35038855833234583,0.0,0.3169908274802654,0.037834252829383956
274,0.01959781172536588,0.01303552986990818,0.22357914973634435,0.5334137406498003,0.06519056712658214,0.14518320089199915
275,0.10145459571070277,0.08052646273481309,0.3824470186263146,0.2998641743654918,0.08851247482936017,0.04719527373331766
276,0.20794782184592248,0.13576968766100403,0.37094354695857334,0.10522001770681644,0.15494175261221277,0.025177173215470892
277,0.11160076369934767,0.006100224458663779,0.08995798828087838,0.012166369451078041,0.0990912852357493,0.6810833688742829
278,0.09440430163153264,0.032099130611963796,0.18193016502646897,0.03411059720692083,0.4829002026911124,0.1745556028320015
279,0.09014819737392875,0.0,0.35653641753930154,0.2575512256478876,0.2224414302078561,0.07332272923102587
280,0.13536594513260536,0.18503691050141866,0.26306642520100565,0.03595520039432266,0.19465779562230026,0.1859177231483473
281,0.07846143590427304,0.004199720018665421,0.28924738350776613,0.0,0.5528964735684287,0.0751949870008666
282,0.0,0.07843333333333334,0.16856666666666667,0.29046666666666665,0.2895,0.17303333333333332
283,0.28591126293344965,0.17416570989864977,0.09791789588747259,0.05910897373694992,0.23436505351301185,0.14853110403046624
284,0.14907299211482633,0.11927742627360731,0.09281439410940028,0.2025806092740218,0.09475467294901883,0.3414999052791255
285,0.020993417824782333,0.00523995708906567,0.025980682583690295,0.5216409126069407,0.199644222404801,0.22650080749072007
286,0.07811115520640813,0.07158480759292432,0.3887299337297288,0.11064038519612837,0.15660166673032952,0.19433205154448083
287,0.1936,0.0525,0.20036666666666667,0.17523333333333332,0.13776666666666668,0.24053333333333335
288,0.01742988573528948,0.00579891635679783,0.251209056576482,0.2425959388063224,0.2763266485676406,0.20663955395746772
289,0.0,0.0,0.11718663652349672,0.22531711175248095,0.4552692413077935,0.2022270104162287
290,0.0,0.0,0.17742059589031844,0.6305240747101899,0.06600573955578508,0.1260495898437066
291,0.03061627599313487,0.036631423905044196,0.15635695147570083,0.2573719818047228,0.0950005340533404,0.4240228327680569
292,0.0,0.0,0.133,0.28073333333333333,0.21450000000000002,0.3717666666666667
293,0.27213346554976336,0.014050386797729512,0.27846905027740526,0.058268653628115175,0.19755381938296554,0.17952462436402122
294,0.043370340325321506,0.03377136930060989,0.08698207708537052,0.3986012398415337,0.24660767845822806,0.19066729498893625
295,0.03595794701659805,0.02751058052575009,0.11211370698964505,0.5491522004728686,0.14807165400624311,0.127193910988895
296,0.11300722142028283,0.022608054826403472,0.0,0.30164707885908987,0.07344312547407678,0.489294519420147
297,0.23455518611518508,0.11764137908281075,0.24723035600926443,0.0,0.3410794727565824,0.05949360603615732
298,0.038310868503914304,0.0233704248382791,0.5627349896558861,0.03805426193767746,0.24673458674641585,0.09079486831782713
299,0.29722312977505866,0.17364246566921132,0.20213317189833968,0.05550033110366121,0.20700582002984066,0.06449508152388847
300,0.11589601638010302,0.030556643098019736,0.2754337358207064,0.2674997634488185,0.1936174955881941,0.11699634566415815
301,0.12077050182168413,0.1018908422873705,0.012391815550427947,0.5074237326471708,0.1323008542589807,0.1252222534343659
302,0.24273745655346157,0.031015064484564207,0.30669673039970213,0.0659605635375247,0.11738765503705148,0.2362025299876959
303,0.0,0.03492741316323442,0.0,0.4514295987044375,0.19805481177732676,0.31558817635500136
304,0.13793442766090136,0.0715307060216162,0.1962518608196426,0.26791007674225675,0.15310369601527457,0.1732692327403085
305,0.03887851954450272,0.0,0.11271061543111173,0.4716871533797915,0.32511837892456386,0.05160533272003023
306,0.027249370595523556,0.0,0.1004946075279628,0.49758436954435475,0.030295676153499772,0.34437597617865906
307,0.254485425483509,0.10573302995254137,0.17467954014123666,0.09946853798273834,0.28197418111842415,0.08365928532155045
308,0.0762,0.06983333333333333,0.0,0.5490333333333334,0.07936666666666667,0.2255666666666667
309,0.10505341337132044,0.08791696905963671,0.4275298663309803,0.10299272442022975,0.18722339816250091,0.08928362865533172
310,0.013930328881242694,0.0,0.09320999850073682,0.38252791730248925,0.26581649643394073,0.24451525888159045
311,0.1936,0.0525,0.20036666666666667,0.17523333333333332,0.13776666666666668,0.24053333333333335
312,0.10689805365067136,0.04004252077451023,0.20404838031969236,0.2675089895874176,0.20931724556283282,0.17218481010487563
