1.332778340329958955e-01,5.577502230375584041e-02,2.712706131933098619e-01,1.977191341250106593e-01,1.850901461156143901e-01,1.568672502293133320e-01
1.197630454908738956e-01,1.615170685434816344e-02,1.913746843953701982e-01,4.064686211248081382e-01,1.142873468984007407e-01,1.519545952361987529e-01
1.267940513377843470e-01,3.817984728198069166e-02,2.413952849883652385e-01,1.644457753283392054e-01,2.568238608123636357e-01,1.723611802511668400e-01
1.388936374153564302e-01,3.851036166884735240e-02,2.200014007403657545e-01,1.662933735107758604e-01,2.757941784312322731e-01,1.605070482334224058e-01
1.056476530932529412e-01,1.008913445728685729e-02,1.580621245052548918e-01,4.341131740507618297e-01,1.360614719563166819e-01,1.560264419371268918e-01
1.027345814531957363e-01,5.107147747596631898e-02,1.112518927296326093e-01,4.373987305390674152e-01,1.073100970958177497e-01,1.902332207063202052e-01
1.283350035510121834e-01,4.833257406408039691e-02,2.143352647536259092e-01,2.106696916030343092e-01,2.243323546396134571e-01,1.739951113886336609e-01
1.293604059802151152e-01,4.785635591989353954e-02,1.852982554614720223e-01,3.606605843066219563e-01,1.258385713051241583e-01,1.509858270266732361e-01
1.313605505317244904e-01,4.200728885833519138e-02,2.240512356882896905e-01,1.801499960390937349e-01,2.239776785347920574e-01,1.984532503477648979e-01
7.520551892827206930e-02,2.867587330863616626e-02,1.818741907151910364e-01,4.132491593767387839e-01,5.391568913611293618e-02,2.470795685350489213e-01
1.005710663552298323e-01,3.766547516525849820e-02,1.637605654985344883e-01,3.346100356235909290e-01,1.739688953567492813e-01,1.894239620006369362e-01
2.649999999999999925e-02,4.420000000000000318e-02,2.477999999999999925e-01,2.649999999999999925e-02,5.574999999999999956e-01,9.729999999999999760e-02
9.747938151189528000e-02,4.682265892030527260e-02,1.915754938011961228e-01,3.005798225840534132e-01,1.960704256663026723e-01,1.674722175162472182e-01
9.812667396742795478e-02,3.852201856517351725e-02,1.547810041627268873e-01,2.113017767970601923e-01,2.968201624965347563e-01,2.004483640110766296e-01
1.531878975444355695e-01,5.628832874384199353e-02,2.424749056225497801e-01,2.299970820540415128e-01,1.974183326630631341e-01,1.206334533720680030e-01
8.798331842151978222e-02,7.934119578104279619e-03,1.465880412900270324e-01,4.741578092045212744e-01,1.376389802858798972e-01,1.456977312199477514e-01
1.164198632562998131e-01,1.468232076615712950e-02,1.669815553589844570e-01,3.877742840676242086e-01,1.440212706470777315e-01,1.701207059038568059e-01
9.112369504325373848e-02,8.217311029439969272e-03,1.601512900035163278e-01,4.654940895617728502e-01,1.701053045415776011e-01,1.049083098204396380e-01
1.321204201472282458e-01,3.852120032594466559e-02,2.526625180674987314e-01,1.662846988992494612e-01,2.479259428711750590e-01,1.624852196889037537e-01
1.289703881024905630e-01,4.902011954338177796e-02,2.815922514771409535e-01,2.139157753889895930e-01,2.144649541094154066e-01,1.120365113785816158e-01
1.120817568463996494e-01,9.322925600230883014e-02,2.312888804534698195e-01,2.305426465287068183e-01,1.783812194882202773e-01,1.544762406808944388e-01
9.622432225033478170e-02,6.008681161728381646e-03,2.164997046166670103e-01,4.915938693553289496e-01,7.433034890712339471e-02,1.153430737088174812e-01
8.832583816155870071e-02,1.169817911600636549e-02,1.972681410167002602e-01,4.638199113180993538e-01,8.469582958813527684e-02,1.541921007995000203e-01
1.185386789592286355e-01,3.382523000690826342e-02,1.903063560376334895e-01,2.602180502479587987e-01,1.865638869738797112e-01,2.105477977743911988e-01
1.321677722000380029e-01,4.209910213197153028e-02,2.321256597637939845e-01,2.927793756507962586e-01,1.505974765895807532e-01,1.502306136638194289e-01
1.186321199997292380e-01,3.386441444989293087e-02,1.895806296299369087e-01,2.601737027787632828e-01,1.868639551359008999e-01,2.108851780057767744e-01
1.226233997501447598e-01,4.781320583468724045e-02,1.916141679714768176e-01,2.133676777100793065e-01,2.530966681140595642e-01,1.714848806195523323e-01
5.128384615823980419e-02,3.350063613468293178e-02,1.099508899284864505e-01,4.694888485793961563e-01,9.153762990935832011e-02,2.442381492898363649e-01
6.040769322619488763e-02,2.489778180205639083e-02,1.939471820158484572e-01,2.329338599272363086e-01,3.499538638290405346e-01,1.378596191996233067e-01
1.429041271511768685e-01,4.920350154329192205e-02,2.801653005695902143e-01,1.395903324095676967e-01,2.518827284675693168e-01,1.362540098588041204e-01
1.241757840798126400e-01,3.402945090921227767e-02,1.528473161351021348e-01,4.185167687059608288e-01,1.179551995367455752e-01,1.524754806331666268e-01
9.491422539302928063e-02,4.351428459710755120e-02,2.354391773388193332e-01,2.185108236948189731e-01,2.306879948598875296e-01,1.769334941163372699e-01
1.243058236240530690e-01,2.425446654899527862e-02,2.017946573241364283e-01,2.293044494153565760e-01,2.749675645080832953e-01,1.453730385793754742e-01
1.291991452073060487e-01,5.210684951493546602e-02,1.236695134800348816e-01,4.169484616747227146e-01,1.291676598162714573e-01,1.489083703067295150e-01
1.058857455067167275e-01,6.735551561857092140e-02,2.214420898058780673e-01,2.361995531516279390e-01,2.008170291632944415e-01,1.683000667539119588e-01
1.164198632562998131e-01,1.468232076615712950e-02,1.669815553589844570e-01,3.877742840676242086e-01,1.440212706470777315e-01,1.701207059038568059e-01
6.525901017402944981e-02,4.437265374581611521e-02,1.173875702644724683e-01,4.181870656876564563e-01,2.094634738747590819e-01,1.453302262532664979e-01
1.362593311079173530e-01,6.399788144931972678e-02,1.773091554230842304e-01,2.897530198549741476e-01,1.764941400136213201e-01,1.561864721510833609e-01
1.186321199997292380e-01,3.386441444989293087e-02,1.895806296299369087e-01,2.601737027787632828e-01,1.868639551359008999e-01,2.108851780057767744e-01
1.335062420717006704e-01,3.815308393665219067e-02,2.377450165585008879e-01,1.585669536353500053e-01,2.362655381731667281e-01,1.957631656246295315e-01
1.455812804943849292e-01,6.023832935803503930e-02,2.108089205881758521e-01,3.005943241467682325e-01,1.396022262470981712e-01,1.431749191655376507e-01
1.276605421014450348e-01,4.462460893884862001e-02,2.521133490397254318e-01,2.407190282523948011e-01,1.428199467478455109e-01,1.920625249197405737e-01
1.267623136401059281e-01,2.163059501670056006e-02,1.829139588205480060e-01,3.812176595455475381e-01,1.158768076913099521e-01,1.715986652857880157e-01
1.254528789896923180e-01,3.776308841083950846e-02,1.959336215434135942e-01,3.009730948220494251e-01,1.800100648572374729e-01,1.598672513767676884e-01
1.564718022272404141e-01,6.539388728440750920e-02,2.090494266341483276e-01,2.480747448003301769e-01,1.842663391788155469e-01,1.367437998750579975e-01
7.903050714131144849e-02,1.731962598915205015e-02,3.207477692051181051e-01,2.441936062480896952e-01,1.740607778162739094e-01,1.646477136000548680e-01
1.028295245737827490e-01,1.015431645449895760e-02,1.672430734120678719e-01,4.269292756384194254e-01,1.094688010076322188e-01,1.833750089135988415e-01
1.476785384971001924e-01,3.813456358622460685e-02,1.602722420488187360e-01,2.549179353106532653e-01,2.507591880403785556e-01,1.482375325168245606e-01
1.237642328335322728e-01,3.408125393824255195e-02,1.528547908012734824e-01,4.188648649102547084e-01,1.176902829803351952e-01,1.527445745363617269e-01
9.192113501342100146e-02,1.771955953175621823e-02,2.388745316704812827e-01,3.129043269212984923e-01,1.072542139885546142e-01,2.313262328744883356e-01
1.326386581066903159e-01,3.841144000191040048e-02,2.225779573485238971e-01,2.142326093210021876e-01,2.232221121186870327e-01,1.689172231031861315e-01
1.327555319427092817e-01,3.870637434125458187e-02,2.039664539480996464e-01,2.361943574071536378e-01,2.263562061579394991e-01,1.620210762028433671e-01
1.042006641418702639e-01,8.857622145616608073e-03,2.865339990908666312e-01,2.482650500653431069e-01,2.246546218914901583e-01,1.274880426648133669e-01
1.234829709062798403e-01,4.041814112075046983e-02,2.041006522503614751e-01,3.163767696624877890e-01,1.681507658413594342e-01,1.474707002187611304e-01
8.686601480981702428e-02,3.433194657096203927e-03,2.203918026912686512e-01,3.700043267672136205e-01,1.241012155591906252e-01,1.952034455154138259e-01
1.355373594621587519e-01,3.786787651465232940e-02,2.651748230779705229e-01,2.394291224517409167e-01,1.930559641464567322e-01,1.289348543470207331e-01
1.186321199997292380e-01,3.386441444989293087e-02,1.895806296299369087e-01,2.601737027787632828e-01,1.868639551359008999e-01,2.108851780057767744e-01
1.442929486949120765e-01,4.396566061217555693e-02,2.366834203339862885e-01,2.279239287537498382e-01,2.158694434324756328e-01,1.312645981727005584e-01
6.730445170970089652e-02,6.032679064276591507e-02,2.128772887366797983e-01,3.030110329490308119e-01,1.698444289525786743e-01,1.866360070092440149e-01
1.284342833287089591e-01,1.306723837222777823e-02,2.344443914931141071e-01,1.970721745483010878e-01,2.281018061640641137e-01,1.988801060935840859e-01
1.349726701106273574e-01,6.572830028723347651e-02,1.634750778245479541e-01,3.517611436266436797e-01,1.151414003123794605e-01,1.689214078385681828e-01
1.238462915968825129e-01,3.641259240585761198e-02,1.550535523489916800e-01,3.867840235763376211e-01,1.717948356225689477e-01,1.261087044493615361e-01
4.825759572346485088e-02,3.367945941889908396e-02,1.630534554886486631e-01,3.534142374599530401e-01,2.246655653369283856e-01,1.769296865721059764e-01
1.172818426209468329e-01,5.286883010427182589e-02,1.775935977571144742e-01,2.639721750529445132e-01,1.951230151739979657e-01,1.931605392907243812e-01
5.955358408006936055e-02,2.280348591613874307e-02,1.462464733053771559e-01,4.487429988974984685e-01,8.375486333303702735e-02,2.388985944678791717e-01
0.000000000000000000e+00,0.000000000000000000e+00,4.328000000000000180e-01,5.672000000000000375e-01,0.000000000000000000e+00,0.000000000000000000e+00
9.620037186855824596e-02,5.010497995080220174e-02,2.176890702589041882e-01,3.320365487956271622e-01,1.232031830577021286e-01,1.807658460684061497e-01
1.396391865020456258e-01,3.926530809900729418e-02,2.354655233755462984e-01,2.247111005666079797e-01,2.293622552303365703e-01,1.315566262264562802e-01
7.638771131574391415e-02,3.634020222225687463e-02,1.554922102316472210e-01,3.659562922639201799e-01,1.548406305835617058e-01,2.109829533828700976e-01
1.263056104696464454e-01,3.803276942182064885e-02,1.825115264528003878e-01,2.970118275808372177e-01,1.408604542323938780e-01,2.152778118425013321e-01
1.574851612789572863e-01,5.650544905964269282e-02,1.985899065209953407e-01,1.739734064197490937e-01,2.448608619103088690e-01,1.685852148103467729e-01
6.535617268926341428e-02,5.176050236285936745e-02,1.658700069806051391e-01,3.713696521163956099e-01,7.562845473942900187e-02,2.700152111114473841e-01
1.294844691937777348e-01,4.029732425250938388e-02,2.805143395115389238e-01,1.920922039007993687e-01,2.098713908098495673e-01,1.477402723315251465e-01
1.237642328335322728e-01,3.408125393824255195e-02,1.528547908012734824e-01,4.188648649102547084e-01,1.176902829803351952e-01,1.527445745363617269e-01
5.320991405968521909e-02,3.364376778146863090e-02,2.011078984357314858e-01,3.304889444367619111e-01,1.982841865394341929e-01,1.832652887469185532e-01
7.875918368594034269e-02,1.819190109865734175e-03,1.907513512223109331e-01,5.028477964671502765e-01,1.111992733161618063e-01,1.146232051985709849e-01
9.592256071143753782e-02,3.502245483034489848e-02,2.132271988894839376e-01,2.958213251222149287e-01,2.222851639611972963e-01,1.377212964853215815e-01
1.491072141320721745e-01,4.832935111690371544e-02,2.852592168284845964e-01,1.662238352862017432e-01,2.072684598407144585e-01,1.438119227956232149e-01
1.327555319427092817e-01,3.870637434125458187e-02,2.039664539480996464e-01,2.233406785045305709e-01,2.263562061579394991e-01,1.748747551054664062e-01
1.162779385941863641e-01,1.462571452538950247e-02,1.693063448615813593e-01,3.862792585306518145e-01,1.440459212005094913e-01,1.694648222876815324e-01
1.029231815755923124e-01,1.087739742759930711e-02,2.298135763432954115e-01,3.725924265097755872e-01,1.179398685263550878e-01,1.658535496173822454e-01
1.503791889835272289e-01,4.644962885158539917e-02,2.416286090072625459e-01,2.482406338616333363e-01,1.610014235409279737e-01,1.523005157550635369e-01
1.445866918564722436e-01,4.575168164337266308e-02,2.215889475991792701e-01,1.660817539637618190e-01,1.889388980811751162e-01,2.330520268560389019e-01
1.368538245508582329e-01,3.580247715484553145e-02,2.661089091620696956e-01,2.774025664228574328e-01,1.569769356262203930e-01,1.268552870831486379e-01
1.329214846148125961e-01,3.874254250209305250e-02,2.047210887627819165e-01,2.230374876360941838e-01,2.260577767180065589e-01,1.745196197662116921e-01
1.139347737329011873e-01,4.086215988131265686e-02,1.630024127647698995e-01,2.602180502479587987e-01,2.213635122433440239e-01,2.006190911297135171e-01
1.163581454893260619e-01,1.465770481340492558e-02,1.679925200119749273e-01,3.871241529604813603e-01,1.440319902576782940e-01,1.698354864671344222e-01
5.144067271182464068e-02,3.137233545476084129e-02,1.545630715653297516e-01,4.567682268870610351e-01,1.634568215694151283e-01,1.423988718116086793e-01
3.478494115785941282e-02,0.000000000000000000e+00,1.708181033777333713e-01,5.364525164517911504e-01,1.247306039642615549e-01,1.332138350483543787e-01
1.097764537673378143e-01,7.359692477837115332e-02,1.997941981873099238e-01,2.320120469983450173e-01,2.061879683678676245e-01,1.786324079007685917e-01
4.263068693887257093e-02,2.341248470019546488e-02,1.007571261379903438e-01,5.636583078596166807e-01,4.644748397885427316e-02,2.230939103844705729e-01
1.473005149634867839e-01,5.520844221520248424e-02,1.822877765938797634e-01,2.422909966639546220e-01,2.010897255349723411e-01,1.718225440285041650e-01
9.710661247299041954e-02,4.447286231805167023e-03,8.497192163785298458e-02,4.119552272264848658e-01,2.110980567241680372e-01,1.904208957066985397e-01
1.327555319427092817e-01,3.870637434125458187e-02,2.039664539480996464e-01,2.233406785045305709e-01,2.263562061579394991e-01,1.748747551054664062e-01
1.319958238173187526e-01,3.850040762600662886e-02,2.055746549725281092e-01,1.937850444686715912e-01,2.419300340758854528e-01,1.882140350395893058e-01
1.262129154082513305e-01,3.799187010720742746e-02,2.038031531904808402e-01,2.897275539035951697e-01,1.541994846986638468e-01,1.880650226918013646e-01
8.920500396406931543e-02,1.953423176374922618e-02,1.771103124070513013e-01,4.437690606040262109e-01,1.408167036285122298e-01,1.295646876325917130e-01
9.737857567294479211e-02,3.367945941889909089e-02,1.598652027673356790e-01,3.151402711285568592e-01,1.759067396470097577e-01,2.180297513652538488e-01
1.056911061315651407e-01,1.393296026375926561e-02,2.119301420186039120e-01,2.537244125709011699e-01,2.646864863168577608e-01,1.500348926983126885e-01
1.054090236467986330e-01,1.730257624609922440e-02,2.232630231820530442e-01,3.791133532301108056e-01,8.659927625355834380e-02,1.883127474413799352e-01
1.340703651539004726e-01,3.850072951390678261e-02,2.173397887836579778e-01,1.863373378169213557e-01,2.625159429892496288e-01,1.612358357423638033e-01
5.607233727736699730e-02,1.493172072141127349e-02,1.277607165225848607e-01,3.394453553071375973e-01,2.252968929345257887e-01,2.364929772369733785e-01
1.363201474587060480e-01,4.315601459018764130e-02,3.026838136945525504e-01,1.495268074277183445e-01,2.289474303615845474e-01,1.393657864672507019e-01
1.144374248735001987e-01,3.604719743365151358e-02,1.602520075434337998e-01,4.119629169859346240e-01,1.502138542068861826e-01,1.270865989565936882e-01
9.016505799348845107e-02,0.000000000000000000e+00,1.225309221016904482e-01,5.226724399051214665e-01,1.223327393099863242e-01,1.422988406897134073e-01
1.490764403558471063e-01,4.417599542265229773e-02,2.549880107256122796e-01,1.662846988992495167e-01,2.343159552641583543e-01,1.511588993324805286e-01
1.578153818307903300e-01,4.112293794598285285e-02,2.748097256403261301e-01,1.525408033351185466e-01,2.620213057428447123e-01,1.116898455049372546e-01
1.221439696907050537e-01,3.665632778558079036e-02,1.670198972135274185e-01,2.839019470288833835e-01,2.205245960890901413e-01,1.697532621922131224e-01
1.272565786349785233e-01,2.906773529170133055e-02,2.020095544994738035e-01,3.014973261325173959e-01,1.717167530540717191e-01,1.684520523872572728e-01
1.310066841096167722e-01,3.771923833149817828e-02,2.788511269831674966e-01,2.209897256949426847e-01,1.902628051622728134e-01,1.411704197185020548e-01
5.206734852109656114e-02,5.428258376814339842e-02,8.667131583135739836e-02,4.729366359750170612e-01,1.294562577318009722e-01,2.045858581725845393e-01
1.268466789275124740e-01,4.164022312891537542e-02,2.038316505079750540e-01,2.014849506237841037e-01,2.175061790237463044e-01,2.086903177880667648e-01
1.001171818110216105e-01,5.784310414220383834e-02,1.805297634054904565e-01,2.657419837255026174e-01,1.854817685051729503e-01,2.102861984106084992e-01
1.327335038787795241e-01,2.969728337605954255e-02,2.038779305154273247e-01,3.196437055160093466e-01,1.595057801529786434e-01,1.545417965607454314e-01
1.464634907976438416e-01,6.810354132371934655e-02,1.854607588187689726e-01,2.089367961841159249e-01,2.242026961247921280e-01,1.668327167509598141e-01
1.132125625551862053e-01,1.772926114082555918e-02,2.299549979568003555e-01,3.736415724355683921e-01,1.779521976256040749e-01,8.750940828601543042e-02
4.477510808052588553e-02,2.628579674775101405e-02,1.372995618510854665e-01,5.182644803466076588e-01,1.440944113634876345e-01,1.292806416105423684e-01
9.847216949590241464e-02,7.007954429534885357e-03,1.762144568618518869e-01,5.243508647279703228e-01,6.063453884058320892e-02,1.333200156441573803e-01
1.746030079006148650e-01,6.823858322182196900e-02,2.201272906737919977e-01,1.572474448753598264e-01,2.453199072346330389e-01,1.344637660937784696e-01
1.327555319427092817e-01,3.870637434125458187e-02,2.039664539480996464e-01,2.233406785045305709e-01,2.263562061579394991e-01,1.748747551054664062e-01
1.354855449352862506e-01,3.849221462253637344e-02,2.136063756276524173e-01,1.839596450155325524e-01,2.390740314938964162e-01,1.893821883050959831e-01
1.232258246551110881e-01,3.591655452006657645e-02,2.000605626011033866e-01,1.631910916181644189e-01,2.095684985501063136e-01,2.680374680554482025e-01
3.476511482794440722e-02,2.380110263120061020e-02,1.897829224149235883e-01,2.979533333973475862e-01,2.520487241629307262e-01,2.016488025656531513e-01
1.501447225221968496e-01,4.983187295787983723e-02,2.568872241759551645e-01,2.282482194316998447e-01,1.647373140912624101e-01,1.501506468210059564e-01
1.434110405157723311e-01,4.046952171584405206e-02,2.616281522493763556e-01,1.584032898384590826e-01,2.628710327013012438e-01,1.332169629792469279e-01
1.232547837375129046e-01,2.025918280636729643e-02,2.476352860188282823e-01,3.026733621692876408e-01,1.269342325009890360e-01,1.792431527670148572e-01
1.297288359371331079e-01,3.800667967194940738e-02,2.617180136003012803e-01,1.856778526584167976e-01,2.432546862161010237e-01,1.416139319160983068e-01
8.857761153502194396e-02,2.972104750756031713e-02,1.895713623027035222e-01,3.552779565817419938e-01,1.570509755647961081e-01,1.798010465081760767e-01
1.274187218415510359e-01,4.173484028567690796e-02,2.106854095086475309e-01,1.711055021467318693e-01,2.170617616925187288e-01,2.319937645248738856e-01
1.048340542050300722e-01,2.406803095907106282e-02,2.166736437172455676e-01,3.440638400671983677e-01,1.128776527578516792e-01,1.974827782936032228e-01
1.355373594621587519e-01,3.786787651465232940e-02,2.651748230779705229e-01,2.394291224517409167e-01,1.930559641464567322e-01,1.289348543470207331e-01
1.349329789902282972e-01,3.687747498439825772e-02,2.574643948578162478e-01,2.355412705682349006e-01,1.911114752241379611e-01,1.440724053751843148e-01
7.898872685215994893e-02,2.340621585319721532e-02,1.867478108396511127e-01,3.893382786078958824e-01,1.577289290263294286e-01,1.637900388207664260e-01
2.925402903484436434e-02,0.000000000000000000e+00,1.205042834669908247e-01,3.947810702525377247e-01,2.296081124809602192e-01,2.258525047646667838e-01
1.033367442372144229e-01,1.499955599538351295e-02,2.583899515292673033e-01,1.301642782739373672e-01,3.486022847045863182e-01,1.445071852596113149e-01
6.281999999999999806e-01,0.000000000000000000e+00,0.000000000000000000e+00,0.000000000000000000e+00,1.794999999999999929e-01,1.922999999999999987e-01
9.662928363099435036e-02,3.340192502352509057e-02,1.829339656209658938e-01,2.569615580551868339e-01,2.147775059498747419e-01,2.152957617194529716e-01
1.321308542177116463e-01,4.046106598611406285e-02,2.237728160374894137e-01,1.783152311887020447e-01,2.825737222367021850e-01,1.427463103332807515e-01
1.216333728874887665e-01,3.858105096262746947e-02,1.634160612973117321e-01,3.575427412170697483e-01,1.295496462780856561e-01,1.892771273574165580e-01
1.501313593521040601e-01,6.699359657577805272e-02,2.457544262949414582e-01,2.143549987243134614e-01,1.834989445988453594e-01,1.392666744540175805e-01
1.405524223032656450e-01,3.852120032594467253e-02,2.451674050399099414e-01,1.662846988992495167e-01,2.449563389372532152e-01,1.645179344943770716e-01
2.377656715424861580e-02,4.014795986722186072e-02,1.242627886072012466e-01,4.475025799783581282e-01,1.822548662995195079e-01,1.820552380934506442e-01
1.186321199997292380e-01,3.386441444989293087e-02,1.895806296299369087e-01,2.601737027787632828e-01,1.868639551359008999e-01,2.108851780057767744e-01
1.424082441767924589e-01,4.331566330631965445e-02,2.315173700533761092e-01,1.582030808573788305e-01,2.892022104287956252e-01,1.353534311773373355e-01
1.184698886868731371e-01,3.379638284841589985e-02,1.908406278840676096e-01,2.602506983698963938e-01,1.863429800738702624e-01,2.102994221368767458e-01
1.183883284459780610e-01,3.867573213436482915e-02,1.918405649749980180e-01,3.716592476522531663e-01,1.106199191551565791e-01,1.688162076372493048e-01
1.327555319427092817e-01,3.870637434125458187e-02,2.039664539480996464e-01,2.233406785045305709e-01,2.263562061579394991e-01,1.748747551054664062e-01
5.327631138508524128e-02,1.199121468306632750e-02,2.405305146438621866e-01,3.946781709300996033e-01,1.768252529828623354e-01,1.226985353750243701e-01
1.173017061926151516e-01,3.347919125818318159e-02,1.878355142934878264e-01,2.634276284487150344e-01,1.847017883521115400e-01,2.132541714548873146e-01
1.197074041491115320e-01,1.063547843584640266e-02,2.553657793487429939e-01,2.802040149928367030e-01,1.478645693384432191e-01,1.862227537350191753e-01
8.304230397345933878e-02,1.870970635444165961e-02,1.516035062611543749e-01,4.632176512801070567e-01,1.478553036034247758e-01,1.355715285274129989e-01
1.262758283879458765e-01,4.098805338197249876e-02,3.083858748845607622e-01,1.878612247669822766e-01,1.777838783282034152e-01,1.587051402503351083e-01
0.000000000000000000e+00,0.000000000000000000e+00,3.309999999999999748e-02,4.966999999999999749e-01,9.270000000000000462e-02,3.775000000000000022e-01
6.707147296829908678e-02,4.728461642936090253e-02,2.058736476253157643e-01,3.227445906124543074e-01,1.660615837489502200e-01,1.909640886156196149e-01
1.323063472624697312e-01,3.854564229709961376e-02,2.044698247214917775e-01,2.414794582947029367e-01,2.242625604493095892e-01,1.589361669749263239e-01
1.355678300694919403e-01,3.788850711722160924e-02,2.648998044078134106e-01,2.395595645975238108e-01,1.930791951276785434e-01,1.290050986802706301e-01
9.766835631820396102e-02,4.070630557487579793e-02,1.858891229362651665e-01,3.251248037230163312e-01,1.768158636612763290e-01,1.737955477863624421e-01
9.773090310138282666e-02,2.553142593332848737e-02,1.664259503967410181e-01,4.304797692553159472e-01,1.569441187636997637e-01,1.228878325495319918e-01
1.060445993451807761e-01,1.016243161668285711e-02,2.042810095113897773e-01,3.708540302470368921e-01,1.334224050136079975e-01,1.752355242661016166e-01
9.112517635663995585e-02,8.217444610643198297e-03,1.478805587539006594e-01,4.831586150544790459e-01,1.330848648386659394e-01,1.365333403856711925e-01
4.822652035403582338e-02,3.378585374806392788e-02,1.866318630948517743e-01,4.232579342979461146e-01,1.266163332098770022e-01,1.814814952952253091e-01
6.984800398750766470e-02,0.000000000000000000e+00,8.143174967831424971e-02,5.801015234264035314e-01,1.122809336101261157e-01,1.563377892976484107e-01
1.132840197883253630e-01,3.687779768137195574e-02,1.758256062482550786e-01,3.537650082001355667e-01,1.381657866998703410e-01,1.820817813820417019e-01
1.237642328335322728e-01,3.408125393824255195e-02,1.528547908012734824e-01,4.188648649102547084e-01,1.176902829803351952e-01,1.527445745363617269e-01
1.266905705928545456e-01,2.263009453124771933e-02,2.385094935137004879e-01,2.471474252098500024e-01,2.055858387172661006e-01,1.594365774350811615e-01
9.942753663123449215e-02,1.053260575953366557e-02,1.953300048604900696e-01,4.098325537704121113e-01,1.202218887374630618e-01,1.646554102408666898e-01
1.138538016588923341e-01,4.044623823632998577e-02,2.384157545841809611e-01,3.613545528039149857e-01,1.059183409375369644e-01,1.400113117791447759e-01
7.589264669696303700e-02,3.261343190149202514e-02,1.109312397392810956e-01,4.577288238891735750e-01,1.374013490129705473e-01,1.854325087601196020e-01
1.127762575434121672e-01,1.549196825111580009e-02,2.018227128155909433e-01,2.703109109928230058e-01,2.271152848522920986e-01,1.724828655447660231e-01
1.563252666368550869e-01,6.506998588199390532e-02,2.081321724242355953e-01,2.491538262747636234e-01,1.839801374469124395e-01,1.373386113352393911e-01
1.237642328335322728e-01,3.408125393824255195e-02,1.528547908012734824e-01,4.188648649102547084e-01,1.176902829803351952e-01,1.527445745363617269e-01
1.097884067755443976e-01,3.353891894630029596e-02,1.466272013559654919e-01,2.646289909623429359e-01,1.751983287463717842e-01,2.702181532134750319e-01
1.145327504121592677e-01,1.392387444644024169e-02,1.458589633991564660e-01,4.406320911583683775e-01,1.365143874611470798e-01,1.485379331227286437e-01
1.337717610792720502e-01,1.759170442312225045e-03,1.814686569699536234e-01,4.210574893081783787e-01,1.023404028570689267e-01,1.596025193432148159e-01
1.268724145964830186e-01,3.820344379315818856e-02,2.854304023021191905e-01,2.386450085024947598e-01,1.750170293452932846e-01,1.358317014604514816e-01
1.025264183448047206e-01,3.391810821775812640e-02,1.113210557626478775e-01,4.620349677042555059e-01,1.071376282473111979e-01,1.830618217232225231e-01
1.262118741432939895e-01,3.799155667174895779e-02,2.221909805143200134e-01,3.146130037603270813e-01,1.639142445440676110e-01,1.350783403662423054e-01
1.266894289047796607e-01,3.811867707915996689e-02,2.563287353045596295e-01,1.996201668497639969e-01,2.056875185889866786e-01,1.735554732727499494e-01
1.201087614806940207e-01,3.595487785171073286e-02,1.911785353781250418e-01,2.569615580551868339e-01,1.868321486668960141e-01,2.089641185673873081e-01
1.563252666368550869e-01,6.506998588199390532e-02,2.081321724242355953e-01,2.491538262747636234e-01,1.839801374469124395e-01,1.373386113352393911e-01
9.918819741924164712e-02,3.353891894630030290e-02,1.631789249335582614e-01,2.794961312922322749e-01,2.150754185537735452e-01,2.095224088548940378e-01
1.321204201472282735e-01,3.852120032594467253e-02,2.029906640967149567e-01,2.240037612768864816e-01,2.252733021583285533e-01,1.770906519948971247e-01
7.781703814031011579e-02,6.740731876747120543e-02,1.232036193933247897e-01,4.460270033082095464e-01,1.256605799521459954e-01,1.598844404385383611e-01
4.367362834749205502e-02,4.344695211404122487e-02,1.707148411891754036e-01,4.004607462318103828e-01,1.285292804186091153e-01,2.131745516988718669e-01
1.366402634053173748e-01,3.832603917455761761e-02,2.481735497514884481e-01,1.582960392936388627e-01,2.728863152577259976e-01,1.456777931172716090e-01
1.151516514002218355e-01,3.633232186901592248e-02,1.599500767531512879e-01,4.114185147845905721e-01,1.499505399792046556e-01,1.271968952138157749e-01
1.329214846148125961e-01,3.874254250209305250e-02,2.047210887627819165e-01,2.230374876360941838e-01,2.260577767180065589e-01,1.745196197662116921e-01
1.331329894797894653e-01,3.878647318598567317e-02,2.057473400696212540e-01,2.226254935757661091e-01,2.256637396373636084e-01,1.740439640514737651e-01
1.022286457458868592e-01,1.704714394373956984e-02,1.820432723829534249e-01,3.669639897686750030e-01,1.689487175064554592e-01,1.627682306522896805e-01
1.167088867479155606e-01,4.792733215565436744e-02,1.813171857217583671e-01,3.325852477200288426e-01,1.823086875643468163e-01,1.391526600902960875e-01
1.197361873392710635e-01,3.659056243137174397e-02,1.743243371732682290e-01,3.612788055727839120e-01,1.950456998030727918e-01,1.130244076802322112e-01
1.563252666368550869e-01,6.506998588199390532e-02,2.081321724242355953e-01,2.491538262747636234e-01,1.839801374469124395e-01,1.373386113352393911e-01
1.221439696907050537e-01,3.665632778558079036e-02,1.670198972135274185e-01,2.839019470288833835e-01,2.205245960890901413e-01,1.697532621922131224e-01
1.319969273863762782e-01,3.850072951390678955e-02,2.021401522459201905e-01,2.499032545366245694e-01,2.258963566112014709e-01,1.515625797059707291e-01
1.246523018026207547e-01,4.275509148511555391e-02,3.131858277820679382e-01,1.303947431591595818e-01,2.674500305039566039e-01,1.215620052670795537e-01
1.329214846148125961e-01,3.874254250209305250e-02,2.047210887627819165e-01,2.230374876360941838e-01,2.260577767180065589e-01,1.745196197662116921e-01
1.331329894797894653e-01,3.878647318598567317e-02,2.057473400696212540e-01,2.226254935757661091e-01,2.256637396373636084e-01,1.740439640514737651e-01
1.054090236467986330e-01,1.730257624609922440e-02,2.170706087745850332e-01,4.286362211740317729e-01,7.687068894408333186e-02,1.547108812144020462e-01
1.268724145964830463e-01,5.772411767921710457e-02,2.230107039091285270e-01,2.283744627009899608e-01,2.135440202194358594e-01,1.504742808947455712e-01
1.271084029043819952e-01,6.032895821310069184e-02,1.745126989820098562e-01,2.406527228615544800e-01,2.186910498885951681e-01,1.787061671503577254e-01
1.377635527085774858e-01,4.468463760707600679e-02,2.346031082342273089e-01,3.078475492328195395e-01,1.462194814931271902e-01,1.288816707241725312e-01
1.327555319427092817e-01,3.870637434125458187e-02,2.039664539480996464e-01,2.233406785045305709e-01,2.263562061579394991e-01,1.748747551054664062e-01
1.327555319427092817e-01,3.870637434125458187e-02,2.039664539480996464e-01,2.233406785045305709e-01,2.263562061579394991e-01,1.748747551054664062e-01
1.270570364848984946e-01,4.127367784239417692e-02,2.864555729351959124e-01,2.267356010919864828e-01,1.819638666411839689e-01,1.365142450043408950e-01
4.932495565579098074e-02,3.138755804788392195e-02,1.438770025760824356e-01,4.592739534423233017e-01,1.437522885747567758e-01,1.723842417031625496e-01
2.726999999999999980e-01,2.172000000000000042e-01,2.172000000000000042e-01,0.000000000000000000e+00,2.172000000000000042e-01,7.580000000000000626e-02
1.327555319427092817e-01,3.870637434125458187e-02,2.039664539480996464e-01,2.233406785045305709e-01,2.263562061579394991e-01,1.748747551054664062e-01
0.000000000000000000e+00,0.000000000000000000e+00,0.000000000000000000e+00,1.000000000000000000e+00,0.000000000000000000e+00,0.000000000000000000e+00
1.313617184971462293e-01,3.829999229301632446e-02,2.142728031633163166e-01,2.186775795554438406e-01,2.239796699864319007e-01,1.734082365046454022e-01
9.295802645191952873e-02,1.182570078569495850e-02,1.905662812366963332e-01,4.144789845508748405e-01,1.129716695701697554e-01,1.771993374046445247e-01
1.206714528149528259e-01,3.682685019007318761e-02,2.190792013603432009e-01,3.121481453096089931e-01,1.797087974566084490e-01,1.315655528684133435e-01
4.649999999999999967e-02,0.000000000000000000e+00,3.952999999999999847e-01,0.000000000000000000e+00,5.000000000000000000e-01,5.809999999999999887e-02
1.398052307454120957e-01,4.789995508779896355e-02,2.124696961501044978e-01,2.071297867488845479e-01,1.706491486035699723e-01,2.220461826642299019e-01
1.321193149583904103e-01,3.852087809565980098e-02,2.029889660774693294e-01,1.769654276496386847e-01,2.804470337964526383e-01,1.689583794223892821e-01
1.426448179804999383e-01,4.758188113481957859e-02,1.872880218763167126e-01,3.116351775423348847e-01,1.870774530509643763e-01,1.237726484150644679e-01
1.207315684843880549e-01,3.520873415163142117e-02,1.851526255280759869e-01,3.142275684340652964e-01,2.062748101674863055e-01,1.384046932343530600e-01
6.272768483618494650e-02,3.302263352200659335e-02,1.103634268739972224e-01,5.089358775193825180e-01,1.140609435964631130e-01,1.708894336519656831e-01
7.514107558907072437e-02,1.890199628815292937e-02,2.588360529033046364e-01,3.006598519314724882e-01,1.584450231287720667e-01,1.880160001592272034e-01
1.415600133191801668e-01,8.135283798661767374e-02,1.753757364896184057e-01,2.932596768013828181e-01,1.384323034810333308e-01,1.700194319221675632e-01
1.430129914541574676e-01,4.245484269985237008e-02,2.221308317864023052e-01,2.957742933137053609e-01,1.376042678563737798e-01,1.590227728895088621e-01
1.480833658566545474e-01,6.751643556287338643e-02,1.942493125331612724e-01,1.687602702405386901e-01,2.510925385818819633e-01,1.702980772248901542e-01
0.000000000000000000e+00,1.474000000000000032e-01,0.000000000000000000e+00,6.320000000000000617e-02,0.000000000000000000e+00,7.894999999999999796e-01
8.749249827066334084e-02,8.209055414673600837e-03,1.730480465237504706e-01,4.226184056656612231e-01,1.191346913151418718e-01,1.894973028101094026e-01
6.785451631595365574e-02,2.782507327764740732e-02,8.509342204884234873e-02,4.558987748166479226e-01,6.178892969771739019e-02,3.015392838431912859e-01
1.281986965943791856e-01,7.612961612657134780e-02,2.304259455303803716e-01,2.515359181486689355e-01,1.482507794012039859e-01,1.654590441987961180e-01
1.020123636926732746e-01,1.007704189675433237e-02,1.745623698257372791e-01,4.169530136842615198e-01,1.102101523243668030e-01,1.861850585762067078e-01
1.327555319427092817e-01,3.870637434125458187e-02,2.039664539480996464e-01,2.233406785045305709e-01,2.263562061579394991e-01,1.748747551054664062e-01
8.855373407237739081e-02,1.174132359367626062e-02,1.970491625519142365e-01,4.633339381226002085e-01,8.482329461764756551e-02,1.544985470417842843e-01
8.798548913827720919e-02,0.000000000000000000e+00,2.290961063547117538e-01,3.782366070077612386e-01,1.860976543105884173e-01,1.185841431886615199e-01
1.331329894797894653e-01,3.878647318598567317e-02,2.057473400696212540e-01,2.226254935757661091e-01,2.256637396373636084e-01,1.740439640514737651e-01
1.251120122507858312e-01,3.916666933497387620e-02,1.817546707693258601e-01,3.355428483965968711e-01,1.396603741714166902e-01,1.787634250769007949e-01
7.401227210893707165e-02,5.317782243690097332e-02,1.245017040711068196e-01,4.523051678413549381e-01,1.243400348459409305e-01,1.716629986957592668e-01
1.104867087432168243e-01,3.861708913947527189e-02,1.635909830659641462e-01,3.007569579409847815e-01,1.961109297074226931e-01,1.904373314029362552e-01
1.018315340209005188e-01,1.005576584916872268e-02,1.568211354467740348e-01,4.606912498053172267e-01,1.025405109268779091e-01,1.680598039509615393e-01
1.313864230799237365e-01,3.831599058495618187e-02,2.014927951104699966e-01,2.365149093760029464e-01,2.244790639235409724e-01,1.678108179251061594e-01
5.899321183204155050e-02,3.363498497349900335e-02,1.480909262640268953e-01,4.298204088310297877e-01,8.634606479752941766e-02,2.431144033018733663e-01
1.327555319427092817e-01,3.870637434125458187e-02,2.039664539480996464e-01,2.233406785045305709e-01,2.263562061579394991e-01,1.748747551054664062e-01
5.588976607420925030e-02,4.127762358928922098e-02,1.781646988657462072e-01,4.245757185667821676e-01,1.306795772305236192e-01,1.694126156734496458e-01
1.509433369499088295e-01,6.367648626225576314e-02,1.762384855461587296e-01,3.206057863176114409e-01,1.486720263286377963e-01,1.398638785954274544e-01
9.510628451291879004e-02,8.232894839536744960e-03,2.661569789470245584e-01,2.467106868291132349e-01,2.225584572343889955e-01,1.612346976370177543e-01
1.237642328335322728e-01,3.408125393824255195e-02,1.528547908012734824e-01,4.188648649102547084e-01,1.176902829803351952e-01,1.527445745363617269e-01
1.028168804517179402e-01,1.014878743767802342e-02,1.738147557624779294e-01,3.977595024185376360e-01,1.161491650840784234e-01,1.993109088455100320e-01
7.441602167587095529e-02,4.371250112074281935e-02,1.532747096213666060e-01,3.477948165082418996e-01,2.548223174074983888e-01,1.259796336662793170e-01
1.321204201472282735e-01,3.852120032594467253e-02,2.029906640967149567e-01,2.287551275711615095e-01,2.284520331298506013e-01,1.691605547291000489e-01
8.687732997933610146e-02,3.340714812763690561e-02,1.419289239978578920e-01,4.432253962627427102e-01,1.537898142167294091e-01,1.407713874156970302e-01
1.293110383870513524e-01,2.637855048792113119e-02,3.156053432114785395e-01,1.879794522338408824e-01,1.879903280626064599e-01,1.527352876171016172e-01
1.324210084009197486e-01,3.862968133456350789e-02,2.025580217866668198e-01,2.239071142121351887e-01,2.269338318785520114e-01,1.755503423871627167e-01
1.321204201472282458e-01,3.852120032594466559e-02,2.153458894781308530e-01,1.700908109835719273e-01,2.661450903868987083e-01,1.777765886782255167e-01
1.184698886868731371e-01,3.379638284841589985e-02,1.908406278840676096e-01,2.602506983698963938e-01,1.863429800738702624e-01,2.102994221368767458e-01
3.674702588394682806e-02,5.896317994584748638e-03,1.198082541232824705e-01,5.406803781821346577e-01,6.189854180644388526e-02,2.349694820096074888e-01
8.374376665703477107e-02,1.682936741418151680e-02,2.532408576235651854e-01,3.427024444053948793e-01,1.719566899162180973e-01,1.315268739836055467e-01
9.595081618583224670e-02,2.991913877662161908e-02,2.435314708740802525e-01,2.824697894822255639e-01,2.147371054805017054e-01,1.333916792007387164e-01
1.179907709161516355e-01,3.437499518500507223e-02,1.823461439844520637e-01,3.006102579143262177e-01,1.999973012825368435e-01,1.646805307175281397e-01
1.324233510352854915e-01,3.784125676475346561e-02,2.892372656197159109e-01,2.137654003227227040e-01,2.146921144832732165e-01,1.120406117742492463e-01
1.247473075674352255e-01,3.466891195138433607e-02,3.323251297584693953e-01,1.857290056589439853e-01,1.851494099171509811e-01,1.373802351466160976e-01
8.071537208748938430e-02,1.639616967457986629e-02,1.328637614499736386e-01,4.320825804455106778e-01,2.073542644683196989e-01,1.305878518741265815e-01
1.290876814278499596e-01,4.096474340849159262e-02,1.486157216132323322e-01,3.837555012853266501e-01,1.878215684287372900e-01,1.097547838363621964e-01
1.327555319427092817e-01,3.870637434125458187e-02,2.039664539480996464e-01,2.233406785045305709e-01,2.263562061579394991e-01,1.748747551054664062e-01
1.565644372896851100e-01,5.325176889174856182e-02,1.783823782488389298e-01,2.640370811938734241e-01,2.173071039045953168e-01,1.304572304712587338e-01
1.214480136125119236e-01,3.711341801610920643e-02,2.562348841556387202e-01,2.463683339579437470e-01,1.822947723437643164e-01,1.565405779140320031e-01
5.013091795098274100e-02,5.979030567509587696e-03,1.252257985872799739e-01,4.433420049479717684e-01,6.276684430603918230e-02,3.125554036402167779e-01
1.267623136401059281e-01,2.163059501670056006e-02,1.829139588205480060e-01,3.812176595455475381e-01,1.158768076913099521e-01,1.715986652857880157e-01
1.079742754831335000e-01,1.335027806212235081e-02,2.141325958670998175e-01,3.713488905699083298e-01,1.501487363143690357e-01,1.430452237033669194e-01
1.103538475929347062e-01,1.014878743767802342e-02,2.282152413659138124e-01,3.248026554707198477e-01,1.739242883404023277e-01,1.525551797923512254e-01
1.319497779895027756e-01,3.849221462253637344e-02,2.018372033825859002e-01,2.410167258002086088e-01,2.261262702669020463e-01,1.605778079382641776e-01
1.334105496590841378e-01,3.883966816783072928e-02,2.072267860347267732e-01,2.220321881364533678e-01,2.251184642771685285e-01,1.733723437247365884e-01
