9.467762702338908265e-02,9.516047900628253620e-02,1.845805532136330640e-01,2.414672304930916003e-01,1.908842084133650085e-01,1.932299018502386112e-01
4.264030289524955303e-02,2.870037487228735071e-02,1.611422106603621340e-01,3.144238455972200308e-01,1.522160943369487152e-01,3.008771716379322059e-01
7.737926182425609867e-02,4.647111698239272254e-02,2.445187629595909073e-01,1.915971944372015789e-01,1.661431307540414681e-01,2.738905330425171480e-01
1.103627537879615927e-01,5.446688213812200113e-02,2.221777158470924496e-01,1.895077691799629815e-01,2.616474729889439743e-01,1.618374060579168550e-01
2.476984759355644120e-02,1.527096690175797251e-02,1.015255197628257694e-01,4.320402627462333611e-01,1.321082830240297434e-01,2.942851199715966759e-01
8.490153565240422806e-02,6.701780597609716117e-02,6.854625566930769298e-02,3.847734265480938221e-01,1.324966604082574717e-01,2.622643157458395824e-01
1.581333550670897259e-01,7.289562986676467737e-02,2.507617603136384488e-01,7.351167263233042426e-02,2.978298348518144123e-01,1.468677472683621865e-01
4.266631188311272027e-02,2.761323123593339979e-02,1.247570882823417632e-01,5.331316214574067791e-01,4.007639054552886160e-02,2.317553565956764761e-01
7.919416188117611721e-02,9.550726884631806357e-02,2.243577687552073541e-01,1.738358368968510592e-01,2.041189189403932180e-01,2.229860446800542018e-01
7.548973050081045355e-02,4.814075865836964924e-02,1.954658361696175739e-01,2.364533791953085662e-01,1.733206473342595311e-01,2.711296481416342052e-01
5.666245122948154050e-02,5.626088035860508235e-02,1.824274475224992587e-01,3.422602121369043848e-01,1.517305389247002034e-01,2.106584698278094192e-01
2.649999999999999925e-02,4.420000000000000318e-02,2.477999999999999925e-01,2.649999999999999925e-02,5.574999999999999956e-01,9.729999999999999760e-02
1.207070175583250110e-01,1.037234304552239611e-01,1.455523689302786750e-01,1.418087303315444803e-01,2.211330895397148055e-01,2.670753631849130949e-01
1.219591914961763723e-01,6.223118975299286176e-02,1.795202891477515328e-01,7.476372397229789912e-02,3.607397350343556908e-01,2.007858705964255253e-01
6.993885560016588343e-02,4.086969479846182252e-02,1.808507853274149424e-01,3.570361769651749784e-01,1.940150408404629767e-01,1.572894464683194660e-01
7.681113800969062433e-02,3.140922678743443552e-02,5.854483852950791156e-02,4.340858360364001634e-01,1.521868354898408271e-01,2.469621251471260104e-01
3.609123850733610833e-02,2.103415847107133196e-02,1.070343338533911587e-01,3.886211418397607642e-01,1.038130881532935423e-01,3.434060391751471708e-01
6.043155578907781489e-02,2.098258946325905205e-02,1.011713335492389759e-01,4.648128760043565011e-01,1.477652274281042177e-01,2.048364177659634244e-01
8.538594871028866440e-02,3.519215883007377477e-02,2.409811970547493798e-01,1.937187439839673231e-01,2.018822720307194285e-01,2.428396793902015960e-01
4.910721829380160913e-02,5.850670361058770558e-02,1.823067131012901243e-01,3.211313766647211909e-01,2.054812543959440851e-01,1.834667339336554515e-01
1.463924520678091812e-01,1.390644507523002282e-01,2.228841321563288513e-01,1.030914812950668585e-01,2.449503621047285917e-01,1.436171216237663861e-01
2.858556591369061997e-02,6.658219925140451689e-02,1.785780298005217870e-01,3.174707490213193872e-01,1.439826162271883314e-01,2.648008397858753193e-01
5.263355174272490306e-02,5.750067078063727383e-02,5.786885757303917438e-02,3.962359226869248685e-01,1.179015136342551340e-01,3.178594835824186671e-01
1.373908800390942486e-01,7.696172421878898218e-02,2.178888790808980735e-01,9.632300088597656185e-02,3.180898819616243545e-01,1.533456338136178765e-01
4.612123127142186974e-02,2.152439459886131348e-02,1.813467531650175824e-01,2.735160759413913789e-01,2.266220783169036745e-01,2.508694667064041428e-01
1.332427640355495213e-01,6.070609919458061499e-02,2.120951875306325285e-01,1.322256355042226716e-01,2.889651153145588180e-01,1.727651984204558455e-01
1.589850562669050948e-01,8.967996932876438898e-02,1.983595470532232841e-01,8.317137698420731806e-02,2.931251898132865019e-01,1.766788605536133427e-01
7.486676848557761998e-02,5.349938162413947484e-02,6.521939008919021286e-02,4.059754482357093575e-01,1.193546597643399126e-01,2.810843518010434083e-01
1.297293677003541479e-01,6.643037461031972568e-02,2.349488178825490658e-01,9.798155517042665685e-02,4.066432959031491823e-01,6.426658873320122145e-02
9.804406256626885252e-02,3.851269213454298901e-02,2.441728935988450866e-01,1.148439297934804870e-01,3.427204138127989963e-01,1.617060080940635469e-01
7.432239189202925755e-02,4.597963942825072231e-02,1.213693879689281829e-01,3.698441770627184377e-01,1.595934774374367648e-01,2.288909262106365305e-01
1.937987851226491975e-01,9.418458224419003211e-02,2.412421186026282027e-01,8.957177044405266464e-02,3.216503253235932225e-01,5.955241826288661805e-02
9.591334649635312182e-02,3.580270415885619673e-02,1.413321555285433906e-01,2.644612804621808699e-01,2.803834082506058700e-01,1.821071051034604815e-01
8.827888889245474879e-02,5.974950784201957243e-02,6.627268232979438567e-02,4.336782876942105180e-01,1.291215752576013176e-01,2.228990579839194575e-01
1.655725952382425537e-01,9.423840432942298673e-02,2.695556173855578885e-01,8.732608976571125392e-02,2.909383016081655282e-01,9.236899167289987223e-02
6.451163312172969455e-02,1.347691143394690906e-02,5.192370436821495266e-02,4.082660298293965817e-01,1.230317795850123241e-01,3.387899416616995674e-01
6.816046600605238370e-02,4.900657535978526769e-02,6.253788860794644300e-02,4.460485966389827195e-01,1.775647682183446874e-01,1.966817051688885820e-01
1.738527588380633926e-01,5.728263453141332895e-02,1.232510700774156476e-01,2.353791678747399752e-01,2.720972837641260633e-01,1.381370849142416202e-01
1.323008245677486094e-01,6.027694665349134923e-02,2.513060922499616989e-01,9.183439220653401291e-02,3.178440807463654982e-01,1.464376635758987688e-01
1.068322451336604778e-01,9.714426306143188194e-02,2.439269166318924209e-01,1.534914475959412994e-01,1.631590580089261888e-01,2.354460695681477866e-01
4.128232351386147692e-02,5.224584772639353364e-02,1.303419016765486327e-01,3.311841573609997091e-01,2.514190745940199645e-01,1.935266951281766623e-01
7.392958006833041940e-02,4.405274471200272546e-02,2.579595480107230721e-01,1.646512198725552101e-01,2.701648772346780802e-01,1.892420301017105067e-01
4.712085675277116054e-02,2.641727014385494149e-02,1.496325199355231228e-01,3.191331798064179215e-01,1.876279130445389354e-01,2.700682603168938489e-01
1.137431424533211777e-01,6.352518164635999331e-02,8.462805703162680493e-02,3.184784042583959640e-01,1.994213212763740195e-01,2.202038933339221238e-01
3.642017739707238688e-02,4.051865601290432356e-02,3.946892792599478866e-02,6.040859842504945343e-01,8.674800858550123228e-02,1.927582458280328037e-01
1.236989117258355253e-01,3.586611761194407472e-02,3.148067839467527107e-01,2.053835917270931122e-01,1.425289438997072444e-01,1.777156510886672702e-01
2.314865292988871337e-02,8.303605774559439517e-03,5.514603732646562034e-02,4.793105316418147521e-01,1.017244765446757432e-01,3.323666957825957557e-01
9.690117979575066376e-02,5.234013158097443330e-02,1.023811192273765269e-01,3.443170004033720422e-01,2.063219852072744609e-01,1.977385837852518868e-01
7.237034864166977388e-02,5.717732086926594071e-02,7.930939053852474607e-02,3.359891635548009625e-01,1.198870372342377977e-01,3.352667391615009040e-01
1.168553451287051778e-02,5.415107654304090329e-02,9.073385098487457556e-02,2.931343403218526489e-01,1.744745380084707920e-01,3.758206596288904411e-01
7.742277646598311192e-02,4.971933645738813023e-02,1.719457129120872674e-01,2.575321700155559501e-01,1.999583511495096055e-01,2.434216529994759626e-01
7.593205878223807659e-02,3.276635943968944642e-02,1.180783616596592367e-01,4.788838426756256150e-01,1.160849964909603932e-01,1.782543809518271627e-01
1.000815002958920646e-01,6.199665011430712663e-02,2.903839439746416229e-01,2.196533998034072843e-01,1.983094815019006418e-01,1.295750243098511556e-01
3.362746341876476919e-02,1.503549136183369127e-02,1.443697895740040926e-01,4.283855010131984997e-01,1.138778056338487082e-01,2.647039489983501470e-01
5.867566707531539361e-02,7.590691496083942780e-02,1.096810332455440962e-01,3.535879034050333769e-01,1.317615225590062777e-01,2.703869587542615527e-01
8.181256800228245418e-02,8.077696625132453623e-02,1.723844255960673699e-01,3.084379932337441010e-01,1.938099917997394006e-01,1.627780551168420686e-01
1.361086035757323176e-01,6.114571828142714022e-02,2.841919955051358526e-01,7.482225157531559312e-02,2.759801746032214953e-01,1.677512564591675248e-01
1.190456562383045841e-01,9.190214237717457546e-02,2.532228062427221982e-01,2.093823234144651657e-01,1.624049933401127410e-01,1.640420783872207355e-01
9.873482563829596992e-02,8.795541235486947773e-02,1.639439169605101110e-01,1.972673330473744269e-01,2.601801519869767487e-01,1.919183600119732935e-01
1.279140640122275185e-01,6.258031016319444417e-02,1.311063366812836306e-01,1.961409562513954097e-01,2.492253519527715677e-01,2.330329809391274987e-01
1.762033753292708838e-01,8.106848338985406244e-02,1.146957458299340676e-01,2.663320774531800494e-01,1.491438259413567224e-01,2.125564920564042559e-01
7.103314257170516288e-02,1.899550654697513760e-02,6.018446143364910433e-02,3.823123688561791966e-01,1.876189872093095568e-01,2.798555333821818869e-01
6.644146821989418972e-02,6.767622233291253897e-02,2.315410519873825623e-01,1.292971947433742552e-01,3.107825424721352148e-01,1.942615202443012667e-01
1.389082036952701271e-01,9.682100827929798759e-02,2.057691382236705169e-01,1.686069949698202897e-01,2.058108384369108645e-01,1.840838163950301587e-01
6.823983149608311982e-02,4.424200202438961088e-02,9.175535638213287715e-02,3.782498142967277155e-01,1.751079963538416107e-01,2.424049994468249480e-01
0.000000000000000000e+00,0.000000000000000000e+00,4.328000000000000180e-01,5.672000000000000375e-01,0.000000000000000000e+00,0.000000000000000000e+00
7.498625843432514537e-02,1.131293224741016651e-01,8.827307214618608511e-02,3.160836428129827347e-01,1.402209146140956375e-01,2.673067895183087184e-01
1.056817301640646939e-01,4.559201897467640013e-02,1.849291172713920517e-01,1.984738459391750254e-01,2.998444924566392444e-01,1.654787951940526747e-01
1.436458547053046930e-01,6.302320937423865066e-02,2.308567346128881370e-01,1.169831841538431227e-01,2.834347864017505159e-01,1.620562307519750056e-01
1.741266829348078055e-02,8.626778261534953293e-03,1.135373136792156706e-01,3.725276417085518488e-01,1.114793025411871946e-01,3.764162955160295088e-01
1.142951491594438734e-01,5.383948570001742540e-02,1.970917167920948898e-01,1.875723605808765626e-01,2.800711239489949156e-01,1.671301638185722638e-01
8.886357270774498940e-02,6.463520133819082580e-02,1.314104428940164326e-01,3.552071687827214053e-01,1.307665453297402469e-01,2.291170689475863220e-01
6.428818546872169803e-02,2.915571199068709915e-02,2.568854012703433720e-01,2.512436128402656954e-01,2.401439265846204707e-01,1.582831618453617029e-01
6.621660699869683087e-02,4.441256813592288355e-02,5.571665335699158700e-02,4.697971529181201311e-01,1.109386626489888422e-01,2.529183559412795379e-01
9.052700020100734601e-02,9.332243102656215261e-02,2.502793104198305363e-01,2.079703532655899079e-01,1.792117002882073484e-01,1.786892047988025978e-01
4.576914621635645719e-02,5.373929971742578277e-02,7.944895242794322576e-02,3.831183210291582708e-01,1.120902909202817488e-01,3.258339896888344800e-01
1.312389133397181828e-01,6.650275317007178777e-02,2.090116891323125503e-01,1.237722454716950471e-01,2.745997112209487834e-01,1.948746876652537041e-01
1.124054145254073517e-01,4.598252230820103897e-02,3.106903328539880604e-01,1.101379922667772571e-01,2.519714998428138619e-01,1.688122382028124646e-01
9.522228527611402427e-02,5.682962297540943009e-02,1.563229970500742139e-01,3.460223102057245481e-01,1.274719042318997186e-01,2.181308802607780650e-01
3.607610252279182944e-02,2.097565634182586847e-02,1.066944981205032589e-01,3.890811195149835866e-01,1.039284402821459286e-01,3.432441832177495766e-01
4.593917543002514620e-02,1.583610638857282579e-02,1.315278937350052579e-01,3.733544217300345802e-01,1.537532232510761543e-01,2.795891794652861084e-01
6.925498090125217776e-02,4.475612372665768030e-02,1.669471714000780038e-01,3.916832511437324249e-01,1.462403397037715103e-01,1.811181331245082793e-01
7.882353260420715824e-02,3.894397345323624693e-02,2.295021200129281902e-01,2.135056215146200476e-01,2.329296927154330399e-01,2.062950596995753172e-01
1.269837877219898437e-01,6.081497693465416632e-02,3.896287725304991012e-01,1.758645943656449995e-01,1.600479906482463743e-01,8.665987779896557053e-02
1.257445391439551419e-01,8.330988757344991169e-02,2.083473308205817942e-01,1.817784215299106110e-01,2.512356489282054905e-01,1.495841720038971479e-01
1.527797084207266343e-01,7.094730726971733292e-02,2.246982993508881699e-01,7.389168923468036887e-02,3.378674806493894289e-01,1.398155150745980790e-01
4.088641413314592771e-02,8.326871813255287344e-03,1.061528380858381415e-01,3.861580629088644523e-01,1.157126278819512327e-01,3.427631851769448734e-01
1.005663150940749873e-01,7.277849871945003823e-02,4.868112629274008729e-02,2.963494448604403475e-01,2.148331502205055865e-01,2.667914648127889254e-01
9.047164424185205611e-02,5.485698418471586513e-02,1.756164889384427552e-01,3.495750377080992233e-01,1.524855648141785203e-01,1.769942801127115106e-01
1.624203262032527240e-01,9.203817435268404901e-02,2.529287055960275921e-01,8.845157472932128895e-02,3.009384850939251232e-01,1.032227340247894171e-01
9.753327163002607769e-02,3.534898718298107312e-02,1.496043864252040168e-01,3.237321481406253976e-01,1.348688568305729529e-01,2.589123497905906346e-01
1.121556015777968041e-01,1.038077425804376647e-01,1.392190603719311304e-01,1.580639865986630810e-01,2.351664898191168918e-01,2.515871190520543865e-01
7.919720325615137169e-02,3.531967511255353770e-02,1.146967156839929364e-01,3.388282433863997190e-01,1.883388507780024423e-01,2.436193117828999721e-01
1.422038248941595306e-01,1.042175055006599599e-01,1.916388786226519425e-01,2.179688257414663100e-01,2.089328004616446133e-01,1.350381647794176576e-01
1.669520612357908440e-01,1.471420475757500013e-01,1.772161692681840928e-01,1.280863979576382372e-01,2.193286957209558130e-01,1.612746282416810117e-01
2.011328253231808860e-02,8.518273127062303204e-03,2.038621075464374932e-01,3.450376845247675739e-01,1.624297103939467968e-01,2.600389418754675552e-01
1.409071433783617433e-01,2.381579778273904338e-02,2.973352411696669195e-01,1.606779245829717262e-01,1.762924632145389525e-01,2.009714298717216185e-01
1.288691113276088929e-01,5.995118242272830938e-02,1.958814444526391085e-01,2.074741626071965050e-01,2.274947342081297952e-01,1.803293649816973543e-01
3.484554649953949118e-02,6.087921094711245401e-02,1.869924389282848487e-01,2.038866042345191532e-01,2.949784067126735021e-01,2.184177926778705370e-01
1.009679404157907412e-01,2.661801448509507409e-02,1.068383173150689314e-01,3.678738410252471169e-01,1.209624785734442903e-01,2.767394081853537524e-01
1.084662300009660157e-01,8.023290211297522123e-02,1.395299526330742168e-01,1.928295522853369637e-01,2.472596218849907879e-01,2.316817410826567947e-01
1.236016953842603849e-01,2.874809626975140253e-02,1.207440492902291662e-01,3.193861084996585942e-01,1.587324553098449498e-01,2.487875952462555162e-01
1.220338526747463403e-01,6.083155096100095055e-02,3.086244613289604866e-01,1.271188770900631981e-01,2.310100288152488190e-01,1.503812291299802262e-01
7.079361042182269470e-02,1.892881310162970385e-02,7.025014586279962336e-02,3.733300927079441500e-01,1.871443968909522748e-01,2.795529410148515637e-01
5.019507793267874440e-02,6.537785530916268018e-02,9.741470186121414798e-02,3.626277005632527750e-01,1.303951966554985631e-01,2.939894676781932836e-01
1.223903607402877791e-01,1.115097917548114603e-01,2.433759642560430203e-01,2.049755036521776486e-01,1.860385043429294005e-01,1.317098752537505246e-01
1.420624928903476969e-01,7.954402802400145633e-02,3.138103527467384080e-01,1.191047515416712894e-02,3.877990616454832229e-01,6.487358953926207483e-02
8.428375451753343517e-02,2.502525854793263144e-02,1.573917856708424989e-01,2.935234483431430341e-01,2.902812631684085765e-01,1.494944897521398031e-01
1.721824449045713523e-01,8.554609564938786548e-02,1.262441601758169107e-01,2.132931276559359712e-01,1.570030897845843265e-01,2.457310818297034627e-01
6.965819188054801769e-02,2.531780902459330670e-02,1.962597739852327827e-01,3.307215318263289627e-01,1.853422664136656628e-01,1.927004268696311251e-01
7.330928946402991142e-02,9.065870058806418941e-02,1.287958778974919727e-01,1.422200799063749188e-01,1.747520427460421411e-01,3.902640093979969360e-01
8.167107862735596691e-02,4.168401362514333186e-02,8.494903780196105814e-02,2.486353012954352348e-01,2.323396877864928045e-01,3.107208808636117148e-01
1.315058311196140028e-01,8.307751526605518244e-02,2.271984367423931506e-01,8.062431901629243947e-02,3.212859153230011588e-01,1.563079825326440520e-01
5.208842007336867558e-02,2.480952254769120888e-02,1.220961733312130176e-01,3.639476173550393323e-01,1.527374815408936159e-01,2.843207851517941531e-01
1.731129043325560501e-01,9.149715566934688016e-02,2.271196239525891114e-01,1.036518477558568962e-01,2.585619177899331489e-01,1.460565504997181074e-01
5.972783977231865132e-02,2.542878497440710650e-02,1.864575787643871774e-01,4.002773691744518914e-01,1.913419845008358378e-01,1.367664428135993149e-01
8.309332831076088333e-02,8.317001534781746919e-02,1.217971065760404675e-01,3.080639978235246157e-01,1.944849148876705014e-01,2.093906370541861184e-01
3.308606395205457296e-02,6.711552160789303889e-02,1.567682826239396032e-01,3.165802905295811431e-01,1.583320346524783040e-01,2.681178066340532684e-01
1.881980420697792478e-01,1.060806752304342959e-01,2.365635793057109804e-01,1.448487378176569751e-01,2.007380109094098197e-01,1.235709546670087783e-01
1.527238125782903189e-01,6.540366610597164732e-02,1.951864311656180406e-01,2.595134912019405049e-01,1.705831949749530285e-01,1.565894039732264875e-01
1.214822491279978212e-01,5.613485555345954642e-02,2.053767301508822862e-01,1.526125551250579471e-01,2.220921149509430537e-01,2.423014950916594634e-01
1.085403114989500345e-01,6.801148606982461431e-02,1.928565581647639360e-01,1.766644250153251439e-01,2.123494478728681079e-01,2.415777713782682468e-01
9.018564000802190006e-02,4.392509683867652087e-02,1.903229380459638687e-01,1.112522565532782920e-01,3.044896773723452243e-01,2.598243911817141871e-01
1.106914379709769830e-01,1.183113729501898553e-01,1.560512213952061356e-01,1.770019247107338378e-01,2.717601439386216344e-01,1.661838990342715261e-01
6.815771613255609818e-02,2.147649107598504498e-02,2.446064731958482175e-01,2.003280877190830589e-01,3.248350693818623514e-01,1.405961624946652222e-01
1.140742421490415076e-01,5.983342707238187980e-02,2.631213933705314201e-01,2.239799128454247057e-01,1.496289274474014164e-01,1.893620971152191745e-01
9.576428466218986357e-02,4.143832697753999789e-02,2.610449664775997269e-01,2.013943785318571267e-01,2.398460674800553805e-01,1.605119758707579114e-01
4.882753555916426874e-02,5.798198326141053294e-02,1.287920222808462134e-01,3.081356523629698030e-01,1.642271482247123215e-01,2.920356583108966730e-01
1.154911945419853370e-01,4.475686613629306643e-02,2.432539523853468888e-01,1.696635169332538218e-01,1.797543625542004364e-01,2.470801074489205329e-01
2.577401067311186483e-02,4.604650640391654698e-02,1.348241492736526048e-01,3.386705836401383563e-01,8.674996358901015947e-02,3.679347864201706342e-01
6.601779233979856998e-02,2.538264081669455718e-02,1.786361730335411513e-01,3.247318800060111643e-01,1.695976299346521610e-01,2.356338838693023963e-01
4.702992499267068249e-02,5.047919827970537288e-02,1.786549862107746911e-01,2.307362886471593100e-01,3.345395596136427896e-01,1.585600422560471123e-01
1.753766364859030702e-01,5.155204876088086141e-02,3.227024342348753794e-01,1.137420093704249596e-01,2.029570926317270652e-01,1.336697785161887475e-01
3.871808426439597717e-02,1.819347115054876368e-02,7.368062009580199356e-02,4.580460048550998309e-01,1.231700140895625600e-01,2.881918055445908400e-01
1.060358160043115699e-01,3.363790276370063476e-02,2.444617280377977819e-01,5.883065182721958913e-02,4.471302872881392498e-01,1.099036140788312021e-01
6.281999999999999806e-01,0.000000000000000000e+00,0.000000000000000000e+00,0.000000000000000000e+00,1.794999999999999929e-01,1.922999999999999987e-01
1.307320507062605108e-01,5.950299168911419440e-02,2.456594916653118965e-01,7.590045159784002127e-02,3.421930987728000750e-01,1.460119155686734616e-01
1.411656005991125951e-01,5.282062445384705374e-02,1.751882815078211753e-01,1.471654823522925704e-01,2.806410374183765932e-01,2.030189736685500401e-01
5.422129937757388246e-02,4.670059284831843543e-02,1.136199004296108706e-01,4.216500988959570040e-01,1.100436478418298919e-01,2.537644606067099851e-01
1.504905515258522786e-01,1.202500759637586264e-01,1.738190493993130858e-01,1.433325417000237412e-01,2.899527918796708237e-01,1.221549895313814443e-01
1.524575332547996875e-01,8.702443273055496253e-02,2.592978522926573937e-01,1.581880566460114879e-01,2.172209406642493512e-01,1.258111844117270894e-01
5.743463440506111489e-02,7.886662433416305462e-02,1.221589076837253374e-01,2.193944623599632660e-01,1.975269109120629807e-01,3.246184603050242812e-01
1.436639454002866800e-01,6.210856041134778238e-02,2.434460254233072607e-01,9.202230110521859852e-02,3.182204332478175690e-01,1.405387344120221649e-01
1.111027359412140036e-01,6.811105060142792766e-02,2.421771880581243819e-01,1.357976090494677768e-01,2.818136937210503623e-01,1.609977226287154783e-01
1.332214439990837274e-01,6.068948448170883442e-02,2.120846405136195822e-01,1.324027261190057203e-01,2.888327643530362310e-01,1.727689405335458561e-01
5.485944384332444579e-02,4.060424328504303598e-02,1.392222844023150441e-01,3.421315210059859835e-01,1.407147913448462406e-01,2.824677161184853125e-01
1.420715279633170680e-01,7.627216138437430126e-02,1.223271950278500414e-01,2.013653561254629687e-01,1.826512960675817920e-01,2.753124634314137453e-01
6.031342296370033329e-02,5.621931219604376501e-02,1.664961736587414476e-01,3.256710124020820718e-01,2.130980324828069816e-01,1.782020462966255880e-01
1.317878026775848310e-01,6.004145764955818448e-02,2.097851303625576092e-01,1.368993561106072732e-01,2.857878428437907181e-01,1.756984103559015020e-01
7.167364914507089180e-02,3.850090842121081658e-02,1.780491960271458340e-01,3.356073802863522304e-01,1.831697778077927274e-01,1.929990883124273748e-01
1.514505106033326720e-01,3.383861295092740334e-02,3.011641177587736085e-01,1.845029182369496146e-01,1.901119227681353774e-01,1.389319176818814006e-01
9.539640964357620767e-02,4.396185710106254030e-02,2.641671785897639069e-01,2.352537779545167407e-01,2.037430974068126510e-01,1.574776793042678702e-01
0.000000000000000000e+00,0.000000000000000000e+00,3.309999999999999748e-02,4.966999999999999749e-01,9.270000000000000462e-02,3.775000000000000022e-01
1.147571378942815190e-01,1.017105116024894229e-01,1.818814485097981770e-01,1.677566982259784956e-01,2.496452997458639966e-01,1.842489040215883889e-01
1.127888715660248231e-01,7.067363877445791143e-02,1.914367017949392680e-01,2.557366543335585218e-01,2.206613770726177648e-01,1.487027564584017247e-01
9.528702808782749112e-02,5.883418276109231293e-02,1.786029494899566972e-01,3.247703490366181112e-01,1.695664069045326738e-01,1.729390837199726583e-01
1.632021553813265136e-01,4.629023692940785473e-02,3.016865430274783266e-01,1.148404901300309755e-01,1.996135388451091008e-01,1.743670356866471316e-01
2.436341552499690297e-02,1.964307316226195435e-02,8.522001195299050424e-02,4.757713861555607493e-01,1.327652646564461969e-01,2.622368485477437616e-01
2.595499773930361534e-02,1.717665179938832401e-02,8.322476610673565367e-02,5.116001340499751748e-01,1.041287662935884012e-01,2.579146840110089767e-01
7.084062446596012252e-02,1.894603574223520381e-02,6.001267353446269187e-02,4.445751796751354901e-01,1.869899432217045909e-01,2.186355433605018939e-01
1.213776169168845898e-01,5.958099679756005684e-02,1.840764153085307497e-01,2.600024605847472414e-01,2.146696629528523359e-01,1.602928474394249847e-01
4.978329248523469253e-02,6.487339032817845963e-02,9.679171018020396589e-02,3.651451378773430956e-01,1.295006227052874492e-01,2.939058464237522261e-01
3.905995826626473821e-02,3.147532678198883271e-02,7.787428347441494036e-02,5.203846115992768473e-01,1.124511786745097386e-01,2.187546412035448751e-01
6.888290062918532575e-02,7.015245282155579964e-02,5.846052771126490633e-02,4.227903979669437873e-01,1.458817235094899967e-01,2.338319973615602121e-01
6.625575857516381728e-02,5.269966547514007282e-02,2.061678716866860717e-01,2.488215133611933194e-01,2.122055937709997064e-01,2.138495971308168875e-01
6.674243381443063783e-02,5.207626569274322742e-02,6.390125670868518348e-02,3.521787664944836527e-01,1.614204191704968483e-01,3.036808581191604572e-01
6.617896301506553947e-02,2.219828863666001295e-02,1.559063673363809688e-01,4.656045380121037192e-01,9.599264168055475499e-02,1.941192013192350740e-01
1.317352637056780906e-01,3.113810558008325846e-02,2.987562718857355581e-01,1.554074102860775186e-01,2.059357837316418971e-01,1.770271648107837048e-01
8.548151008905915949e-02,2.812917386304612105e-02,1.419605297495416252e-01,3.136965116855466307e-01,2.638384410695616689e-01,1.668938335432447184e-01
9.508726863512670380e-02,1.100736816861291878e-01,7.832767830995011893e-02,4.445322641333839253e-01,1.023960188836232632e-01,1.695830883517866206e-01
8.651851991328782243e-02,5.632941116180611996e-02,6.939583002012314483e-02,4.342711905858195887e-01,1.343319425083807361e-01,2.191531058105825047e-01
8.256600498130622912e-02,5.826657488058928358e-02,1.487116506864646082e-01,2.466768035377655544e-01,1.791463844078266809e-01,2.846325815060475883e-01
1.002304388614904812e-01,7.561646429791391011e-02,1.597587249943498433e-01,2.587509731352855002e-01,1.794408926573732854e-01,2.262025060535868826e-01
5.890778261459907877e-02,5.369576803309547390e-03,1.158804389085537762e-01,4.449506847012862365e-01,1.241895916416836665e-01,2.507019253305676210e-01
7.075579013923471994e-02,4.725490859999660620e-02,2.116668391923359482e-01,2.070569175014334018e-01,3.297245473079178368e-01,1.335409972590815841e-01
6.279740942860870256e-02,8.119737798789264382e-02,3.292637184484637630e-02,4.275456640319901802e-01,1.109671601941797509e-01,2.845660165124824781e-01
2.158508236708289382e-02,3.977523399130245690e-02,1.096618705241412250e-01,3.163069579252690278e-01,2.668934631010182468e-01,2.457773920911860421e-01
9.608103437662013357e-02,3.472523510165619748e-02,2.660123155013830454e-01,2.143691081122066633e-01,2.048481296869326396e-01,1.839641772212013138e-01
1.517051641292391784e-01,7.673729101946068221e-02,2.309526273210110170e-01,9.151904805753199867e-02,3.025807276746574903e-01,1.465051417980996473e-01
2.780632994492671442e-02,3.679580441269995894e-02,2.398677407721815438e-02,6.341970758819976961e-01,6.320488207173956263e-02,2.140091336114179899e-01
1.573095575721878969e-01,7.977815843807171958e-02,2.359849895331033176e-01,9.287087745757487134e-02,2.991277792355115372e-01,1.349286377635507683e-01
8.933877183461973182e-02,3.986671238280543872e-02,1.484908890437968143e-01,3.969607079842165653e-01,1.475398319109489931e-01,1.778030868436123735e-01
8.618017044336999388e-02,7.183656084853010104e-02,8.304632441796118425e-02,3.484344493721302505e-01,1.632864096918319463e-01,2.472160852261766628e-01
5.700830207294651369e-02,8.005107080835437150e-02,1.396826962793247251e-01,2.327563386161881076e-01,2.159960539486424635e-01,2.745055382745437145e-01
8.864539497115019040e-02,3.392916484792930093e-02,2.709847149588301973e-01,1.555433028695255016e-01,2.643397332064216787e-01,1.865576891461430964e-01
7.090892374794843800e-02,1.896430210630913396e-02,1.066536260037729139e-01,3.728425871178251971e-01,2.033344288808218436e-01,2.272961321433225601e-01
1.228442383344444944e-01,5.549703252934623521e-02,2.178401296865643821e-01,2.012096031183920053e-01,2.497299016253468340e-01,1.528790947059060490e-01
7.581469360781481481e-02,5.263164039438238129e-02,1.421975563205518933e-01,3.899097947858368163e-01,1.017985607691708899e-01,2.376477541222432599e-01
3.436223012387477904e-02,2.210149358749352588e-02,7.710276054203941964e-02,4.294070467362621768e-01,1.404596826669442244e-01,2.965667863433858464e-01
7.536369267891916690e-02,8.168255868266566244e-02,1.228907506050357923e-01,2.862711781416296675e-01,1.600996714542821386e-01,2.736921484374675861e-01
1.036476537026579520e-01,4.082506596402608184e-02,8.389282578424259174e-02,3.864496709080686432e-01,1.768464315144459842e-01,2.083383521265586291e-01
2.780632994492671442e-02,3.679580441269995894e-02,2.398677407721815438e-02,6.341970758819976961e-01,6.320488207173956263e-02,2.140091336114179899e-01
6.657803584612309589e-02,1.904693551300693649e-02,1.079363953284238065e-01,3.984094356570807571e-01,2.347821731021564606e-01,1.732470245532089226e-01
9.679694507282789184e-02,7.809804478720792920e-02,8.606585291304787166e-02,2.961478833881635020e-01,1.713818427278463452e-01,2.715094311109064740e-01
6.574832426586625644e-02,4.062344734152868730e-02,2.629799499200414226e-01,2.136154068633712710e-01,2.852427404682220113e-01,1.317901311409704068e-01
1.293972272022742565e-01,7.197702906366293396e-02,2.123168789240230669e-01,1.796604358478032515e-01,2.554016699642150945e-01,1.512467589980214799e-01
7.963228573765475382e-02,5.575045988236516231e-02,1.553733268555775038e-01,2.874892094175778845e-01,1.129534804771915035e-01,3.088012376296330741e-01
4.113705890936496939e-02,1.510027363067178822e-02,1.302310379417626063e-01,4.562752699641413057e-01,8.770232009952981522e-02,2.695540394545294371e-01
3.060228644428007738e-02,6.846538738184348993e-02,1.659203092647133782e-01,2.909446063574532282e-01,1.946986912272604953e-01,2.493687193244492062e-01
1.551744688995533583e-01,8.337083618474866453e-02,1.986879285203861090e-01,1.322592599512737166e-01,2.771606791797869285e-01,1.533468272642513619e-01
9.443082594561770515e-02,4.007042189160752582e-02,2.041098771431992531e-01,2.279956578164636927e-01,2.584240460393777417e-01,1.749691711637341440e-01
1.123820016747371364e-01,5.476814606550987202e-02,2.017564889069424772e-01,2.344440751154392433e-01,2.183576708628311713e-01,1.782916173745400790e-01
1.595825221863695631e-01,8.315201225529872398e-02,2.579391945286869103e-01,1.531006404280798872e-01,2.334098024592448084e-01,1.128158281423200376e-01
9.643538503947678142e-02,4.442693324495852747e-02,2.123976568101555440e-01,2.834474750373582319e-01,2.059572237413632989e-01,1.573353261266874914e-01
3.764394069422024452e-02,6.150336194933052336e-02,1.213236840997898580e-01,3.522123658037865646e-01,1.791314794344003591e-01,2.481851680184725684e-01
2.726999999999999980e-01,2.172000000000000042e-01,2.172000000000000042e-01,0.000000000000000000e+00,2.172000000000000042e-01,7.580000000000000626e-02
1.420200133651176588e-01,4.539536793302621082e-02,2.317010603456783335e-01,1.896227156468745512e-01,2.207224000246602036e-01,1.705384426846430213e-01
0.000000000000000000e+00,0.000000000000000000e+00,0.000000000000000000e+00,1.000000000000000000e+00,0.000000000000000000e+00,0.000000000000000000e+00
1.312316290025362930e-01,7.770701935597790211e-02,1.402674177843877268e-01,2.436578817189919977e-01,1.580212190778393366e-01,2.491148330602666883e-01
3.936820680990495841e-02,1.507248550646656665e-02,1.280583453089732815e-01,3.980754064005701531e-01,1.524633172738796838e-01,2.669622387002054120e-01
4.751166122776047385e-02,2.528049907173097327e-02,1.676936494705653924e-01,3.725582752052241098e-01,2.584230110196570340e-01,1.285329040050620097e-01
4.649999999999999967e-02,0.000000000000000000e+00,3.952999999999999847e-01,0.000000000000000000e+00,5.000000000000000000e-01,5.809999999999999887e-02
9.643646537612475533e-02,5.998974418913571166e-02,1.700042757706065888e-01,2.520575162011126080e-01,1.473395111191156681e-01,2.741724873439046473e-01
7.115258061027521230e-02,4.449654476587416863e-02,2.685331022851049632e-01,2.035300838194075423e-01,2.706547386798777155e-01,1.416329498394604258e-01
1.230279824320918564e-01,5.024533687499754125e-02,1.558918194646462252e-01,2.239487219761408521e-01,3.087431075378968548e-01,1.381430317142266773e-01
8.079870672192344949e-02,3.330150877482552368e-02,1.448450232113011049e-01,3.671818473303055663e-01,1.801856566815601135e-01,1.936872572800842351e-01
1.318837841146286438e-01,8.865612322876363638e-02,1.524712314679654290e-01,2.915163327252998093e-01,1.436793275249009794e-01,1.917932009384414604e-01
1.072630527656467658e-01,3.358252352949759462e-02,2.919358299775441368e-01,2.288781866848754731e-01,1.529292013521659499e-01,1.854112056902701144e-01
2.020322964556899026e-01,8.486811932851433260e-02,1.579635295029123698e-01,1.779673721524980268e-01,2.125481413398458697e-01,1.646205412205392904e-01
4.170887062089270736e-02,2.970907091519038937e-02,1.510549269592555421e-01,2.673355258287046232e-01,2.712954856194249031e-01,2.388961200565317133e-01
1.274488219090230412e-01,6.717095506112727432e-02,1.267501069820549664e-01,2.271200930681222252e-01,1.837555880566358602e-01,2.677544349230367438e-01
0.000000000000000000e+00,1.474000000000000032e-01,0.000000000000000000e+00,6.320000000000000617e-02,0.000000000000000000e+00,7.894999999999999796e-01
0.000000000000000000e+00,1.539093178471382696e-03,3.728074493918349247e-02,5.940602360881249711e-01,5.768646946823137445e-02,3.094334563259887871e-01
2.669423152366526969e-02,7.735257085084536188e-02,5.406047837526969935e-02,2.842113770044628063e-01,8.703240160594744035e-02,4.706489406398094988e-01
1.732954668647699314e-01,1.059837063261488826e-01,2.614253856714130464e-01,9.690475967454868778e-02,2.775767374826847433e-01,8.481394398043476390e-02
3.690768237546283859e-02,1.336324669105905423e-02,7.527257807234881415e-02,4.386322783663833547e-01,1.083986826317825808e-01,3.274255318629634148e-01
1.729477281315433268e-01,7.032753072999485544e-02,2.556133177037778204e-01,1.487262185686626659e-01,2.137376448653707239e-01,1.386475600006507047e-01
5.262591304394038938e-02,5.758692740218730732e-02,5.800441610500987888e-02,3.956996149727022849e-01,1.178277437106069470e-01,3.182553847655532064e-01
5.813873581224683618e-02,7.620868189979859708e-02,1.881474459788459452e-01,3.095278834564815229e-01,1.770665188580407279e-01,1.909107339945862736e-01
1.129671076601332230e-01,7.078532171938579920e-02,1.917392221546447006e-01,2.478628331874322965e-01,2.210100801088652755e-01,1.556354351695387328e-01
5.372871076112903377e-02,2.976428248455923256e-02,1.582226317023088524e-01,3.689879444497078387e-01,1.167401382610985250e-01,2.725562923411966043e-01
1.202462668762707826e-01,1.088332992011480649e-01,1.007576465880192645e-01,2.973343914820116285e-01,1.783851781741669085e-01,1.944432176783833510e-01
8.481449157458738342e-02,4.156004608848069826e-02,2.045018568416921700e-01,2.784866545496917922e-01,2.482407401400935076e-01,1.423962108054544762e-01
5.289239760953649838e-02,3.447127757844190010e-02,5.327422063690642751e-02,3.883531222164927632e-01,1.490818825342462295e-01,3.219270994243761397e-01
7.718063606999084336e-02,5.247402786201476460e-02,2.427474658954133224e-01,2.588131637557660736e-01,2.055122112486966190e-01,1.632724951681182590e-01
9.226249233297083296e-02,6.201107179174113887e-02,1.661172300066379171e-01,1.945438841801469809e-01,2.153008680046137879e-01,2.697644536838892937e-01
1.133902747023002727e-01,7.105047868269367961e-02,1.924574641384148854e-01,2.457196465766685323e-01,2.218379687202134964e-01,1.555441671797092307e-01
6.732714477985621282e-02,6.106334027439939277e-02,1.767981404256590561e-01,3.030043221633882955e-01,1.792139921336430297e-01,2.125930602230540756e-01
3.977878596405351463e-02,4.465305383347407259e-02,4.879455699601244201e-02,5.801580092690776791e-01,5.622140664686323813e-02,2.303941872905191368e-01
4.574218859587066838e-02,2.507012092284132895e-02,2.051019690313678756e-01,3.246617443919602164e-01,2.308320467563623191e-01,1.685919303015977477e-01
8.651851991328782243e-02,5.632941116180611996e-02,6.939583002012314483e-02,4.342711905858195887e-01,1.343319425083807361e-01,2.191531058105825047e-01
3.834808754279173115e-02,8.947270580588697134e-03,5.551011447446475150e-02,4.858406875074000042e-01,1.356101955297202288e-01,2.757436443650345681e-01
8.151580556607196382e-02,5.623108285941645634e-02,1.448866958581019604e-01,2.586187755943238353e-01,2.382929675837386352e-01,2.204546725383472461e-01
9.719839615476208450e-02,3.516201627282219272e-02,2.230689158090760349e-01,2.355651032960988100e-01,2.509752942131458497e-01,1.580302742540950489e-01
1.492959379683210519e-01,3.486972591731834353e-02,3.078872445540711822e-01,1.529761924365543035e-01,2.024095756084954012e-01,1.525613235152398772e-01
1.404431453802021112e-01,4.132722676861339678e-02,3.031674341620470003e-01,1.213235313230771051e-01,2.042528058203092745e-01,1.894858565457511468e-01
1.110161667210221026e-01,3.146436128330754034e-02,2.448608516077463437e-01,1.879575882818009802e-01,2.440100967999753456e-01,1.806909353061477430e-01
1.260413595691889654e-01,5.491864297297460729e-02,1.498916679584307021e-01,2.205622819346265973e-01,2.449178513489533582e-01,2.036681962158258530e-01
1.332204953810949000e-01,6.068905233553939516e-02,2.120831303415398883e-01,1.017831589601641135e-01,3.357982533499470623e-01,1.564259096317145714e-01
9.170749304720215989e-02,3.814454277344724725e-02,9.229377140068029117e-02,3.936888847050181717e-01,1.267787568927329633e-01,2.573865511809191320e-01
1.552210586787953761e-01,3.213027890371279033e-02,3.086223032130117616e-01,1.500094778537240103e-01,2.255779167530409801e-01,1.284389645977150607e-01
7.457310440445431843e-02,8.053396290782020850e-02,1.207636389551825090e-01,2.056030153258475435e-01,2.588088415495828909e-01,2.597174368571124603e-01
9.454324536513962485e-02,4.244121169861291704e-02,1.680007027204512005e-01,3.364235576494452595e-01,1.561983004692106547e-01,2.023929820971402116e-01
7.068111951160059581e-02,2.536938295844068381e-02,2.046426121828114064e-01,3.243416629272537488e-01,2.067608218524411845e-01,1.682044005674523390e-01
6.405506838198486708e-02,4.317939990238649911e-02,2.516971729174480310e-01,2.896799490255527187e-01,1.965777755356965528e-01,1.548106342369313382e-01
1.603582355714177621e-01,4.928769306181643439e-02,2.848693871486673856e-01,1.539655297853332327e-01,2.141453997889569416e-01,1.373737546438082990e-01
7.036142919535083584e-02,6.001087822937123395e-02,7.702576734879930387e-02,3.596485192757097882e-01,1.462438916415280121e-01,2.867095143092408538e-01
1.174806778752978953e-01,7.746105261457861269e-02,1.558063657209652342e-01,2.698304742481897334e-01,1.709107251160100205e-01,2.085107044249584762e-01
1.178354900164113039e-01,4.103629288232486100e-02,1.860216030245699648e-01,2.443844777623766784e-01,2.369706012741123469e-01,1.737515350402048242e-01
5.089843560083980728e-02,7.610188301430474700e-02,1.311908407716556868e-01,2.867930629046081537e-01,2.586080107480459023e-01,1.964077669605457099e-01
9.965928232688750499e-02,1.837849113323256761e-02,6.460658086845597059e-02,3.300421811147483675e-01,1.544849225509403456e-01,3.328285420057353061e-01
4.712085675277116054e-02,2.641727014385494149e-02,1.496325199355231228e-01,3.191331798064179215e-01,1.876279130445389354e-01,2.700682603168938489e-01
7.971277930793138622e-02,7.972216979378213275e-02,9.548035345492918158e-02,3.131836055798111196e-01,1.451905315495773396e-01,2.867105603139686876e-01
7.428605073386392033e-02,4.709848233333371881e-02,1.666457433208572425e-01,3.017756080677346797e-01,1.885110434667930934e-01,2.216830720774173036e-01
1.012323284152920472e-01,3.546240873788178427e-02,1.751507602118945739e-01,2.962599203681622329e-01,1.930215181669787672e-01,1.988730640997907473e-01
1.293972272022742565e-01,7.197702906366293396e-02,2.123168789240230669e-01,1.796604358478032515e-01,2.554016699642150945e-01,1.512467589980214799e-01
