9.246701726373830754e-02,1.373248012126422890e-01,1.825144049588529327e-01,2.728625930398723698e-01,1.491016020180758184e-01,1.657295815068182965e-01
4.192218761596677029e-02,3.601098981582239594e-02,1.577984613392755808e-01,3.416205304286857314e-01,8.821219155808968093e-02,3.344356392421597990e-01
6.491226109535117028e-02,5.713350752269462374e-02,2.472460826661424804e-01,1.750967258341623034e-01,1.984600038558833879e-01,2.571514190257660482e-01
1.172614558252976086e-01,5.463002006030574093e-02,1.993885105165909555e-01,1.864769896843798680e-01,2.715292924424450582e-01,1.707137314709807063e-01
2.300473970156815054e-02,1.232902554698810625e-02,1.260992992434931959e-01,4.503387441140660474e-01,1.090605343355611628e-01,2.791676570583233596e-01
6.983781431565289077e-02,8.259211725001361359e-02,3.084865457203526604e-02,4.055714308459756334e-01,9.498553837414583367e-02,3.161644446421768562e-01
1.448460580256905050e-01,7.307314381487980959e-02,2.992033562056510276e-01,1.152054737925364974e-01,2.599411917294523477e-01,1.077307764317899930e-01
1.359197663100817667e-02,1.856291964484169804e-02,5.440982483036044259e-02,6.540762386435871045e-01,3.189498834943836625e-02,2.274640519007641859e-01
8.136070761891354974e-02,1.159606616587321865e-01,2.251528841130394365e-01,1.739030210682493416e-01,2.024790955318450103e-01,2.011436300092205864e-01
9.220816825055887234e-02,4.608731412753965667e-02,1.663996943772499126e-01,2.326346155646139835e-01,1.952676780601854123e-01,2.674025296198521695e-01
4.309305000545069625e-02,2.584314079586354923e-02,1.699016892015695890e-01,4.656402641634955764e-01,9.546032431467400825e-02,2.000615315189466503e-01
2.649999999999999925e-02,4.420000000000000318e-02,2.477999999999999925e-01,2.649999999999999925e-02,5.574999999999999956e-01,9.729999999999999760e-02
1.117551829960198445e-01,1.283852922101473282e-01,1.355872737720914545e-01,3.453955630396594173e-02,3.245277426050813263e-01,2.652049521126939591e-01
7.384745709814365122e-02,4.697016946847043517e-02,1.627978701979198584e-01,1.162797818817621620e-01,3.984538912410052203e-01,2.016508301126986591e-01
1.043584993689702090e-01,6.450650690539047605e-02,2.092210942062774914e-01,2.983285944737549822e-01,2.448835994268326599e-01,7.870170561877413984e-02
2.454689900890970680e-02,1.965631427357615590e-02,2.151055193290500253e-02,6.299254517005800080e-01,1.445702936239464664e-01,1.597904894600825909e-01
2.045025562819535389e-02,9.475118438980488500e-03,7.975099688746108140e-03,5.301191264890811050e-01,1.082388529856623260e-01,3.237415467693346982e-01
1.671516221365347554e-02,4.260876209085950189e-03,1.244178135070272279e-01,5.375585197655072811e-01,1.928546787725125000e-01,1.241929495322135063e-01
7.476806474062037966e-02,2.177014832878214345e-02,1.996744589253956204e-01,2.311652595910719810e-01,1.393461193971414491e-01,3.332759490169884264e-01
6.800794709603857902e-02,9.500232040228234753e-02,2.115982450521039782e-01,2.363025108830602572e-01,2.645211212156445835e-01,1.245678553508701852e-01
1.930362788320842127e-01,1.644820945778378840e-01,2.628899436383396737e-01,5.553347665625425061e-02,2.471637356594844348e-01,7.689447063599948173e-02
4.848880109324429227e-02,7.685178950237431250e-02,2.257402487923012013e-01,2.850619056064509493e-01,1.013636909947215198e-01,2.624935640109078427e-01
7.368960707215541084e-02,1.744961288016887505e-02,4.007018136260581676e-02,5.079417647638612143e-01,1.474121504295965168e-01,2.134366834916121836e-01
9.604589748531133786e-02,7.226691826054816581e-02,2.086121142234530490e-01,1.312495232549237834e-01,2.965898033468362671e-01,1.952357434289274385e-01
6.602272203942714801e-02,3.725527357563077069e-02,2.042714805934912337e-01,2.445765186772836941e-01,1.951429183446954929e-01,2.527310867694716467e-01
9.500643065576130919e-02,9.426891020524907905e-02,2.135059771318496002e-01,1.317269607316965685e-01,2.588913540731321850e-01,2.066003672023110915e-01
1.283729268224005349e-01,7.598566162126285661e-02,2.529103059036185708e-01,1.167258683064291008e-01,2.842456763858995372e-01,1.417595609603893858e-01
5.309006437497584829e-02,5.886925095120914414e-02,2.635477901665331246e-02,4.413140316192764034e-01,7.362751440125921143e-02,3.467443596366261427e-01
1.322835112379410760e-01,5.710436180401878836e-02,2.297590421687346895e-01,5.200441852619465399e-02,5.001416871659112307e-01,2.870697909719940183e-02
9.333224664559450212e-02,4.299612857428764673e-02,2.721000782881807800e-01,1.862038274509925789e-02,4.415857707237328955e-01,1.313653930231049038e-01
7.885027667448324395e-02,6.248305844343045312e-02,5.120881795272126669e-02,3.894593967530191048e-01,1.579683384871804486e-01,2.600301116891654551e-01
1.332776920047613334e-01,1.001422504708334160e-01,2.248929815125035037e-01,1.415515331909620866e-01,3.140157638630970416e-01,8.611977895784266035e-02
7.222729125454768750e-02,3.217272191866170361e-02,1.234537484798752111e-01,3.256398211042258461e-01,2.848705040930299970e-01,1.616359131496594714e-01
1.032013633046960088e-01,8.659203382093941248e-02,4.782631012009323085e-02,3.923957130762649737e-01,1.201794339192107236e-01,2.498051457587955049e-01
1.656830194848599169e-01,8.135703854117477818e-02,2.555436466534310447e-01,2.422622724529146718e-02,4.060523600906835173e-01,6.713770798455936939e-02
9.168834484213757297e-02,1.568682700502525493e-02,2.461633822927827495e-02,3.259769275749703765e-01,1.567819895912531680e-01,3.852495727573354012e-01
7.890314125954751845e-02,6.082569099530239776e-02,3.158160810200136281e-02,4.614033496302041293e-01,1.816816906374588148e-01,1.856045193754858602e-01
8.232713119890505693e-02,5.445991163835723486e-02,9.138070183100274746e-02,3.513061479366922368e-01,2.522275131685385863e-01,1.682985942265040891e-01
8.718954762635780509e-02,4.327281970249916010e-02,2.666779497298423784e-01,1.234594445469390650e-01,2.961567178353206042e-01,1.832435205590409733e-01
7.266972474259268677e-02,8.687190857144812262e-02,2.620295447369327957e-01,8.254105552567451987e-02,1.867696845057401078e-01,3.091180819176117534e-01
5.764930598240262244e-02,9.064675477000221082e-02,1.737747595800270828e-01,3.406999367559509495e-01,1.885480483553989284e-01,1.486811945562183379e-01
6.309811611449714364e-02,1.699881706518932903e-02,2.318375967113560088e-01,1.893914937813168942e-01,2.494739889745346828e-01,2.491999873531059173e-01
6.120611332899705131e-02,3.619615127768583546e-02,2.099700037976600930e-01,3.036984765444905587e-01,1.562517588904333010e-01,2.326774961607331882e-01
6.650867898672037370e-02,6.487191810807564629e-02,8.563087648677149277e-02,3.169415380327304521e-01,1.881862240146577325e-01,2.778607643710443442e-01
4.853686945033232336e-02,6.404304582917341726e-02,4.177982501906634533e-02,5.448038048732546379e-01,9.586065859308473547e-02,2.049757962350885199e-01
9.334427304926100344e-02,3.435135692156935511e-02,3.108801308480259040e-01,2.248564880790154263e-01,1.654636506559573894e-01,1.711041004461708870e-01
2.019824875224371374e-02,9.358357306968665204e-03,3.765608825248853431e-02,4.505036110097176416e-01,1.182158496243681245e-01,3.640678450542133016e-01
1.966985133025303881e-02,2.028054149401174386e-02,6.783051800137389342e-02,4.835311273522850395e-01,2.152406557457427483e-01,1.934473060763334529e-01
3.930578555339534624e-02,4.514121251813910107e-02,5.218682097790847824e-02,3.585658169176387244e-01,7.861638106609081245e-02,4.261839829668275237e-01
1.645254530353425573e-02,7.191512885142622991e-02,2.577665927097155113e-02,3.023470207729211379e-01,1.155163636840725871e-01,4.679922821170741654e-01
9.332195085343839014e-02,3.696285726079553274e-02,1.685064161466789667e-01,2.187822034834795704e-01,2.000308060006874555e-01,2.823957662549199110e-01
6.957202163324775757e-02,1.769796631614365193e-02,6.754442890561238033e-02,6.133042167728901539e-01,4.644171097436299717e-02,1.854396553977432360e-01
1.086142947099503625e-01,6.983899888157918401e-02,2.831599887902047086e-01,2.563483718832232916e-01,1.161347363164700469e-01,1.659036094185724064e-01
1.755196388471378429e-03,5.151943356088651595e-03,8.178710077790733723e-02,5.928861355803328737e-01,9.350524645057955997e-02,2.249143774466201284e-01
4.955363418029189865e-02,8.489863181566825734e-02,1.153898664965021664e-01,3.305761725492272207e-01,1.183014309369274791e-01,3.012802640213830263e-01
7.428335938667418592e-02,7.593804582211707843e-02,1.943102004997990517e-01,2.656969603167475547e-01,2.441175426739480292e-01,1.456538913007142111e-01
9.547853262911265571e-02,4.415154459059911218e-02,3.435625122110708141e-01,1.189207683855667691e-01,2.535554213427086423e-01,1.443312208409420483e-01
8.738407620734164882e-02,1.135863569007199425e-01,2.084112778621613482e-01,2.320209082978705595e-01,1.891542942268328864e-01,1.694430865050736423e-01
9.898362752259259878e-02,8.781310934559398429e-02,1.542461026005222668e-01,2.226340583326824607e-01,2.260178319946989922e-01,2.103052702039096833e-01
1.728620355190634006e-01,9.904298093028235384e-02,5.967426721341766854e-02,2.228359211123521200e-01,2.122456194635881643e-01,2.333391757612963135e-01
1.647526310117993775e-01,1.053007291715653965e-01,7.605063024760415347e-02,3.587733384919584156e-01,9.992630717786663008e-02,1.951963638992058880e-01
4.057506740712733123e-02,2.199797639811398170e-02,3.903866711820108693e-02,4.835142287082609402e-01,1.444176524422649821e-01,2.704564079260315390e-01
5.611612970431312242e-02,5.696748564950829957e-02,2.672892323002399317e-01,1.068563673918496437e-01,2.652969091850819194e-01,2.474738757690071733e-01
9.478278525571214030e-02,9.567352804767177699e-02,2.094068891611043370e-01,2.816888692323948895e-01,1.391677079368683623e-01,1.792802203662485494e-01
2.083762340342268718e-02,5.764522541845156639e-02,1.186437276520313222e-01,3.965313428896374837e-01,1.352366332002260529e-01,2.711054474362309952e-01
0.000000000000000000e+00,0.000000000000000000e+00,4.328000000000000180e-01,5.672000000000000375e-01,0.000000000000000000e+00,0.000000000000000000e+00
7.805629625109351821e-02,1.206768374932944282e-01,7.889821901342210231e-02,2.474884667785079984e-01,1.848890041548607033e-01,2.899911763088211525e-01
1.061497185395494369e-01,6.021676810947840242e-02,1.760002701598077091e-01,2.795513062573324881e-01,2.305192935120974895e-01,1.475626434217346128e-01
1.074596673791866908e-01,4.570450874550285175e-02,2.404041067064561221e-01,1.928520144562137217e-01,2.736711210295374452e-01,1.399085816831031892e-01
1.384510707632640412e-02,0.000000000000000000e+00,1.056933829970896077e-01,3.956358474674098180e-01,8.548958566093378675e-02,3.993360767982404580e-01
1.235287529119785815e-01,5.357745542101138847e-02,1.287496247764591539e-01,2.188969317575711615e-01,2.730532869587871669e-01,2.021939481741924782e-01
9.309082981044880523e-02,6.166037286114498667e-02,1.695235752675870455e-01,2.818492135498550932e-01,1.496477153776757107e-01,2.442282931332883100e-01
7.813593193482183674e-02,1.367187035454003712e-02,3.165212178448011393e-01,1.732863442133906473e-01,2.828514899349595657e-01,1.355331457174868692e-01
6.475570094522710429e-02,5.988160386450752659e-02,2.940705870353275617e-02,4.553202954074995201e-01,8.847373470520475403e-02,3.021616063740284464e-01
9.541868112149952397e-02,8.977700033261473700e-02,2.278095705341740274e-01,2.247937500215977658e-01,2.128602408457095085e-01,1.493407571444043680e-01
1.519994711279512405e-02,5.475698414798836622e-02,1.026982924943162512e-01,3.713240922482168860e-01,1.746909261368735644e-01,2.813297578598099036e-01
1.492444585516187194e-01,7.353929733424915960e-02,2.628149179616530162e-01,2.251671215443493482e-02,3.030100060375212623e-01,1.888746079605229666e-01
1.035696739250622639e-01,3.937963629830543849e-02,3.419030197494765111e-01,9.490062117866408797e-02,2.740165628411184717e-01,1.462304860073732338e-01
1.019488362503315620e-01,5.799918963174115205e-02,1.312736644221929039e-01,3.914096552215956537e-01,6.475305222666327687e-02,2.526156022474754237e-01
2.045025562819535389e-02,9.475118438980486765e-03,7.975099688746109874e-03,5.301191264890811050e-01,1.082388529856623122e-01,3.237415467693346427e-01
3.486631018695049433e-02,2.248376384185431232e-02,1.407194336377398658e-01,3.578159720055451021e-01,1.608463843319513920e-01,2.832681359959587919e-01
9.186469493296177402e-02,5.174711739479120887e-02,2.136654005710221238e-01,3.333376016821754662e-01,1.315855155461737591e-01,1.777996698728755709e-01
1.061136804530633110e-01,5.933724797862286598e-02,1.949730856199473894e-01,1.759818800585659648e-01,1.751795039017427502e-01,2.884146019880576839e-01
7.450159061566256902e-02,6.094435023983242952e-03,3.504799805908599408e-01,2.942403014794958693e-01,1.518372105022897933e-01,1.228464817877085030e-01
1.228973180035106694e-01,7.476808135974236103e-02,2.156134168147233188e-01,2.120946737295353324e-01,2.024149781626223832e-01,1.722115319298659630e-01
1.251343109427050793e-01,6.141650855680463178e-02,2.398524320106403818e-01,1.162289197225804677e-01,3.604634240726150574e-01,9.690440469465430584e-02
4.643900051542600160e-02,9.379231793498225486e-03,7.894392987139666959e-03,4.176356616017837808e-01,1.289620872702753607e-01,3.896896258318769957e-01
9.661413161858203869e-02,5.143462973774050317e-02,5.513242455349815635e-02,4.113090607675121135e-01,1.510948032937328989e-01,2.344149500289343935e-01
1.033552178043250225e-01,5.844817757373162170e-02,2.292092701375409436e-01,2.027486351203492687e-01,2.044567860689399941e-01,2.017819132951131911e-01
1.518309016877285034e-01,1.064360577000674490e-01,2.048369835479382783e-01,5.239770113296361026e-02,3.927317667451851735e-01,9.176658918611708959e-02
1.470564668680646725e-01,5.276186858132425606e-02,1.260715639558175061e-01,3.349049858553474479e-01,7.889833849413205313e-02,2.603067762453140088e-01
1.212694447462836639e-01,1.365614234888901934e-01,1.751647962557704719e-01,1.616859218014393418e-01,1.700610140887073296e-01,2.352573996189090688e-01
5.528627408175594560e-02,2.760963610954510206e-02,8.380495664162855574e-02,4.217312716576662179e-01,2.431200452138082557e-01,1.684478162955958536e-01
1.807892254268949062e-01,1.375506912447685415e-01,1.906944240484833852e-01,1.761896626864521420e-01,2.018408409370572310e-01,1.129351556563438913e-01
1.897566550266914509e-01,2.015210353306694513e-01,1.372333342410518020e-01,6.622537431045073808e-02,2.492963126419353304e-01,1.559672884492011857e-01
2.745683237531999429e-02,0.000000000000000000e+00,1.847195748696393025e-01,3.964974801553613482e-01,1.735868749740911154e-01,2.177392376255882500e-01
1.552803164306596762e-01,2.928218899715121296e-02,3.221337226849153024e-01,1.833701808404013256e-01,1.296660264182337707e-01,1.802675646286387712e-01
9.303549961903603838e-02,4.211992446142111268e-02,2.158161380467690793e-01,2.761788631635047619e-01,2.394296066790161659e-01,1.334199680302528002e-01
6.016184862260143262e-02,1.051097268143578456e-01,2.268801203388154664e-01,6.300946741629977199e-02,3.109675681001037861e-01,2.338712687078217389e-01
3.761191851731963964e-02,2.350840398288671709e-02,1.331694586177890050e-01,3.900208006795683469e-01,1.118232420474655209e-01,3.038661761549706908e-01
1.453077362088894264e-01,6.394811697876276457e-02,1.424588673162189567e-01,1.334335452697345270e-01,3.302698047723904295e-01,1.845819294540039512e-01
1.253772718653374807e-01,3.288317732104457242e-02,1.430914555542820710e-01,2.480942095994522756e-01,1.348796998637695754e-01,3.156741857961140041e-01
8.321363056749084275e-02,8.274923099427106132e-02,3.231870908250215058e-01,5.132434647534557526e-02,2.736383988328096595e-01,1.858873023050612860e-01
3.495864898253187025e-02,2.186400911757065135e-02,4.047970525499577227e-02,5.133473077577614951e-01,1.250295317204080658e-01,2.643207971667320688e-01
5.713163669884011031e-02,8.963964301211775620e-02,5.227943056999116711e-02,4.094512731533003214e-01,6.647188700135357731e-02,3.250261295643970261e-01
1.687704730109757800e-01,1.396335114823354095e-01,2.875225691716639109e-01,1.300152548307073885e-01,1.768203950115279921e-01,9.723779649278960213e-02
1.198529846353707518e-01,4.962022227138909031e-02,3.226786978220939628e-01,0.000000000000000000e+00,4.315014984337925408e-01,7.634659683735377234e-02
8.432177953191175024e-02,2.305944073933486119e-02,1.063141675826284049e-01,3.081901512838264856e-01,2.654995537712734888e-01,2.126149070910249850e-01
1.854743257275148216e-01,6.871260574794635367e-02,1.313733180100626341e-01,2.364686693042625798e-01,1.814637422424820457e-01,1.965073389677315929e-01
7.209738511317020926e-02,3.746353819375184552e-02,2.098924179662244316e-01,2.797433563555787872e-01,2.298625071846988888e-01,1.709407951865759834e-01
2.649076793131257754e-02,6.909709397606914050e-02,1.201403313077759882e-01,1.839687195801793795e-01,1.741364086026338243e-01,4.261666786020290032e-01
1.388632382588259884e-01,6.695289666963459563e-02,1.090774545063475931e-01,1.282029004700761532e-01,2.659368084528440646e-01,2.909667016422715635e-01
8.767903652764681699e-02,8.074669179481250292e-02,2.338156611195463530e-01,1.279549457752248987e-01,3.391072451300461976e-01,1.306964196527231337e-01
6.603202770335711569e-02,3.808651774696274195e-02,7.547681307562849329e-02,3.413349092992361000e-01,1.936656139031012192e-01,2.854041182717144132e-01
1.552398114471001955e-01,8.671919930543732502e-02,2.453716346961590800e-01,1.652154927080346780e-01,2.323255515780619784e-01,1.151283102652066598e-01
5.725146540324940053e-02,2.974709584679930199e-02,2.594193590784771297e-01,3.881226789876326966e-01,1.686031865490865422e-01,9.685621413475496710e-02
6.147409267850959674e-02,7.803413133267900204e-02,1.808890243618351545e-01,2.657760367326768569e-01,1.315312139866397501e-01,2.822955009076595356e-01
5.582809673614488877e-02,7.756149692768081472e-02,2.180983173498662331e-01,3.558002581610592574e-01,8.988892250504272596e-02,2.028229083202059968e-01
2.251949833423562142e-01,1.296897514969089782e-01,2.299097021860452561e-01,1.147001312697699948e-01,2.215843916844711659e-01,7.892104002044832145e-02
1.986229605739350534e-01,7.241400913751727675e-02,1.966557768377652227e-01,2.458861991364434396e-01,1.373325337042600736e-01,1.490885206100789895e-01
1.507412481993267439e-01,7.465766188704826833e-02,2.247551196465963075e-01,1.191021692778839181e-01,2.514849141318525882e-01,1.792588868572921046e-01
9.419928695216270298e-02,4.970274237500024034e-02,1.890316384028571106e-01,2.012120313455761367e-01,1.407488202034180291e-01,3.251054807209857178e-01
6.636724911894133216e-02,1.920019440284614909e-02,2.986925971261937818e-01,6.109181674049717764e-02,3.551798333280175024e-01,1.994683092835039528e-01
1.034323813686204574e-01,1.015561542843858439e-01,2.196274566223782310e-01,1.071768801933777604e-01,3.293288748488757411e-01,1.388782526823620911e-01
4.352886432788401205e-02,1.536511173539621689e-02,2.757702081174512321e-01,1.494665135086539476e-01,4.225399572676834525e-01,9.332934504293127764e-02
5.699263914482798066e-02,2.023825856452261124e-02,2.393319785869483518e-01,3.354880518124860322e-01,1.492428803812085036e-01,1.987061915100063192e-01
8.015558739842343350e-02,2.168057995553145448e-02,2.751901003099870846e-01,2.440753334284209985e-01,1.891371904783201441e-01,1.897612084293170132e-01
5.942338268525077655e-02,9.088315079489531212e-02,1.063215038536644563e-01,1.913014763109423255e-01,1.944499079908043604e-01,3.576205783644426650e-01
1.258280476043348584e-01,3.824564092827043016e-02,2.352312721458492684e-01,1.530343081842393538e-01,1.332394828530695241e-01,3.144212482842366208e-01
8.296275602714073619e-03,6.793618272367936417e-02,1.291470463994487117e-01,2.596241644246450875e-01,9.847316870391147059e-02,4.365231621456012179e-01
6.575834107803131545e-02,3.761568077715432556e-02,1.872525915576326860e-01,3.657200254274192153e-01,2.025533371394656890e-01,1.411000240202969491e-01
4.382863177372166297e-02,4.994657703505790691e-02,2.036389562535866060e-01,2.067269994920001575e-01,3.612562540113883891e-01,1.346025814342454718e-01
1.607676122919938222e-01,5.189905132723972303e-02,2.841576573401342620e-01,1.658918783107094508e-01,1.665828169170952833e-01,1.707009838128273893e-01
4.679822633733433934e-02,2.211672211113606054e-02,1.181685462088342686e-01,4.108656532118338256e-01,1.082466063093033420e-01,2.938042458215581743e-01
4.718478599593971257e-02,1.007015401938094953e-02,2.431810937400462336e-01,1.795837476823493664e-02,5.389312118192040035e-01,1.426743796571942058e-01
6.281999999999999806e-01,0.000000000000000000e+00,0.000000000000000000e+00,0.000000000000000000e+00,1.794999999999999929e-01,1.922999999999999987e-01
8.633196324531954013e-02,4.017151012780757757e-02,2.655914941192509815e-01,1.198411820541192552e-01,3.750970506763559031e-01,1.129667997771465482e-01
9.756312060786070939e-02,4.006934614297772562e-02,1.555045515952828417e-01,1.408384604055588352e-01,3.562401463811701308e-01,2.097843748671496811e-01
1.642201963165059939e-02,3.209339176686715200e-02,5.741266863379022867e-02,5.137682650850472488e-01,6.414494998433764583e-02,3.161587048983072190e-01
1.385090541627022609e-01,1.221634856905979144e-01,1.998880042401279811e-01,1.410157216495829813e-01,2.366523466773231277e-01,1.617713875796656930e-01
1.781926725199807771e-01,9.850633336519580563e-02,2.973064148456988631e-01,7.981395100406823984e-02,2.405900613104700880e-01,1.055905669545864067e-01
2.061490584210101673e-02,1.008394172276922407e-01,1.033254638837796113e-01,1.235672513211441420e-01,2.164221791096928860e-01,4.352307826155900616e-01
1.068042198417393923e-01,4.639983774400632810e-02,2.530537637835478249e-01,1.238990793110118921e-01,2.967344585609721364e-01,1.731086407587225096e-01
1.482729866688850817e-01,6.729904576847217657e-02,2.836550385812615094e-01,1.987722335141489660e-02,3.341748294906007333e-01,1.467208761393656302e-01
9.501202237248883298e-02,9.420231789881720885e-02,2.134859823026741821e-01,1.320367186561901829e-01,2.586939459176572087e-01,2.065690128521724123e-01
7.695520891617925463e-02,5.849234490993851510e-02,1.480076561654128098e-01,2.876799556423458859e-01,1.863904672743264823e-01,2.424743670917969829e-01
1.268645554082500904e-01,1.029921046799060491e-01,1.225011114505610843e-01,1.063116337311861698e-01,2.332537026740066077e-01,3.080768920560900126e-01
5.316481495434834115e-02,7.463336302315430604e-02,1.638862147996135166e-01,2.659010767996009550e-01,2.776598296319804371e-01,1.647547007913024719e-01
8.661340414721803438e-02,4.298268808067780972e-02,1.946335835567009342e-01,2.013182569232894459e-01,2.407674977067393862e-01,2.336845695853745075e-01
1.086287704013891436e-01,6.173891534013136589e-02,1.432836446748790571e-01,3.939071919112844822e-01,9.239050484213486014e-02,2.000509728301810841e-01
1.483572255414917773e-01,3.059950948410480182e-02,2.828976236988748338e-01,1.855909866615307047e-01,1.958650262048138857e-01,1.566896284091840730e-01
8.763215868800257324e-02,5.239987724661940294e-02,3.543693691414153690e-01,1.594116340626517414e-01,1.914242232341910321e-01,1.547627376271198951e-01
0.000000000000000000e+00,0.000000000000000000e+00,3.309999999999999748e-02,4.966999999999999749e-01,9.270000000000000462e-02,3.775000000000000022e-01
1.103764369979229609e-01,9.664841786192548967e-02,1.775494384357370059e-01,1.570924544004440593e-01,2.501244010049258337e-01,2.082088512990445672e-01
1.005655052072627342e-01,5.306177529418727723e-02,1.863216650962253584e-01,3.393944490629244304e-01,1.502609697913212805e-01,1.703956355480790996e-01
6.573719307337741458e-02,3.760358350433548602e-02,1.871993283284252574e-01,3.658093883227185317e-01,2.025167869681462895e-01,1.411337198029969375e-01
1.519230519921584699e-01,3.033945327035082046e-02,3.098228925980753834e-01,1.687288321211066200e-01,1.519149147853009474e-01,1.872708552330075715e-01
2.087148597820474849e-02,8.622561912167057974e-03,1.168321095137240945e-01,4.039466601444394178e-01,1.707443535328512507e-01,2.789828289186134236e-01
2.500744324852258518e-02,2.045747307505207946e-02,1.356467953663377524e-01,4.888819670814367191e-01,7.859566313250306024e-02,2.514106580961479875e-01
1.746259045923176378e-02,0.000000000000000000e+00,2.266381119582634718e-02,6.372361755580879805e-01,1.246648805874106536e-01,1.979725421994431855e-01
6.464958863794767474e-02,3.117463076843236119e-02,1.718128959665157496e-01,4.394034853938783014e-01,1.548632000020103427e-01,1.380961992312155218e-01
5.635833386733990480e-02,8.855186792094599246e-02,5.156978423026956776e-02,4.134180217958163261e-01,6.553621435809671436e-02,3.245657778275315430e-01
0.000000000000000000e+00,0.000000000000000000e+00,4.992917492282154812e-02,5.761876308080181586e-01,9.174670457745033592e-02,2.821364896917100129e-01
3.953310323332406839e-02,4.219548818984817512e-02,4.386022819236606168e-02,4.530821335939326233e-01,1.549159769621330229e-01,2.664130698283960208e-01
7.684080629472002377e-02,1.945675261079600482e-02,2.271451519728724666e-01,3.317389685664714483e-01,1.131298669607862101e-01,2.316884535943538881e-01
9.394079767613806864e-02,8.169839063331593709e-02,1.053801220876824513e-01,3.067720899325789841e-01,1.756477191758646361e-01,2.365608804944199783e-01
0.000000000000000000e+00,5.049710242491847571e-03,1.414909007160950749e-01,6.104568572739914600e-01,3.047153582601697802e-02,2.125309959414046490e-01
1.476536602568299383e-01,2.752647712657535495e-02,3.188575141436781890e-01,1.894790965998866816e-01,1.304228738031049661e-01,1.860603780699247312e-01
7.225774889131675316e-02,3.108116296473036402e-02,1.266907622402569933e-01,3.015661478733439593e-01,2.546483282789556712e-01,2.137558497513961930e-01
1.070541830221726498e-01,1.308770108623524275e-01,5.667213186375063411e-02,3.644016322010757425e-01,1.589979957984772596e-01,1.819970462521712795e-01
1.077266725722511587e-01,7.377996943542738939e-02,2.940705870353275617e-02,3.933846199577674674e-01,1.390380201423659645e-01,2.566636591886552465e-01
8.736399635113127615e-02,2.947051266083846807e-02,1.188431500734071916e-01,3.128051678472777430e-01,1.426003747289773527e-01,3.089167983383679372e-01
1.167474154962116345e-01,4.067704754620286856e-02,1.859162633719351199e-01,2.743568323329403369e-01,2.167081845320528444e-01,1.655942567206571958e-01
3.763607162000344453e-02,6.714660074548968460e-03,1.211637839861155197e-01,4.094558960359794275e-01,1.258698028617415421e-01,2.991597854216110908e-01
5.106175717036334771e-02,3.388410766283396491e-02,2.601841613669813591e-01,1.645872260727162528e-01,3.767416851198720495e-01,1.135410626072330814e-01
3.592225108180259474e-02,4.169138669354972848e-02,1.208890497466904267e-02,4.987669579798535979e-01,5.661205069275559304e-02,3.549184485773693720e-01
0.000000000000000000e+00,3.150900293408960551e-02,7.806239048155555471e-02,4.750036543729314609e-01,2.380010445300425603e-01,1.774239076813808602e-01
9.307140578953636278e-02,2.128225562570257301e-02,2.428809837988589737e-01,2.652071778507935629e-01,1.457573397069935051e-01,2.318008372281150919e-01
1.211781187239663049e-01,7.191825342923627296e-02,2.313070150279521175e-01,1.226362100979574710e-01,2.699227986145366631e-01,1.830376041063511428e-01
4.824698383824911618e-02,6.384469235354134353e-02,4.161964212923487116e-02,4.913907217003755101e-01,1.096672926579450869e-01,2.452306673206541276e-01
1.329140013512059293e-01,7.659156121598774403e-02,2.592529921561359529e-01,1.488553305281904993e-01,2.938888352313485108e-01,8.849727951713158569e-02
8.169740223778249044e-02,2.998568984637456011e-02,7.528060635654532096e-02,5.366550034174407680e-01,7.882249138899384555e-02,1.975588067528630531e-01
6.721613582342808590e-02,7.773246194027823297e-02,9.738847564922750721e-02,3.941703073160784387e-01,1.571013611760421480e-01,2.063912580949454623e-01
4.994858116893037547e-02,1.048560439541416089e-01,1.041281443306669857e-01,1.791365757776380296e-01,3.214906789541346344e-01,2.404399758144884491e-01
9.083172392778200710e-02,1.980760777156432770e-02,3.229440282965400089e-01,7.291406866772111306e-02,2.943070947728778086e-01,1.991954765635146063e-01
3.504224314291588122e-02,2.193520952469942345e-02,4.044799141293368289e-02,5.129565125550514804e-01,1.248721156541252042e-01,2.647459277102744424e-01
1.383210544717451140e-01,5.637094330310683105e-02,1.922096073626799462e-01,2.062862118069814232e-01,2.513082899234050371e-01,1.555038931320816553e-01
9.065418132623843939e-02,4.177656502379992198e-02,1.194839644710436188e-01,4.369891242087430294e-01,3.825912710416839307e-02,2.728370378660067153e-01
2.493455697837106133e-02,1.673423416385117629e-02,1.043117514998877504e-01,4.188846084848460993e-01,1.951534105751173698e-01,2.399814382979264804e-01
4.879778418914527960e-02,8.862880674344242315e-02,8.145894812496463910e-02,3.109686422176665688e-01,1.500293415992706714e-01,3.201164771255105013e-01
2.943443864193028350e-02,2.086151187166810153e-02,9.515644660951949607e-02,4.990849933589581733e-01,2.072825818779067131e-01,1.481800276400172534e-01
4.824698383824911618e-02,6.384469235354134353e-02,4.161964212923487116e-02,4.913907217003755101e-01,1.096672926579450869e-01,2.452306673206541276e-01
4.680154888596341906e-02,2.035370759404946453e-02,7.180008808213007854e-02,4.240505943757045260e-01,2.168492790463698860e-01,2.201447820157826085e-01
5.623014479831667245e-02,5.312332852539537742e-02,3.702691389639545944e-02,4.085212862848410786e-01,1.046383858127256233e-01,3.404599406823258234e-01
8.532916080308476647e-02,6.359062805597032186e-02,2.967357058282948379e-01,1.229459069201158383e-01,3.136644626105454248e-01,1.177341357819888246e-01
1.038112023599705031e-01,5.477431532105848933e-02,1.995975050311871168e-01,2.612842339470756725e-01,1.740103248709390926e-01,2.065224184697691534e-01
5.842123148694049889e-02,4.706291840885584721e-02,1.263611510282055539e-01,2.931466716107518078e-01,6.938730617149259372e-02,4.056207212937536499e-01
3.761191851731964658e-02,2.350840398288672056e-02,1.237635987882918509e-01,4.652426969521208933e-01,9.704617408160211289e-02,2.528272076777787758e-01
8.631331523777827433e-03,8.109753896931846950e-02,1.025520116604898002e-01,2.803523819484701196e-01,2.460171112416433825e-01,2.813496246563004233e-01
1.285184835263321612e-01,8.274909094055667158e-02,1.950543522674423602e-01,2.189095172060070982e-01,2.555468738367705495e-01,1.192216822228911455e-01
6.684249351172871778e-02,4.148677969212571232e-02,2.609949066788129768e-01,2.714694650742547899e-01,2.086752606851312863e-01,1.505310943579465099e-01
1.083376135558991454e-01,4.409981647474718602e-02,1.735701605623476973e-01,3.020276217315984169e-01,1.508648324190363099e-01,2.210999552563711334e-01
1.629390419401933743e-01,1.051563564596217637e-01,2.884947201136578432e-01,4.058166343109624596e-02,3.293497549168828975e-01,7.347846313854808353e-02
8.928032668301863484e-02,5.338540358664865121e-02,2.660756559623492223e-01,2.530625700873932460e-01,2.279947485657494444e-01,1.102012951148408498e-01
2.926565914772088703e-02,3.703001006287439528e-02,1.983181394862566505e-01,3.436367074019603396e-01,1.829787899859473266e-01,2.087706939152404184e-01
2.726999999999999980e-01,2.172000000000000042e-01,2.172000000000000042e-01,0.000000000000000000e+00,2.172000000000000042e-01,7.580000000000000626e-02
1.589904776703346401e-01,2.830846157634216154e-02,2.252052535147108792e-01,2.242567471820096914e-01,1.561836239055852393e-01,2.070554361510172636e-01
0.000000000000000000e+00,0.000000000000000000e+00,0.000000000000000000e+00,1.000000000000000000e+00,0.000000000000000000e+00,0.000000000000000000e+00
8.544468604387703281e-02,4.814324698229100613e-02,1.192605629909601478e-01,3.169537518299915813e-01,1.154017876734892561e-01,3.147959644793910661e-01
3.113253309859869214e-02,2.348353799261031216e-02,1.507588236061200293e-01,4.423107122436817917e-01,1.371827931406789658e-01,2.151315999183102401e-01
6.526451186127496529e-02,3.733319612393146136e-02,1.880874850812899457e-01,3.968336973911685828e-01,2.009309025855148811e-01,1.115502069568200527e-01
4.649999999999999967e-02,0.000000000000000000e+00,3.952999999999999847e-01,0.000000000000000000e+00,5.000000000000000000e-01,5.809999999999999887e-02
1.251236168811694083e-01,5.379861532699532073e-02,1.652301214957559161e-01,2.090776486371494214e-01,1.127288208109989837e-01,3.340411768479308874e-01
1.206546401175335320e-02,1.048412868719950791e-02,2.360639051610435024e-01,2.886865147840193546e-01,2.861505479039214705e-01,1.665494394520628529e-01
6.123414881586874969e-02,1.585784463973954547e-02,1.363112712873252585e-01,2.874620511864418582e-01,3.789941704508493769e-01,1.201405136197750551e-01
6.816958608761022886e-02,1.984887539603107445e-02,7.409225796602686431e-02,4.785763285287548130e-01,1.369564512499538422e-01,2.223565007716233055e-01
1.906716119454563985e-01,1.089081273801614375e-01,2.531375964407985846e-01,8.698694991564552559e-02,1.918876897683297611e-01,1.684080245496082928e-01
1.153653752661186194e-01,4.119594674675074175e-02,2.631115698499819078e-01,2.772144249612469857e-01,1.157178484146558078e-01,1.873948347612459375e-01
1.457460205751396898e-01,8.855266430256512888e-02,9.851111225822625772e-02,3.047203146617867842e-01,1.757904094067765932e-01,1.866794787955056156e-01
4.611621517135641724e-02,3.796706715005184612e-02,2.117909091561260559e-01,2.211809211431749744e-01,2.952239562654486726e-01,1.877209311138419989e-01
1.366931194863263699e-01,6.576451904762445344e-02,7.958958877374015806e-02,1.943689228833867799e-01,1.853087731863573839e-01,3.382750766225648409e-01
0.000000000000000000e+00,1.474000000000000032e-01,0.000000000000000000e+00,6.320000000000000617e-02,0.000000000000000000e+00,7.894999999999999796e-01
0.000000000000000000e+00,0.000000000000000000e+00,4.808730828448608274e-02,5.824717298032913160e-01,7.755434306031777636e-02,2.918866188519049221e-01
2.318920162910737687e-02,1.164906514786489405e-01,2.914105630756619672e-02,2.530838504753498142e-01,1.854651254183705550e-02,5.595487275674906336e-01
1.711643193493681547e-01,8.583048354662022039e-02,2.547335549843985358e-01,1.258244780885668379e-01,3.016977391005679632e-01,6.074942493047821856e-02
4.385117337986675634e-02,1.388880580358769004e-02,1.218280401311444966e-01,3.764927536889682846e-01,8.252748139127741300e-02,3.614117456051554322e-01
2.325894510660812542e-01,8.068641623988982714e-02,2.982310853982564347e-01,5.966400602073649445e-02,2.098955465202131943e-01,1.189334947548228855e-01
7.375520841641491909e-02,1.746497618749176528e-02,4.015356117347140125e-02,5.075676376811771862e-01,1.473736107574676046e-01,2.136850057839771722e-01
5.277260490244820718e-02,5.946600688057076395e-02,2.631911874902638226e-01,2.853382741691793401e-01,1.772504989773804329e-01,1.619814275801574333e-01
1.008402064233286100e-01,5.320671698338663019e-02,1.868306148387425814e-01,3.260126662384655316e-01,1.506714174000101658e-01,1.824383781160665852e-01
1.617817547923266694e-02,4.628755762113791368e-03,1.311481497119736106e-01,4.263268418138295157e-01,7.577155273125942003e-02,3.459465245015909129e-01
1.583739684025936567e-01,8.688898819429081988e-02,1.019308635582462791e-01,3.316295683185115917e-01,1.437648266681488540e-01,1.774117848582088819e-01
8.743380771147574171e-02,4.001640579599764769e-02,2.210538865546649856e-01,2.785172678896299381e-01,2.276654372170946738e-01,1.453131948311369159e-01
7.095229130774126369e-02,5.236401086424138235e-02,9.082089162131345983e-02,3.765407198060093386e-01,1.549389835376428215e-01,2.543831028630516577e-01
2.326813257664949244e-02,1.286578898586868309e-02,2.088697477509711131e-01,3.765038486415319685e-01,2.043539548365814751e-01,1.741385272083973146e-01
9.153023758949570265e-02,2.549221000852544550e-02,1.288851976870862281e-01,3.036405268720325235e-01,1.432954268711559842e-01,3.071564009717042132e-01
1.014949368798858248e-01,5.355217500393253532e-02,1.880436596954609407e-01,3.228053289665699932e-01,1.516496895535825451e-01,1.824542099005681817e-01
6.924619129861689371e-02,7.519526815081752080e-02,1.212495183937039867e-01,3.513336399991189851e-01,1.834955649157573032e-01,1.994798172419851301e-01
6.519190531860846738e-02,5.361258059813522880e-02,8.444077657611674670e-02,5.125534873949014747e-01,6.635074195827417309e-02,2.178505081539637844e-01
5.159017269996608174e-02,3.654850616247307810e-02,2.383168139813785502e-01,2.160680480880605991e-01,2.942967778340661034e-01,1.631796812340553793e-01
1.077266725722511587e-01,7.377996943542738939e-02,2.940705870353275617e-02,3.933846199577674674e-01,1.390380201423659645e-01,2.566636591886552465e-01
4.644071076089827110e-02,6.255120830316192836e-03,8.828428171767233046e-02,4.440531178088830133e-01,1.327798775655033015e-01,2.821868913167269177e-01
1.125971399256895239e-01,4.879195566388420252e-02,2.058447437924630641e-01,1.088894518034933395e-01,3.794207194544282347e-01,1.444559893600416423e-01
9.491077477187563616e-02,2.173837670934295266e-02,1.692140292714767735e-01,3.024125680475779343e-01,2.230869234155199443e-01,1.886373277842067764e-01
1.507260089779998424e-01,2.834055961995297912e-02,3.243831011734144565e-01,1.843620596131179123e-01,1.297516656643724620e-01,1.824366049511423060e-01
1.556119835596955214e-01,3.053619236048442723e-02,3.150252727235465233e-01,1.628230654423247770e-01,1.507049049997258583e-01,1.852985809142230211e-01
1.143175782443485722e-01,3.185232758780240370e-02,2.769998300853857010e-01,1.275355972354910439e-01,2.903676649788943798e-01,1.589270018680778440e-01
1.535962322356249632e-01,5.478511975457926036e-02,1.206687584410187364e-01,1.806284737795740558e-01,2.622179580777125318e-01,2.281034577114904593e-01
8.828596081594959621e-02,4.380037048622933277e-02,1.983678846081238789e-01,1.411871462081548123e-01,3.272599893267401083e-01,2.010986485548022229e-01
8.405730312495465761e-02,1.922114622441956425e-02,3.975381218469639655e-02,4.417226416805509204e-01,1.048955138180630436e-01,3.103495829673154627e-01
1.346101207651338727e-01,2.910269376958180346e-02,3.319813432194502201e-01,1.775951075500937781e-01,1.609195928454325852e-01,1.657911418503078549e-01
2.844680576896910229e-02,8.894781357923634002e-02,8.858174358150971983e-02,1.410089543622164154e-01,3.477821995005480060e-01,3.052324832075204442e-01
9.074169702295901974e-02,3.485031020948674285e-02,8.329419438900002859e-02,4.624915476761360389e-01,6.967684720259249842e-02,2.589454034998256438e-01
7.388071491844626359e-02,3.756136194019835811e-02,2.245025290313458766e-01,2.685974200461334616e-01,2.671984203540335168e-01,1.282595537098425165e-01
8.929364517147855840e-02,7.060866651859955268e-02,2.622675373796720111e-01,2.271546990803485766e-01,2.153903218012191145e-01,1.352851300486821451e-01
1.483519989247243376e-01,3.061697415859845547e-02,2.827344373026131064e-01,1.857448338126610476e-01,1.957918398474478572e-01,1.567599159539552478e-01
3.360204177383351032e-02,7.094762469599126542e-02,8.318701121766960971e-02,3.579227568566576978e-01,1.903453718197997968e-01,2.639951936360481199e-01
1.292376030485797300e-01,9.349507915930012347e-02,8.738490596751503914e-02,3.222682578364217121e-01,1.180807906375175020e-01,2.495333633506658377e-01
9.981311274021621716e-02,5.152435950694659456e-02,1.615212576137901868e-01,2.766426465497840992e-01,2.737229822808496804e-01,1.367756413084133815e-01
6.835254188990667890e-02,1.293506005028263739e-01,5.458385651553025047e-02,2.152872140922541533e-01,3.127428062455328561e-01,2.196829807539495971e-01
4.006658750792543161e-02,6.612765978816098969e-03,7.000301255450776250e-02,4.229940522030137817e-01,5.055494298325661356e-02,4.097686387724803203e-01
6.120611332899705131e-02,3.619615127768583546e-02,2.099700037976600930e-01,3.036984765444905587e-01,1.562517588904333010e-01,2.326774961607331882e-01
8.516992992320843170e-02,9.146069740916545898e-02,9.393035863793597340e-02,2.285104097543825541e-01,1.409788779792235380e-01,3.599497262960841271e-01
1.080235230914385475e-01,7.182809479948419618e-02,2.326664757694190400e-01,2.737105821343284173e-01,1.685570996667918875e-01,1.452142245385379948e-01
1.017922685796877613e-01,2.205672729692187417e-02,8.628370318055177124e-02,4.074350090899864218e-01,1.233337359719829940e-01,2.590985558808691636e-01
1.038112023599705031e-01,5.477431532105848933e-02,1.995975050311871168e-01,2.612842339470756725e-01,1.740103248709390926e-01,2.065224184697691534e-01
