1.018662106292662767e-01,1.023857240913013111e-01,1.985951919462607684e-01,2.181627609541711699e-01,2.053774644693303619e-01,1.736126479096701536e-01
4.584600807609402057e-02,2.925689642411278754e-02,1.684608941169367657e-01,2.804800321865404955e-01,1.620585485608825593e-01,3.138976206354333054e-01
7.229896424036039160e-02,4.812183594190835856e-02,2.385543262863671077e-01,2.044689381871552247e-01,1.670261030315588480e-01,2.695298323126500417e-01
1.077402631161593488e-01,5.681381830211802014e-02,2.071443197879604681e-01,2.034200217257943477e-01,2.511632709594472934e-01,1.737183061085204594e-01
2.660603056623482912e-02,1.640300008425674486e-02,1.090515826494346668e-01,4.178844623648164669e-01,1.419014389537256449e-01,2.881534853815316821e-01
9.138691826356974690e-02,7.213710223117657250e-02,6.376795616473239503e-02,3.903705715554711686e-01,1.250868560156857268e-01,2.572505957693643208e-01
1.633508891483836101e-01,7.738722547740697899e-02,2.474239018745213736e-01,7.898765501792026633e-02,2.797272434008072350e-01,1.531230850809605082e-01
4.205303025122830024e-02,2.439093390179669987e-02,1.211700651034410825e-01,5.363204241995860322e-01,4.302563868741631631e-02,2.330399078565316140e-01
7.440021786291285688e-02,1.002883151047237881e-01,2.172815946865462033e-01,1.851270747134283190e-01,2.074392692259606763e-01,2.154635284064281842e-01
7.323848765998038080e-02,3.910452263843554321e-02,1.705884299995103215e-01,2.541321972848593069e-01,1.746978967287169393e-01,2.882384656884976470e-01
5.685343759748073128e-02,3.029643810080096325e-02,1.869524342131240746e-01,3.636927243041540581e-01,1.549763935602301301e-01,2.072285722242099559e-01
2.649999999999999925e-02,4.420000000000000318e-02,2.477999999999999925e-01,2.649999999999999925e-02,5.574999999999999956e-01,9.729999999999999760e-02
1.294964902386918915e-01,1.112762163391068787e-01,1.561509952252014277e-01,9.775533273979340743e-02,2.344682155327229012e-01,2.708527499244834380e-01
1.260984867847503299e-01,6.679312884578118836e-02,1.660653988353954780e-01,8.024437694495392681e-02,3.492226915675211707e-01,2.115759170215978369e-01
7.527447918740069743e-02,4.398763697378737375e-02,1.935110292796589360e-01,3.330330314205809383e-01,2.088164158315665708e-01,1.453774073070054351e-01
6.930125084121097068e-02,3.370626022076901596e-02,5.345078652418924769e-02,4.527043197382339401e-01,1.351898933861752083e-01,2.556474892894216588e-01
2.795084115016781973e-02,9.025080174060166882e-03,1.151930145846186693e-01,4.182437471060169165e-01,1.117262297731183990e-01,3.178610872120179454e-01
3.175192800710115865e-02,1.590243297179283477e-02,9.540238182432564384e-02,4.903900764604190443e-01,1.493111460298193471e-01,2.172420347065419921e-01
9.170533108151472657e-02,3.779671744276456857e-02,2.389889464402611685e-01,1.849277873144261342e-01,1.976624111470629830e-01,2.489188065739703359e-01
5.284127224936149142e-02,6.295548315124151195e-02,1.950360053859078457e-01,2.944770557952775536e-01,2.211058024243024445e-01,1.735843809939091320e-01
1.528478335131024934e-01,1.204395784161303301e-01,2.299688704828360131e-01,1.065183604688509644e-01,2.545225347357407686e-01,1.357028223833395275e-01
3.066180772205658392e-02,6.568752629028230816e-02,1.915486028739025459e-01,3.405294508865021053e-01,1.219446457536907669e-01,2.496279664735656656e-01
5.184706047899614867e-02,5.520755969540133007e-02,4.999902976701755403e-02,4.151884833502033079e-01,1.163310683413827651e-01,3.114267983669989359e-01
1.459615203246029669e-01,8.282020275455254099e-02,2.206360358737235461e-01,8.540886037836781242e-02,3.089620868156679467e-01,1.562112938530852979e-01
4.101731951296433420e-02,2.314523564905418204e-02,1.787975185326366179e-01,2.941125243914179399e-01,1.950719870253985189e-01,2.678554148885284314e-01
1.434649745057240133e-01,6.536339167332812228e-02,2.283668527301836726e-01,9.958379911617556979e-02,3.111341407671947557e-01,1.520868412073938525e-01
1.582908799097126618e-01,8.377444382852695937e-02,2.097631329377830367e-01,7.958899124644341905e-02,2.905680170852827371e-01,1.780145349922511444e-01
8.046978212470330682e-02,5.750326440135041656e-02,6.028889871964094455e-02,4.130459714562910722e-01,1.111114050318289803e-01,2.775806782661853767e-01
1.310319558883643876e-01,6.513196367778373297e-02,2.271560148362486986e-01,1.048325454166197657e-01,4.030873329148599860e-01,6.876018726612342924e-02
1.044899379679294221e-01,4.104469670864949182e-02,2.258317855296775312e-01,1.223943070698757241e-01,3.391281344143001197e-01,1.671111383095676972e-01
7.997998829385871700e-02,4.947971842146441090e-02,1.206286707474673314e-01,3.742854739291764932e-01,1.542720274619175935e-01,2.213541211461154401e-01
1.722500654858649671e-01,9.702764617616599363e-02,2.573335313544933278e-01,9.153714908611240708e-02,3.235785341689278449e-01,5.827307372843532063e-02
9.137579517178612276e-02,3.409165093310081301e-02,1.372572983106395417e-01,2.768463936018142890e-01,2.832541051187882908e-01,1.771747568638708803e-01
9.502769157381886489e-02,6.431727759754572726e-02,7.133914002789004671e-02,3.903837521775689878e-01,1.389927465450203903e-01,2.399393920781559553e-01
1.775189227894383992e-01,1.010378559198350373e-01,2.890044862875592036e-01,3.470059563476687176e-02,3.119299653747366063e-01,8.580817399366379161e-02
6.932821564097516043e-02,1.137002395786789431e-02,3.713675239795229815e-02,4.263031332883386870e-01,1.322176068565470985e-01,3.236442678583189569e-01
7.326397182506752537e-02,5.267593616633346049e-02,6.722040469272842766e-02,4.334507952091307126e-01,1.908599066021393342e-01,1.825289855046004217e-01
1.611966731968857702e-01,5.363721710999544423e-02,1.109947280048021456e-01,2.531379034946960038e-01,2.724743156059254434e-01,1.485591625876952759e-01
1.404854050229832063e-01,6.486613488962877927e-02,2.565979419305216558e-01,8.057663703661817334e-02,3.086960040478070599e-01,1.487778770724411392e-01
1.094019861499210405e-01,9.461247724733981568e-02,2.555224720550204887e-01,1.412782394049338086e-01,1.593971062728832266e-01,2.397877188699016338e-01
4.439054174865821739e-02,5.617952884637854999e-02,1.401555710891508877e-01,3.546137560357097152e-01,2.372204873733927410e-01,1.674401149067098749e-01
7.712647041772426049e-02,2.631275870338425221e-02,2.488221225358360211e-01,1.711273646274391602e-01,2.822234396877355000e-01,1.943878440278808406e-01
5.062281987840432790e-02,2.679773754234389752e-02,1.560119595467820974e-01,2.859282890073603922e-01,1.999893537487522355e-01,2.806498402763570321e-01
1.221408622779038139e-01,6.821528133734380828e-02,9.087619381527560491e-02,2.739865147947500579e-01,2.141447089638061629e-01,2.306364388109206076e-01
3.017096058592622435e-02,3.980974120079819323e-02,2.597072016000229189e-02,6.492531570272375152e-01,5.958785939238376433e-02,1.952075616336519936e-01
1.191173914542637269e-01,3.600948995695527066e-02,3.043727517230476187e-01,2.203863522120354801e-01,1.393229106388199912e-01,1.807911040148778292e-01
2.489367684461555111e-02,5.786386705985461197e-03,4.045916960510929916e-02,5.028774295517163262e-01,1.093928123576133338e-01,3.165905249349600381e-01
9.251799909777817799e-02,4.460664077840414271e-02,1.029511035829783344e-01,3.702043789963583853e-01,2.023914771015359604e-01,1.873284004429450755e-01
7.560516804252773171e-02,5.926848329423001216e-02,6.756894987069020364e-02,3.324984605440355345e-01,1.156268181893295999e-01,3.494321200591867793e-01
1.256260242445607182e-02,5.159550510938164941e-02,9.754395873867645339e-02,2.665671412292497378e-01,1.809499481654265052e-01,3.907808443328096848e-01
8.285646633099250091e-02,5.320874186152266955e-02,1.799356394513010882e-01,2.462280980703957789e-01,2.033803126260793070e-01,2.343907416597087456e-01
6.250935198714241414e-02,3.152647812490816381e-02,1.148824287308383152e-01,5.052434780052306174e-01,1.001552035547344788e-01,1.856830595971460107e-01
1.074386546610928972e-01,6.655412500894582195e-02,2.835020749658482275e-01,2.358004795775618390e-01,1.811305102315738935e-01,1.255741555549773902e-01
3.616996335243616995e-02,1.617229241382285923e-02,1.110956360809665505e-01,4.489939243576887562e-01,1.146314203394964842e-01,2.729367634555890931e-01
6.294879148186560691e-02,7.568894002558558542e-02,1.176686833815977079e-01,3.793383579837868447e-01,1.087747795217569730e-01,2.555804476054072683e-01
8.802278825218186331e-02,8.690857614682885590e-02,1.843386245487221575e-01,2.808660293705029787e-01,2.085217013218509385e-01,1.513422803599132893e-01
1.414813205047835420e-01,6.579795823505421581e-02,2.781910836581108493e-01,8.051506340225181302e-02,2.575777714015650699e-01,1.764368027982344544e-01
1.031659397676163298e-01,9.795880830489774038e-02,2.567303714507795376e-01,2.108771662095566268e-01,1.704719016119962127e-01,1.607958126551536082e-01
9.899136816438706965e-02,9.088423558020879145e-02,1.654711944469614837e-01,2.115841523515434031e-01,2.427750531471644380e-01,1.902939963097348142e-01
1.299773478493163048e-01,6.720596920098852178e-02,1.334055791591048645e-01,2.106388260222525621e-01,2.510159825506682596e-01,2.077562952176695288e-01
1.893903263016307736e-01,8.713559824431046930e-02,1.232795040818472770e-01,2.223139560996827691e-01,1.603056570745207687e-01,2.175749581980079561e-01
7.644761365959262811e-02,2.044343095626831308e-02,6.477199641485342774e-02,3.551544956725062319e-01,2.019201647301839542e-01,2.812622985665955144e-01
6.530752176280207877e-02,7.267287264054078655e-02,2.331979129268816064e-01,1.388434259841177243e-01,2.894291269251023646e-01,2.005491397605554116e-01
1.361727374732631668e-01,9.794861290323902958e-02,1.894215114314117265e-01,1.814277763687960621e-01,2.006886815507730182e-01,1.943406802725169968e-01
7.339542618746378033e-02,4.758453417566094884e-02,9.868757496911191585e-02,3.312759005794772005e-01,1.883375990159172064e-01,2.607189650723690244e-01
0.000000000000000000e+00,0.000000000000000000e+00,4.328000000000000180e-01,5.672000000000000375e-01,0.000000000000000000e+00,0.000000000000000000e+00
7.549507801206505053e-02,1.206622336427793651e-01,8.621726306805259366e-02,2.987995400575806926e-01,1.419485440556644273e-01,2.768773411638578708e-01
1.082787803900253643e-01,3.942135975590013719e-02,1.929591148232146225e-01,1.888398223986332558e-01,3.052978083747280857e-01,1.652031142574985623e-01
1.478972257465056006e-01,6.688198762204826398e-02,2.259044593820087043e-01,1.259354284333009388e-01,2.637361662642733195e-01,1.696447325518631588e-01
1.724868899984935422e-02,9.273508248315322916e-03,1.007356226517275855e-01,3.622366445631884924e-01,1.183672853218271231e-01,3.921382502150920213e-01
1.224603002328571721e-01,5.768573409890840470e-02,1.920332315117175837e-01,1.786476331833992959e-01,2.815835715612409751e-01,1.675895294118766587e-01
9.038332322409223241e-02,5.951504480514888118e-02,1.359999778591704234e-01,3.563765265867281928e-01,1.243066481483162122e-01,2.334184793765440302e-01
5.811821604653495676e-02,2.965792254922950191e-02,2.440568647897783661e-01,2.701949375211266102e-01,2.277495864024754735e-01,1.702224726908550256e-01
7.128175264710601144e-02,4.780984468669470522e-02,5.997861991019541594e-02,4.292400364273313840e-01,1.194247586576218240e-01,2.722649876710506733e-01
9.718489408337550872e-02,1.001859175139069580e-01,2.686863391077088936e-01,1.632007554438335006e-01,1.923919943479720229e-01,1.783500995032030467e-01
4.912177680558539594e-02,5.767575112564535256e-02,8.526865871944767916e-02,3.672315455205270585e-01,1.203010042317878558e-01,3.204012635970067135e-01
1.294036960747370901e-01,5.981373120035861357e-02,2.105482064293337785e-01,1.183027742983340236e-01,2.792092546655887131e-01,2.027223373316478228e-01
9.620898497547410166e-02,4.899047452842208994e-02,3.179311542737773277e-01,1.051296793342643004e-01,2.658376409670918372e-01,1.659020659209703152e-01
8.309421278651034359e-02,5.732478853084010950e-02,1.558751481559829954e-01,3.629532893907859159e-01,1.122443171349962604e-01,2.285082440008843474e-01
2.797263904767049308e-02,9.018320187165211957e-03,1.147892283359867177e-01,4.186000427012095959e-01,1.118133143911164001e-01,3.178064553368515344e-01
4.942629615973175017e-02,1.387316345632033827e-02,1.225368884659512186e-01,3.890422749760772958e-01,1.654242218495318717e-01,2.596971550923874439e-01
7.419505982354099305e-02,4.794865631547851059e-02,1.788558051450676034e-01,3.579278727395109883e-01,1.566719189253303612e-01,1.844006870510714602e-01
8.401156572334429751e-02,4.174528864229417463e-02,2.210743438939641037e-01,2.288634930275602886e-01,2.046095418902531549e-01,2.196957668225840155e-01
1.156655183299299533e-01,5.061359418054735271e-02,3.985765926942553827e-01,1.883506698225405063e-01,1.539810489732723053e-01,9.281257599945454129e-02
1.152469596126004386e-01,5.885654280344337214e-02,2.162589709943315841e-01,1.956006450425620269e-01,2.530784999863256446e-01,1.609583815607369406e-01
1.593179080043641005e-01,7.626163356487965228e-02,2.143340039116554685e-01,7.942656521807707481e-02,3.243859774473806801e-01,1.462739118536429406e-01
4.397332760481120068e-02,8.955548436582092334e-03,8.948648564598746247e-02,3.913568284776412498e-01,1.244489007350164794e-01,3.417789090999613921e-01
1.080284619619451131e-01,7.817875471729190950e-02,5.229332699582781713e-02,3.162761509046956854e-01,2.039799662897403831e-01,2.412433391304990293e-01
9.700982572189012498e-02,5.882137458629246168e-02,1.883078961211971103e-01,3.237519693822175082e-01,1.635053523309837886e-01,1.686035818574189160e-01
1.739151332678264272e-01,9.855189761313215557e-02,2.708289693122845065e-01,3.691199628339130595e-02,3.222364956651566636e-01,9.755550785820900350e-02
1.049075885817416093e-01,3.802166114390644752e-02,1.443953117925936558e-01,3.132628404862323190e-01,1.425256147258617268e-01,2.568869832696641931e-01
9.873346060948490210e-02,8.645056631977289519e-02,1.494125490050260130e-01,1.663061489186752062e-01,2.290891839131684593e-01,2.700080912338725381e-01
8.464135947857967524e-02,2.157267287842271758e-02,1.225811713555333415e-01,3.621198978101087262e-01,1.608516861542290954e-01,2.482332123231264231e-01
1.335110271423043671e-01,1.081353508478845593e-01,1.937445015018474936e-01,2.255901750527771754e-01,1.996423249986798154e-01,1.393766204565067279e-01
1.745861118188992978e-01,1.553236560086649620e-01,1.855538692237504450e-01,1.016407154706054083e-01,2.181805680713320150e-01,1.647150794067478718e-01
1.875349148253968243e-02,9.148242645988491004e-03,1.855184468708935830e-01,3.655777955188466710e-01,1.502662979657158615e-01,2.707357255160157683e-01
1.331814729339618752e-01,2.556364695967981368e-02,2.875433802718702081e-01,1.724701299416535605e-01,1.751190760170428240e-01,2.061222938757916734e-01
1.336838251043775683e-01,6.450573508349037588e-02,1.831804379494351986e-01,2.232361869936203558e-01,2.054362832172834108e-01,1.899575316517930768e-01
3.744966734549029508e-02,6.542891207791570740e-02,1.961163183002381516e-01,1.608857421221373263e-01,3.170231009474440698e-01,2.230962592067745054e-01
1.054801625056919628e-01,2.864451299518935498e-02,1.038720633160717527e-01,3.958810310866158200e-01,8.734708138359492668e-02,2.787751487128362071e-01
1.101536409024392454e-01,8.239566833772556109e-02,1.409565882641814760e-01,1.721541221461402038e-01,2.529336296990180588e-01,2.414063506504954271e-01
1.073525462270009112e-01,2.565052885616194919e-02,1.155436838108915287e-01,3.433685168876683402e-01,1.526301503141590521e-01,2.554545739041180763e-01
1.199390442728269224e-01,6.503012190622213529e-02,3.088905277304848651e-01,1.358925745465302815e-01,2.094872461011160758e-01,1.607604854428197061e-01
7.616943839912763969e-02,2.036620331866473288e-02,7.558470497468489091e-02,4.016795206462959178e-01,2.013555111229806960e-01,2.248446215382461089e-01
5.388235845357771531e-02,6.711720701960796620e-02,8.467799023991015583e-02,3.816115425173505216e-01,1.399738981626754142e-01,2.727370036068781922e-01
1.311401020113436844e-01,1.194816763145303273e-01,2.566214252644126725e-01,1.897033934884580497e-01,1.885291244982048586e-01,1.145242784230504907e-01
1.407511818773245771e-01,7.867730409591144891e-02,3.141912525505275999e-01,1.278118350536234203e-02,3.873238143322891847e-01,6.627526363858494973e-02
7.657230806961164149e-02,2.435493678381005223e-02,1.347218387089636760e-01,3.156852229522933428e-01,2.981231579698379042e-01,1.505425355154832445e-01
1.847283596996781019e-01,7.463441574346812990e-02,1.354428242894751000e-01,2.288345343738873716e-01,1.255843252382094766e-01,2.507755406552818478e-01
5.530451565715148454e-02,2.725140558334210664e-02,1.950500086977940140e-01,3.409342438946933451e-01,1.994974078866124378e-01,1.819624182804065182e-01
4.210746489609065724e-02,9.334196152307590311e-02,1.371570788849660050e-01,1.481402971620750797e-01,1.659073003146784853e-01,4.133458972191138558e-01
8.784301960693301214e-02,4.147876462037096423e-02,8.632813045190247669e-02,2.590289409592004266e-01,2.179918101651809603e-01,3.073293341964122294e-01
1.347644726664514458e-01,8.836755253410333300e-02,2.220665305728999617e-01,8.667586647096320318e-02,3.048060519780944055e-01,1.633195257774876508e-01
5.325177448597039065e-02,2.668510609641090367e-02,8.277666691786142450e-02,3.914618172915619865e-01,1.531863512310506770e-01,2.926382839771446420e-01
1.729831899768744796e-01,9.219390963210868928e-02,2.129257032434390684e-01,1.112496530788025795e-01,2.574909311162700831e-01,1.531566129525051279e-01
5.670820269141900460e-02,2.733545453464004266e-02,1.929402335136175817e-01,4.302904695338741203e-01,1.888182810020374303e-01,1.039073587244118690e-01
8.919140904291099348e-02,7.200544958725176026e-02,1.307355930218505602e-01,3.306723006510511875e-01,1.655908216639500330e-01,2.118044260329855211e-01
3.547387048249425745e-02,6.626504103990300820e-02,1.680821799058195565e-01,3.394277493941488810e-01,1.374701280685475535e-01,2.532810311090867850e-01
1.877918485832156537e-01,9.600744414050552122e-02,2.281759570721304253e-01,1.547850557839642316e-01,2.011920328417407255e-01,1.320476615784435814e-01
1.447721577834149287e-01,6.651943299792681397e-02,1.975540777673987225e-01,2.701624357470495119e-01,1.584925508726583443e-01,1.624993448315517064e-01
1.305787368816302418e-01,6.033818591455577390e-02,2.190703845586886578e-01,1.446912809989996662e-01,2.387221841036878400e-01,2.065992275424378966e-01
9.730313877079736773e-02,4.362863139767676757e-02,1.992659832377855211e-01,1.894508003970041821e-01,2.112890903106134921e-01,2.590623558861227527e-01
9.695466942543419508e-02,4.541310162183392896e-02,2.046079347075928645e-01,1.123670167469760089e-01,3.273436437382595265e-01,2.133136337599035037e-01
1.189623827803231726e-01,1.271516848471729577e-01,1.677114822360602497e-01,1.887332227952711605e-01,2.591891394443006091e-01,1.382520878968718225e-01
7.294629968844960899e-02,2.298537338367188584e-02,2.250368933554909856e-01,2.144026172231164873e-01,3.197396381685488898e-01,1.448891781807221391e-01
9.897041704686326824e-02,6.240453868016050676e-02,2.519163667953232544e-01,2.397862039385472432e-01,1.480572550092333906e-01,1.988652185298722674e-01
9.506108351420024249e-02,3.769888615901302586e-02,2.676864569069371536e-01,2.162624086546544311e-01,2.187023627631733969e-01,1.645888020020216946e-01
5.243956524863972041e-02,6.227121560943911505e-02,1.369214531157784687e-01,2.723105352558742864e-01,1.721893132689422679e-01,3.038679175013261902e-01
1.132629805145469321e-01,4.637802567983319996e-02,2.298746050979718902e-01,1.820203252971970831e-01,1.633887994689890155e-01,2.650752639414618028e-01
2.766984152614019449e-02,4.780039461267836937e-02,1.349352788646685786e-01,3.456029444792854122e-01,8.659116172317542215e-02,3.574003787940520094e-01
5.135735516836434367e-02,2.732499556603663893e-02,1.760754220183547436e-01,3.345063012557059068e-01,1.825757421949047998e-01,2.281601837966336366e-01
4.876299372878709071e-02,5.424558518313719185e-02,1.736283604128517621e-01,2.461761765429517357e-01,3.073857553768668538e-01,1.698011287554055115e-01
1.680922216043383155e-01,5.540951210850435932e-02,3.278038844068978941e-01,1.120455687526679123e-01,2.045388449700319966e-01,1.321099681575595430e-01
4.158549594817826517e-02,1.954085629980863506e-02,7.913731236105714384e-02,4.278556725897735280e-01,1.322918274282667839e-01,2.995888353729155851e-01
1.139665892332744068e-01,3.615379398583226656e-02,2.561490651671998742e-01,6.323079298834173578e-02,4.123760857668793967e-01,1.181236728584723755e-01
6.281999999999999806e-01,0.000000000000000000e+00,0.000000000000000000e+00,0.000000000000000000e+00,1.794999999999999929e-01,1.922999999999999987e-01
1.339333118346877349e-01,6.302432680998221182e-02,2.419124286627554188e-01,8.159867546868691812e-02,3.272792451930869873e-01,1.522520120308007985e-01
1.461123772176269320e-01,4.723911110013669784e-02,1.824290842236344357e-01,1.342307759125672684e-01,2.847096149342776550e-01,2.052790366117570597e-01
4.445078021374865990e-02,3.229780825484965950e-02,9.649395484804175471e-02,4.510982472390466236e-01,1.041717754534692703e-01,2.714874339908439627e-01
1.432429653088633792e-01,1.170263405480014424e-01,1.708993074218515262e-01,1.540409311405421811e-01,2.835092537845825822e-01,1.312812017961589028e-01
1.495279184069786826e-01,7.535847724662091129e-02,2.522984537153197815e-01,1.693116567838384434e-01,2.188454132921850426e-01,1.346580805550570414e-01
4.145144981208788437e-02,6.859585547020909113e-02,1.151029440128244208e-01,2.356862908880841545e-01,1.960676362910813431e-01,3.430958235257131062e-01
1.527335877862195102e-01,6.684761252794252373e-02,2.481497848620560498e-01,8.075409094407488830e-02,3.090809264619217012e-01,1.424339974177852297e-01
1.188220848504439042e-01,7.284336398428493953e-02,2.549667564590540891e-01,1.161486750280168317e-01,2.908886518272986166e-01,1.463304678509015078e-01
1.434349613867614004e-01,6.534228726177321311e-02,2.283442613263179100e-01,9.979700611385895759e-02,3.109763350297737872e-01,1.521051488815145514e-01
5.892675510830280849e-02,4.196858004201735326e-02,1.396603776402113306e-01,3.493755809792744582e-01,1.445557111164324504e-01,2.655129951137615296e-01
1.519406696368741649e-01,8.157048383674603276e-02,1.308247767429591979e-01,1.714439405888849854e-01,1.953393521727798954e-01,2.688807770217557236e-01
6.484467412707228817e-02,6.044297935460666432e-02,1.790047653372838499e-01,3.031829035096332836e-01,2.009345961759998467e-01,1.915900814954042963e-01
1.398982645385504764e-01,6.459304147646438565e-02,2.119066089498286287e-01,1.291063116636600450e-01,2.742490424899686752e-01,1.802467308815277058e-01
7.698672354586243161e-02,4.135493069271423822e-02,1.912477513787593231e-01,3.294848967972432430e-01,1.967479152275781462e-01,1.641777823578426387e-01
1.413313792211741970e-01,2.104163976390908616e-02,3.039808475185921122e-01,1.983377928880384611e-01,1.859586708142363931e-01,1.493496697940498441e-01
1.020874953988294837e-01,4.727822960427920801e-02,2.579437242035930167e-01,2.530007343374703899e-01,1.718410141463516394e-01,1.678488023094762138e-01
0.000000000000000000e+00,0.000000000000000000e+00,3.309999999999999748e-02,4.966999999999999749e-01,9.270000000000000462e-02,3.775000000000000022e-01
1.230627094175212738e-01,9.204194482749124273e-02,1.950451558579217037e-01,1.798981238591446652e-01,2.251423334895937822e-01,1.848097325483272768e-01
1.013991109536260399e-01,4.546517709226850085e-02,1.980088411087135292e-01,2.750251617626552347e-01,2.201832970893488062e-01,1.599184119933879933e-01
8.286219391978826010e-02,6.333785831830059110e-02,1.760387964663097382e-01,3.345509930582892810e-01,1.825464815186496892e-01,1.606636767186623571e-01
1.641039671963687163e-01,3.770943404578705471e-02,3.137034143007190745e-01,1.235307682158318654e-01,1.810176092347465515e-01,1.799348070065465710e-01
1.883349875029760243e-02,2.107921098552044403e-02,8.413942238911319149e-02,5.105558252928551477e-01,1.260218294031682784e-01,2.393702131790453880e-01
2.790529237807451782e-02,1.846732931178330164e-02,8.947839081444035336e-02,4.972105677075316366e-01,1.119531466570159589e-01,2.549852731311543774e-01
7.271413495432342555e-02,2.038629726572483564e-02,5.404718649009954134e-02,4.783714067221053745e-01,1.520860971305939002e-01,2.223948774371528880e-01
1.173224341782510838e-01,5.788246237532038846e-02,1.661381169069386377e-01,2.797082742953853618e-01,2.102356679564991726e-01,1.687130442876053071e-01
5.342191661976784106e-02,6.656711633780459936e-02,8.407357260151861189e-02,3.842174255680615991e-01,1.389657277172206551e-01,2.727542411556266311e-01
4.201238445968683011e-02,3.385445321638454186e-02,8.376056918820218300e-02,5.119781708246203822e-01,1.209510291642772878e-01,2.074433931468287196e-01
7.407409714014309698e-02,7.543932612386981817e-02,6.286626679471582491e-02,3.981310219982989174e-01,1.568757537721195694e-01,2.326135341708527038e-01
6.776232824758988971e-02,5.432555915448342154e-02,2.024346385974419849e-01,2.426895897563982329e-01,2.166119471302762056e-01,2.161759371138103070e-01
5.967565092773997187e-02,5.189869323443381532e-02,6.856195381898556873e-02,3.579716449311187709e-01,1.400377583598503561e-01,3.218542987278715239e-01
5.759035502184257915e-02,1.106136951380830118e-02,1.328140999889204921e-01,5.003162935195519800e-01,8.962670344272663514e-02,2.085911785131499274e-01
1.378808778473448737e-01,3.343427242653594644e-02,3.100807937539945547e-01,1.288132467198030984e-01,2.104155947994048037e-01,1.793752144529167925e-01
8.194534222326572970e-02,2.101102976417918225e-02,1.360268477279470700e-01,3.207844529097678143e-01,2.731553422518175345e-01,1.670769851230226033e-01
1.022590993299247464e-01,1.183758426414011911e-01,8.423543920811146779e-02,4.191923447610455544e-01,1.101191023394393620e-01,1.658181717200775396e-01
7.128175264710601144e-02,4.780984468669470522e-02,5.997861991019541594e-02,4.674868288710218867e-01,1.194247586576218240e-01,2.340181952273601984e-01
8.467451422988406251e-02,3.256189594832561984e-02,1.507203602728882930e-01,2.609388760479305902e-01,1.844086712401744599e-01,2.866956822607970579e-01
1.074700676859156739e-01,6.408254764558327099e-02,1.712980725574271834e-01,2.774405152019122078e-01,1.499162866656402471e-01,2.297925102435212641e-01
5.100996882576773472e-02,5.778950391284734360e-03,1.075612234696852881e-01,4.788734806571821601e-01,1.003029780931893322e-01,2.564733985628907531e-01
7.432288388700358794e-02,5.084490748129381898e-02,2.090566483074109971e-01,2.209789332932135530e-01,3.017106276423670019e-01,1.430859993887110826e-01
6.749207146100723309e-02,8.726760048653620094e-02,3.538790949697466492e-02,4.034393491055395797e-01,1.192629373376453139e-01,2.871501321122970629e-01
2.141969746005219222e-02,4.274200875890938472e-02,9.949077982889992233e-02,3.381244336108124027e-01,2.347028309533577273e-01,2.635202493879683638e-01
1.030907263888658498e-01,3.725865082406919909e-02,2.658745975111735937e-01,2.072098666085807339e-01,2.009047191477071892e-01,1.856614395196035383e-01
1.613144516210058277e-01,8.254785590706767429e-02,2.346744752863329786e-01,8.029875314054399360e-02,2.923267500006296871e-01,1.488377140444198943e-01
2.991182272685968466e-02,3.958197938616106470e-02,2.580305043520814828e-02,6.241336785195099601e-01,6.799075001075005620e-02,2.125787189215111450e-01
1.641879102709019878e-01,8.575469490661845329e-02,2.264649589347017267e-01,9.982824770599930952e-02,2.827424591501360163e-01,1.410217290316425343e-01
8.520332067950291133e-02,4.113248812578138708e-02,1.281974466133636026e-01,4.258895081344618583e-01,1.288166204021758410e-01,1.907606160447142818e-01
6.685079389198250732e-02,6.884407609739107148e-02,8.920325417130309242e-02,3.742668560856608484e-01,1.451288839767019001e-01,2.557061357769604415e-01
6.126988453491979264e-02,8.603518587606054369e-02,1.243494154693689513e-01,2.449977335588183758e-01,2.321425617710494160e-01,2.512052187897829691e-01
7.622903123300443784e-02,3.278141650504947519e-02,2.787324860387758729e-01,1.586173733252981277e-01,2.591147667263097309e-01,1.945249261715624456e-01
7.278957543223342486e-02,2.040744792659026155e-02,1.042312338854028825e-01,4.012151693623827731e-01,1.696381532379531154e-01,2.317184201554374490e-01
1.211454662614985522e-01,5.790905825375920746e-02,2.025550698522782522e-01,2.159166726311200213e-01,2.384202040833703906e-01,1.640535289179735901e-01
8.113170484330697874e-02,5.632278534270765413e-02,1.480954585681937274e-01,3.878977027201299665e-01,9.833395522979393455e-02,2.282183932958677941e-01
3.690217686625584664e-02,2.373516568726526804e-02,8.280195133266490815e-02,4.157403477869073827e-01,1.508420155987613698e-01,2.899783427281451553e-01
6.627274009786668363e-02,8.268795828861770503e-02,8.728627743188195620e-02,3.067090073873403044e-01,1.638120968996753246e-01,2.932319198946180538e-01
7.758026864237850539e-02,3.713086811907094498e-02,7.668189681510907685e-02,4.066805475480712029e-01,1.806310144045623067e-01,2.212954044708079770e-01
2.991182272685968466e-02,3.958197938616106470e-02,2.580305043520814828e-02,6.241336785195099601e-01,6.799075001075005620e-02,2.125787189215111450e-01
6.774627666470968423e-02,2.048454734932107085e-02,9.900262648416727207e-02,4.284803160886716533e-01,2.073297226714967967e-01,1.769565107416335992e-01
9.423985384883479255e-02,8.391979522198336761e-02,8.514641470737069340e-02,3.060061861755244417e-01,1.597143336034865246e-01,2.709734164428002079e-01
7.018213568824345494e-02,4.367373985341446718e-02,2.566962660996984225e-01,2.296551454532733960e-01,2.596084467952473052e-01,1.401842661101230514e-01
1.237048375806712314e-01,7.751359584009601122e-02,2.099643854372591489e-01,1.934801504580663523e-01,2.420174919040330164e-01,1.533195387798743370e-01
7.169087092741695255e-02,4.207340126352677318e-02,1.412601194151709150e-01,3.074309368515724117e-01,1.073233947934174870e-01,3.302212767488953982e-01
2.329484911316076490e-02,1.625000285286658588e-02,1.292675158055879847e-01,4.910158994436651936e-01,8.427722374721979826e-02,2.558945090374997733e-01
3.290692428606024206e-02,7.362147017649452174e-02,1.746878453366253747e-01,2.725875497581207729e-01,2.093613201901131926e-01,2.368348902525857780e-01
1.620093184676290321e-01,8.972476854235353350e-02,1.861603764345987622e-01,1.423391203659519766e-01,2.588171865024990748e-01,1.609492296869676764e-01
1.016166951787622202e-01,4.311964664365879746e-02,2.110278139780255857e-01,2.453453629195132546e-01,2.479397578980993277e-01,1.509507233819409600e-01
1.129140586261604823e-01,5.196833120399008132e-02,2.040575153647051776e-01,2.520312533083731155e-01,1.952608572949047494e-01,1.837679842018664633e-01
1.535686895096183280e-01,7.939542072499072844e-02,2.546806161927627210e-01,1.579965000988955148e-01,2.390258907700733293e-01,1.153328827036593229e-01
1.038029338182485106e-01,4.782109813204304255e-02,2.286245853012384699e-01,2.560544883620560208e-01,2.216921108021007447e-01,1.420047835843131767e-01
4.039051698941811819e-02,6.599076876407300452e-02,1.301756998199644633e-01,3.609760013475931117e-01,1.922012661268915901e-01,2.102657469520597400e-01
2.726999999999999980e-01,2.172000000000000042e-01,2.172000000000000042e-01,0.000000000000000000e+00,2.172000000000000042e-01,7.580000000000000626e-02
1.447424289149108478e-01,4.193436960183422740e-02,2.361939927801821326e-01,2.036772816068026237e-01,1.980773234459564380e-01,1.753746036503136541e-01
0.000000000000000000e+00,0.000000000000000000e+00,0.000000000000000000e+00,1.000000000000000000e+00,0.000000000000000000e+00,0.000000000000000000e+00
1.297950845333265824e-01,8.138985189352755667e-02,1.275287572575424799e-01,2.597374212676134553e-01,1.583525807812851960e-01,2.431963042667047992e-01
3.006674424493228220e-02,1.621400326522130092e-02,1.254738484415073574e-01,4.282237283568130493e-01,1.517271359272944764e-01,2.482945397642315755e-01
5.061846599435597394e-02,2.720495603814578750e-02,1.540695788744907424e-01,4.009189640539624344e-01,2.303930017487105519e-01,1.367950332903344890e-01
4.649999999999999967e-02,0.000000000000000000e+00,3.952999999999999847e-01,0.000000000000000000e+00,5.000000000000000000e-01,5.809999999999999887e-02
1.032746085462514368e-01,6.424351331997887882e-02,1.779392146558531340e-01,2.402482763696489887e-01,1.470657705213945787e-01,2.672286165868729690e-01
5.827690968753927725e-02,3.677898624665745103e-02,2.671534837286870245e-01,2.187353383652251848e-01,2.765831448319382990e-01,1.424721371399528258e-01
1.300417453537464352e-01,5.400926376528916023e-02,1.264437046039236512e-01,2.407249378225885805e-01,3.002888883264771547e-01,1.484914601279750668e-01
7.624406793101026758e-02,3.405521863121611925e-02,1.251638348673200785e-01,3.927978009027270900e-01,1.645394863054153167e-01,2.071995913623110863e-01
1.365859632475009966e-01,8.521159321513341323e-02,1.586840246614995009e-01,2.880321953183707095e-01,1.380572480513385936e-01,1.934289755061568139e-01
1.013508227034380926e-01,3.355855758572900277e-02,2.795587474733295941e-01,2.459733850317360471e-01,1.504278331074645758e-01,1.891306540983027085e-01
1.987314532072431694e-01,9.121421752961020313e-02,1.375651315445518830e-01,1.912750597648388007e-01,2.140636540861640680e-01,1.671504838675919036e-01
3.718834576622179200e-02,3.141338237714275811e-02,1.520651068934811834e-01,2.875779240404293668e-01,2.622058918438797126e-01,2.295493490788452218e-01
1.228301776771722198e-01,5.430271437397511669e-02,1.106722286716923798e-01,2.428539707386261071e-01,1.830376280778620302e-01,2.863032804606720494e-01
0.000000000000000000e+00,1.474000000000000032e-01,0.000000000000000000e+00,6.320000000000000617e-02,0.000000000000000000e+00,7.894999999999999796e-01
0.000000000000000000e+00,1.653744864986364180e-03,4.005789991693309293e-02,5.904890586828130949e-01,6.198370832689265031e-02,3.058155882083747334e-01
1.693369951834458945e-02,7.898065094678347053e-02,5.791373402351795985e-02,2.850279824283426522e-01,6.083402207565029307e-02,5.003099110073609967e-01
1.713650546221024973e-01,1.086138048105502324e-01,2.520370341042080797e-01,1.039097926216218659e-01,2.857002058365054609e-01,7.837410800501196095e-02
3.967637808377182801e-02,1.436571450754831752e-02,8.091928494876919620e-02,4.065950305106253437e-01,1.165304034029707031e-01,3.419131885463145837e-01
1.664636520094346095e-01,7.179935555227738575e-02,2.623552330943804134e-01,1.513491956737035016e-01,2.047765709026335701e-01,1.432559927675703670e-01
5.183463251628074586e-02,5.528789793478983139e-02,5.010238099719838828e-02,4.147141828243230410e-01,1.162433974050573471e-01,3.118175083223506672e-01
3.644614559701685880e-02,6.109195462575665175e-02,1.988214539356989996e-01,3.314446931870158597e-01,1.677671598300463640e-01,2.044285928244653772e-01
1.015714543977289247e-01,4.554245218011826468e-02,1.983453877048183267e-01,2.665892453103043125e-01,2.205575325969131584e-01,1.673939278101170547e-01
4.401902528264005354e-02,1.433004645337987784e-02,1.443478411196187083e-01,3.945078460945152798e-01,1.113884418618904665e-01,2.914067991879555897e-01
1.291341054113308295e-01,7.464331347272687434e-02,1.082050103799315349e-01,3.193114568085523297e-01,1.598908914637519885e-01,2.088152224637064569e-01
9.105755087510226942e-02,4.461921472164218083e-02,2.195549119933029314e-01,2.469518322436930202e-01,2.665133446529131533e-01,1.313031455133464587e-01
4.469893859497686694e-02,3.298858518966608228e-02,5.721587538469270068e-02,3.969060330236228173e-01,1.264778701908955416e-01,3.417126976161459773e-01
7.513416139611006628e-02,4.340701545928303540e-02,2.478301181810778631e-01,2.737391775759018819e-01,2.086885004539346389e-01,1.512010269336925006e-01
9.506662445517539972e-02,3.678583774311623006e-02,1.693887299746135167e-01,2.048624596674932241e-01,2.231775311959879882e-01,2.707188169636136621e-01
1.019807957694500722e-01,4.572599203349040492e-02,1.991447360410125711e-01,2.643589541444137936e-01,2.214463977162716424e-01,1.673431242953616616e-01
6.460799636870832863e-02,5.884092001172590292e-02,1.772075096869227262e-01,3.247077793028595449e-01,1.543568412424391467e-01,2.202789533873442951e-01
4.276160111592378077e-02,4.800136631521057656e-02,5.245342039290008113e-02,5.651353505572693781e-01,6.043717290371344170e-02,2.312110887149828597e-01
3.921954542100068025e-02,2.295924477836187860e-02,1.885657383437472912e-01,3.407587595579305573e-01,2.386623758725587297e-01,1.698343360264009116e-01
7.128175264710601144e-02,4.780984468669470522e-02,5.997861991019541594e-02,4.674868288710218867e-01,1.194247586576218240e-01,2.340181952273601984e-01
4.124986722359273716e-02,9.624305854913899755e-03,5.971053573618207572e-02,4.694007892268838300e-01,1.458717479333044853e-01,2.741427540251228367e-01
8.749886963787049943e-02,6.035830909779064946e-02,1.555210308616072623e-01,2.355219305746775738e-01,2.557830982769440653e-01,2.053167615511099220e-01
1.043853963613465136e-01,3.776195030686044229e-02,2.197540358924511550e-01,2.298764176759771349e-01,2.503893291727705694e-01,1.578328705905943929e-01
1.420881602416980138e-01,3.746401446959562315e-02,2.987458075275138403e-01,1.643575375538101069e-01,2.031631530674163078e-01,1.541813271399659624e-01
1.307130226972677278e-01,4.436703959172730305e-02,3.067452817705560997e-01,1.202135824203394571e-01,2.059029784318235357e-01,1.920580950882858629e-01
1.189455141517649361e-01,3.371170831095909870e-02,2.249841700902783237e-01,2.013824890305015713e-01,2.330570366286775219e-01,1.879190817878186037e-01
1.161939854489022067e-01,5.527359094377428533e-02,1.489818027988911442e-01,2.283604669021935540e-01,2.382367716331612595e-01,2.129533822730776127e-01
1.415325665609772354e-01,6.534178631429013451e-02,2.144047904120253145e-01,9.120974665838338380e-02,3.279629433388874249e-01,1.595481667154365069e-01
9.835689656213311705e-02,4.091027595800443561e-02,9.898568399763729708e-02,3.670273819065155707e-01,1.359710604187624183e-01,2.587487011569470918e-01
1.554216830803251681e-01,3.440300197322539166e-02,3.088948281540406238e-01,1.606203412696746713e-01,2.031360995679502846e-01,1.375240459547837912e-01
7.504711730300860084e-02,8.564208382116954288e-02,1.210711070456277905e-01,1.805219810580651063e-01,2.690713023781536872e-01,2.686464083939753000e-01
1.011453032274776953e-01,4.540492776632152477e-02,1.610246259156065118e-01,3.380941657533305666e-01,1.490265288609478878e-01,2.053044484763157651e-01
5.639976170406744982e-02,2.730770633400953981e-02,2.040728376183130188e-01,3.340710805618904988e-01,2.225581841613685219e-01,1.555904296203509951e-01
6.883879682918057907e-02,4.640410216035770197e-02,2.656469808406828337e-01,2.531160386609357937e-01,2.112584982430512903e-01,1.547355832657918429e-01
1.509561414150173420e-01,3.770962026443185761e-02,2.864559785576920592e-01,1.654505991545581756e-01,2.118065012123065138e-01,1.476211593959940727e-01
4.238143974219436144e-02,5.781780391342088848e-02,6.945930781180451041e-02,3.774614382139061530e-01,1.476789892012827510e-01,3.052010211173914467e-01
1.153913737020804270e-01,8.147560275901327698e-02,1.360013505164956171e-01,2.895390420064998804e-01,1.538521888901155377e-01,2.237404421257950804e-01
1.211079741268939053e-01,3.485151825796475172e-02,1.937536811412586268e-01,2.381963142603087946e-01,2.380609129261783141e-01,1.740295992873954756e-01
5.469924765359165247e-02,8.178474832801015115e-02,1.395762372734688783e-01,2.490355991486116749e-01,2.736932679545778790e-01,2.012108996417397710e-01
9.812453081920155529e-02,1.599257932871806301e-02,5.288180851138906541e-02,3.549445834392927490e-01,1.321876654950404906e-01,3.458688324063580177e-01
5.062281987840432790e-02,2.679773754234389752e-02,1.560119595467820974e-01,2.859282890073603922e-01,1.999893537487522355e-01,2.806498402763570321e-01
8.555051481686690162e-02,7.978238109040491910e-02,1.024728213453831582e-01,3.361194895244298819e-01,1.230583344235135212e-01,2.730164587994015624e-01
7.984623849475563917e-02,4.902961538345448206e-02,1.743440542160225870e-01,2.670349146395805673e-01,2.010266723123294574e-01,2.287185049538573156e-01
1.087863230355756161e-01,3.810862708553552913e-02,1.682297768722590681e-01,2.950480794859826061e-01,1.881056409452519784e-01,2.017215525753951189e-01
1.237048375806712314e-01,7.751359584009601122e-02,2.099643854372591489e-01,1.934801504580663523e-01,2.420174919040330164e-01,1.533195387798743370e-01
