9.934919479539655596e-02,4.028071019527552921e-02,2.118347763591393040e-01,2.795268495109869411e-01,1.915525596333336189e-01,1.774559095058679536e-01
9.458077442093430764e-02,1.473631210795078167e-02,1.744112829940539511e-01,3.346281241115391936e-01,1.682739630772415174e-01,2.133695432882801724e-01
1.115252317715890312e-01,3.924152138372630216e-02,1.999889640508498989e-01,2.535982373008902613e-01,2.101783795822584622e-01,1.854676659106859749e-01
1.180837577069531741e-01,3.972493252919877954e-02,1.915668462082786849e-01,2.551194626263283971e-01,2.163741524006758399e-01,1.791308485285650065e-01
9.091183330132814044e-02,1.895694578118350612e-02,1.573994111254771733e-01,3.588499325339621349e-01,1.744281362810775893e-01,1.994537409769714942e-01
9.508423692396317239e-02,4.275473720460033766e-02,1.420263482027601665e-01,4.112119652136680958e-01,1.053118241556412760e-01,2.036108882993669655e-01
1.194494363166392764e-01,4.137073367799635332e-02,2.310012683507265407e-01,1.941645760200595705e-01,2.387525960764372290e-01,1.752613895581410508e-01
9.967625920628610248e-02,3.555955821696270974e-02,1.720422673131591362e-01,3.513482275859203807e-01,1.721901910397094504e-01,1.691834966379622551e-01
1.123791704924315960e-01,4.226846441800631571e-02,1.955532952732824403e-01,2.636501321505506090e-01,1.781760772070372922e-01,2.079728604586917606e-01
9.178117094364431072e-02,2.838236201507669809e-02,1.526132081694138443e-01,3.910804217899263580e-01,1.318997780836898837e-01,2.042430589982489053e-01
9.809297951388952497e-02,3.315994354661815774e-02,1.912254051990386616e-01,2.891950909678033255e-01,2.005225926551868210e-01,1.878039881174635717e-01
2.649999999999999925e-02,4.420000000000000318e-02,2.477999999999999925e-01,2.649999999999999925e-02,5.574999999999999956e-01,9.729999999999999760e-02
1.179255864683367572e-01,6.521294726445373002e-02,1.931486065235538396e-01,2.668960954349530734e-01,1.979167522390473943e-01,1.589000120696552054e-01
9.608090098498504872e-02,3.381497433954787357e-02,1.842111739633482403e-01,1.943156973929578979e-01,2.955515860134492745e-01,1.960256673057117482e-01
1.462220354002703171e-01,6.183310660960354699e-02,2.472511750059743774e-01,2.157984388993650360e-01,2.109057229251860011e-01,1.179895211596006105e-01
9.380251009567852627e-02,3.371102062702122787e-02,1.300135726134821201e-01,3.915528075202332481e-01,2.018568675748588226e-01,1.490632215687260342e-01
9.955502117289846686e-02,3.057365367442333934e-02,1.199606542574748608e-01,3.811589566828404441e-01,1.368761655913060538e-01,2.318755486210569150e-01
9.528500536528246301e-02,2.815337119173101296e-02,1.812614406758624730e-01,3.869889949652161043e-01,1.792741939487556835e-01,1.290369938531522598e-01
1.133609749705353359e-01,3.972556620593067217e-02,2.160879023074045169e-01,2.543117918091402085e-01,1.962804548561472295e-01,1.802333098508420162e-01
1.292550679565644123e-01,5.649410569438949314e-02,2.514652120973630556e-01,1.806500863609902807e-01,2.657770738713284842e-01,1.163584540193644407e-01
1.332191443636030204e-01,7.661041787360363398e-02,2.117630791329868367e-01,2.057048084986470571e-01,2.141319421188777328e-01,1.585706080122816775e-01
7.487240003168779690e-02,1.713517623250612396e-02,2.098065501145596201e-01,3.956563026308072550e-01,1.083404750906137165e-01,1.941890958998253869e-01
9.667987721160505032e-02,3.644634975020184797e-02,1.876531268827075771e-01,3.853285081373951648e-01,1.225465886875658494e-01,1.713455493305245658e-01
1.008943449953647459e-01,3.050986107365661129e-02,2.099878770392434035e-01,2.271313337142079336e-01,2.387452776600636761e-01,1.927313055174635081e-01
1.067487203521569200e-01,4.368282444880113718e-02,2.048842560739845831e-01,2.599110888280646292e-01,1.883720645076029931e-01,1.964010457893897998e-01
1.009366031644892275e-01,3.055001958334589013e-02,2.090148775736394571e-01,2.268834787714607559e-01,2.394789996660254550e-01,1.931360212410393185e-01
1.149854013482733972e-01,4.076284961605289997e-02,2.123919113787954560e-01,1.978009029253353923e-01,2.593114175214394357e-01,1.747475172101033980e-01
9.128118001390068958e-02,2.955584555315441883e-02,1.294311058638125400e-01,4.057238894175454469e-01,1.013399372505696949e-01,2.426680419010171230e-01
9.378282359479979402e-02,3.775572122765112615e-02,1.726027996675906506e-01,1.934831590487290087e-01,3.600203293643516878e-01,1.423551670968776495e-01
1.155958881578947189e-01,3.663141447368420400e-02,2.489480263157894668e-01,1.586569078947368538e-01,2.764628289473683442e-01,1.637049342105263150e-01
9.609177609940117160e-02,3.017848651311968652e-02,1.860334785260448209e-01,4.051928747063115455e-01,1.134284421115461239e-01,1.690749420435765649e-01
9.498801142374078965e-02,5.489376631841447196e-02,2.122353231622620406e-01,2.081651240180596163e-01,2.902796880777371302e-01,1.394380869997860484e-01
1.180767747892522146e-01,4.275703769566158857e-02,1.878483902251681381e-01,2.431486475263265890e-01,2.636808951173000293e-01,1.444882546462913919e-01
1.146257995123805551e-01,4.336869928561647158e-02,1.513120327003901755e-01,3.960274526002867113e-01,1.214889495840575651e-01,1.731770663172685631e-01
1.282199088793634367e-01,5.603619614712344182e-02,2.061311108767537592e-01,1.993919154616156930e-01,2.407373894767583511e-01,1.694834791583852696e-01
9.955502117289846686e-02,3.057365367442333934e-02,1.199606542574748608e-01,3.806618716479654996e-01,1.368761655913060538e-01,2.323726336559318040e-01
1.209483326156206018e-01,5.778020841815278280e-02,1.368612737441340932e-01,3.321821816947411188e-01,1.996306983989065975e-01,1.525973051284447990e-01
1.211640601140969442e-01,5.351638604043320452e-02,1.653560409652833074e-01,2.758443750724312027e-01,2.257670786470173940e-01,1.583520591607379402e-01
1.009366031644892275e-01,3.055001958334589013e-02,2.090148775736394571e-01,2.268834787714607559e-01,2.394789996660254550e-01,1.931360212410393185e-01
1.068946075137595514e-01,3.331754234100585410e-02,2.081121155450181837e-01,2.482103750573393386e-01,2.015479176536036920e-01,2.019174418892733247e-01
1.071207036501625465e-01,5.758763347202322525e-02,1.750456392635377501e-01,3.188963735133080735e-01,2.036557115727424816e-01,1.376939385282259232e-01
9.820268542588984906e-02,3.292478174182049411e-02,2.200722554343416681e-01,2.646326482643840405e-01,1.850458187319731496e-01,1.991218104015906876e-01
1.000084299053371345e-01,1.890199656522680363e-02,1.580317989252697231e-01,3.714141910018198822e-01,1.617483954253713663e-01,1.898951881769750938e-01
9.353067501927414540e-02,2.723143775930082777e-02,1.573543942266986406e-01,3.570731251960809760e-01,1.859957463286186496e-01,1.788146214700266634e-01
1.193698958017083422e-01,4.953044757610673698e-02,1.706753667813770414e-01,3.090828423593940943e-01,1.914437912965633037e-01,1.598976561848503841e-01
7.675450176225569188e-02,1.964658763216917819e-02,2.638664530599166835e-01,3.151216597244472784e-01,1.483409804549823963e-01,1.762698173662287371e-01
8.226643081822267167e-02,1.033849966103279547e-02,1.317439537861727072e-01,3.787724711877878958e-01,1.318472024166672807e-01,2.650314421301166457e-01
1.112603689345170038e-01,2.780299452626634055e-02,1.527766419687772159e-01,2.822755563786325528e-01,2.645752341208214009e-01,1.613092040709855624e-01
9.704711076437526340e-02,3.157999255305944664e-02,1.617298179045727480e-01,3.988113264419582138e-01,1.157332576818737718e-01,1.950984946541605147e-01
9.146507637705503235e-02,4.731589077885181571e-02,1.968132044849194018e-01,2.756033519326585579e-01,1.620902596563111031e-01,2.267122167702039504e-01
9.982079693245046736e-02,2.798719992339106233e-02,1.813207859598162108e-01,2.862383715014753527e-01,2.204447108910377595e-01,1.841881347918291889e-01
1.141359179648760852e-01,3.999713275901922716e-02,1.810317946360132102e-01,3.037441421026505495e-01,1.809613831664242944e-01,1.801296293710165919e-01
1.130808425575677845e-01,2.682611421085623338e-02,3.000325793417499276e-01,2.487556428314658674e-01,1.967229076983563474e-01,1.145819133600038259e-01
9.560341316167079995e-02,3.002120274357132634e-02,1.867185557989575195e-01,3.182718599525754533e-01,2.029125849048442898e-01,1.664723834383806111e-01
7.943887687511669293e-02,1.672293967660505240e-02,2.180525665637162713e-01,3.217041559944484042e-01,1.407305028616285258e-01,2.233509580284850637e-01
1.314087900171163059e-01,4.883564079318985368e-02,2.498227669339489476e-01,1.865863358692533280e-01,2.485818754356530769e-01,1.347645909508385087e-01
1.009366031644892275e-01,3.055001958334589013e-02,2.090148775736394571e-01,2.268834787714607559e-01,2.394789996660254550e-01,1.931360212410393185e-01
1.083525718055120129e-01,3.205290193682754085e-02,2.100663894682455179e-01,3.033132883273670921e-01,1.714159672880300744e-01,1.747988811740177062e-01
9.986745571851954328e-02,4.398985143665994774e-02,1.924190674190673911e-01,2.612544155097346610e-01,2.151606013308141052e-01,1.873086085852043448e-01
1.213429402437548876e-01,2.916744777151570114e-02,2.027244519151854829e-01,2.679356825205350123e-01,1.985898732447085313e-01,1.802396043043004714e-01
1.193611715352884128e-01,5.346370691971146644e-02,1.803783243943587467e-01,2.832581762408082904e-01,1.816214024875329458e-01,1.819172184223001310e-01
9.514206155498704243e-02,2.688773214493415595e-02,1.497133652738009135e-01,3.723741677954265361e-01,2.057866340311023390e-01,1.500960391997490095e-01
9.165792261280186759e-02,2.453716038368598806e-02,1.751315536653954841e-01,2.961802115572939598e-01,2.340101671501193525e-01,1.784829846307033063e-01
1.108646271295108537e-01,4.438483821825203041e-02,2.023134191857082764e-01,2.345248319777417378e-01,2.174558338328062557e-01,1.904564496559808529e-01
8.032119515402288967e-02,2.399586057919526547e-02,1.212622909802037324e-01,4.109574319325444147e-01,1.553444627985322568e-01,2.081187585555014652e-01
0.000000000000000000e+00,0.000000000000000000e+00,4.328000000000000180e-01,5.672000000000000375e-01,0.000000000000000000e+00,0.000000000000000000e+00
8.631245017945510245e-02,5.109080619829718672e-02,2.160623459862343332e-01,2.937456899267554267e-01,1.400692155132000349e-01,2.127194921960577911e-01
1.039442181483825334e-01,2.835765935524037912e-02,1.859775340524680021e-01,2.990186607504459748e-01,2.235260081074973704e-01,1.591759195859657749e-01
9.211254869335065709e-02,3.331673584023118334e-02,1.342361537104762581e-01,2.920578133869448090e-01,2.384985876521935888e-01,2.097781607168036078e-01
9.429130764357213090e-02,2.746389999729514225e-02,1.528131890335245879e-01,3.312370619605993771e-01,1.588857353685959317e-01,2.353088059964128786e-01
1.350708643838975376e-01,5.546669106830032919e-02,1.734434999727259008e-01,2.556070004619281355e-01,1.956716479495470007e-01,1.847402961636009644e-01
6.151458205422504627e-02,5.584273879745282887e-02,1.595694324963346789e-01,3.941929598595921291e-01,1.063342435327129382e-01,2.225460432596824689e-01
9.705204985056109512e-02,2.923363221113178811e-02,2.198391699092087925e-01,2.740713171300212525e-01,2.094054399518787968e-01,1.703983909471982749e-01
1.154411081552046969e-01,3.665788878305624443e-02,1.430336394126737465e-01,3.988090636553774382e-01,1.292192884595062263e-01,1.768390115341816060e-01
8.988184680449903818e-02,2.374366199383843093e-02,2.058120851161349130e-01,2.829473453943170957e-01,2.067574148487081875e-01,1.908576458425023381e-01
7.333821575869060860e-02,1.793124760543742327e-02,2.122033291958422552e-01,3.909268767537809053e-01,1.326758982755334437e-01,1.729244324107153952e-01
7.873577793855335294e-02,2.567094515752625997e-02,1.723585233574035092e-01,3.009884283759907131e-01,1.914367331743382084e-01,2.308095919961879738e-01
1.168916679748138038e-01,3.569497497078472081e-02,2.347913359961394941e-01,2.207184344095023676e-01,2.335932185652241921e-01,1.583103680835353522e-01
1.141359179648760852e-01,3.999713275901922716e-02,1.810317946360132102e-01,2.786092982789034056e-01,1.809613831664242944e-01,2.052644731947636803e-01
9.943905933133638519e-02,3.039591434259242275e-02,1.237395114327708157e-01,3.789430966157509295e-01,1.369548735790433458e-01,2.305275446985060317e-01
9.971408532013716075e-02,3.140550356841289442e-02,1.652557406388967809e-01,3.432269556869050331e-01,1.458244784607085620e-01,2.145732363249395480e-01
1.343672762114040964e-01,6.260357790564004266e-02,2.145787241933859724e-01,2.491877777323579513e-01,1.810146472194610057e-01,1.582479967377508345e-01
1.383775734275751457e-01,5.378651932756604165e-02,2.131653788309943176e-01,1.931901333274203270e-01,1.993520741756742987e-01,2.021283209107697654e-01
1.134957361488238559e-01,2.591925784455595405e-02,2.547761546255287723e-01,2.475500193030049367e-01,2.094213762938176848e-01,1.488374557842687129e-01
1.145614337589341281e-01,4.002987685077580987e-02,1.824748249129429234e-01,2.775554797809340335e-01,1.809786627428815464e-01,2.043997219535316490e-01
1.128402564264397029e-01,3.691888272039566682e-02,2.080427934776995780e-01,1.994698356310128373e-01,2.710600582459493646e-01,1.716681734985028573e-01
9.950515759455590137e-02,3.049722578247267626e-02,1.215855624019773623e-01,3.802061371125137756e-01,1.369100100168502976e-01,2.312959070916300319e-01
9.458866809100333062e-02,2.983000312039945853e-02,1.704458484674588326e-01,3.788090958170785005e-01,1.780800120076130866e-01,1.482463724964468432e-01
7.489493670886075705e-02,1.213291139240506300e-03,1.547702531645569479e-01,5.131379746835442734e-01,1.064816455696202535e-01,1.495018987341772410e-01
1.312473270221028998e-01,6.039689837958139851e-02,1.896859998360312383e-01,1.926199439268636571e-01,2.444716681314193785e-01,1.815781627040014556e-01
6.928072690502982967e-02,3.771798555459825175e-02,9.822934040305744685e-02,5.066549964832247621e-01,6.365997169338183381e-02,2.244569789607079591e-01
1.162450906170054560e-01,7.294023239726252217e-02,1.721971981302151400e-01,1.998541697615427715e-01,2.628969482413086589e-01,1.758663608526654931e-01
1.029504227665921368e-01,1.170571384301651897e-02,1.276081959966813562e-01,3.449569204894898933e-01,2.314633977102823204e-01,1.813153491939377970e-01
1.141359179648760852e-01,3.999713275901922716e-02,1.810317946360132102e-01,2.786092982789034056e-01,1.809613831664242944e-01,2.052644731947636803e-01
1.128920035806692812e-01,3.972243681712834401e-02,1.805699640706814602e-01,2.757212228230879192e-01,1.915739003543881769e-01,1.995204723540447700e-01
9.442922442582882270e-02,2.749305024347468984e-02,1.638221608612100699e-01,3.453765928468814361e-01,1.683553797645478411e-01,2.005235918580570431e-01
1.249156212182659653e-01,2.382701770791725501e-02,1.619233366973202304e-01,3.805624205853795905e-01,1.387448418176553122e-01,1.700267619734615598e-01
9.645490578153716188e-02,3.031448059308952669e-02,1.962241185836194890e-01,2.671002885018546880e-01,2.078556219289981188e-01,2.020505846109010573e-01
1.008328489187931831e-01,4.432699497606743672e-02,1.967798314947086236e-01,2.039915327994343275e-01,3.052250317907122534e-01,1.488437600202840994e-01
1.011712496137965878e-01,3.769732693970966053e-02,1.880982520845298767e-01,2.985316037877474571e-01,1.811611187356354513e-01,1.933404488385810638e-01
1.143980505835146821e-01,3.972267793259974533e-02,1.891115600463798008e-01,2.703145201742202519e-01,2.065194205583536224e-01,1.799337707049320223e-01
5.567529123237278249e-02,1.084083384426732209e-02,1.061646229307173367e-01,4.285819742489270223e-01,1.713039239730227148e-01,2.274333537706928754e-01
1.014273919715660971e-01,3.099547365925674550e-02,2.641444076905627436e-01,1.877789240074933808e-01,2.568227198907319653e-01,1.588310827803892655e-01
9.345963243457913738e-02,2.637741566243781421e-02,1.571933589629274375e-01,3.633954407071400272e-01,2.023008400104249482e-01,1.572733122224905800e-01
8.135801625794111813e-02,1.629878667561513242e-02,1.622054630231488659e-01,4.064964158021610041e-01,1.411291543631155998e-01,1.925121638780182276e-01
1.257473344074560018e-01,4.385638958005913524e-02,2.177866728665875384e-01,2.543117918091402085e-01,1.863383696051013338e-01,1.719594417316557267e-01
1.206509898957272703e-01,3.010140059543772728e-02,2.393395770639478726e-01,1.952611818920494957e-01,2.767741754921720920e-01,1.378726750606655560e-01
1.009272619229655416e-01,3.070119680692201536e-02,1.773054624758916009e-01,2.586218570798435312e-01,2.512371362136127106e-01,1.812070855007646419e-01
1.118598278274553492e-01,2.823288642891196715e-02,2.005503939968294180e-01,3.213293177827649116e-01,1.511013693957682091e-01,1.869262045682701656e-01
1.303884940498299672e-01,4.825490251637234995e-02,2.492831188311377677e-01,1.854545234677143217e-01,2.485967955853374822e-01,1.380221655496081112e-01
4.545927063950135766e-02,4.752704667041365849e-02,7.761637271991547737e-02,5.180515643432946904e-01,1.345118777404558374e-01,1.768338678864189439e-01
9.513865966707844846e-02,3.020790491307032144e-02,1.642100688505040984e-01,2.808847932642748457e-01,2.149441007892582134e-01,2.146144725158140865e-01
9.848698054689274117e-02,4.824419171103627030e-02,2.115577200278289105e-01,2.304458200176859040e-01,2.149606209222690023e-01,1.963046667742870954e-01
1.039807735881240203e-01,2.476245757943751347e-02,1.552339272848548557e-01,3.238420236613178127e-01,1.688212366309990164e-01,2.233595812552667537e-01
1.340882739473820695e-01,5.681913617395489141e-02,2.088758724063543848e-01,1.915703318785920428e-01,2.382900786984403219e-01,1.703563068952763659e-01
1.032616863017862541e-01,3.205862508630730190e-02,1.941432909339279589e-01,3.634786854861081218e-01,1.931395048285552418e-01,1.139182073633150383e-01
9.797063782470778748e-02,3.780118406230990880e-02,1.582385389172658863e-01,3.968645043487812329e-01,1.625007901693605039e-01,1.466243446775746528e-01
7.885524583313013869e-02,1.857614379427906595e-02,1.931602901515511450e-01,4.005997601206433001e-01,1.189112711815755730e-01,1.898972889188206836e-01
1.315509053306756493e-01,5.013559293926748289e-02,1.999338178815842360e-01,2.488161215017260508e-01,1.932857059941049671e-01,1.762778563526416209e-01
1.141359179648760852e-01,3.999713275901922716e-02,1.810317946360132102e-01,2.786092982789034056e-01,1.809613831664242944e-01,2.052644731947636803e-01
1.152781902474707132e-01,3.971969619223116726e-02,1.859881598241098222e-01,2.690856412210959614e-01,1.893842864334858989e-01,2.005440260816065412e-01
9.855997204337266226e-02,3.443867114664523471e-02,1.701001564799483612e-01,2.300661020793850209e-01,1.557003203880933384e-01,3.111347778625552785e-01
4.038453571379251733e-02,3.616593817009342710e-02,1.663791252041083579e-01,3.232924775248608440e-01,2.726659736465035233e-01,1.611119497406412471e-01
1.113705548094120062e-01,5.000332588186318789e-02,2.014876034293205387e-01,2.551748105928963728e-01,2.107757077588713612e-01,1.711879975276366095e-01
1.073587420207965520e-01,2.941070122888015531e-02,2.275212754803861148e-01,2.535771294883279459e-01,2.054095417452678762e-01,1.767226100363412933e-01
1.146944393964190317e-01,3.548392602729548428e-02,2.405034593755553673e-01,2.673119883854138679e-01,1.722948747425925020e-01,1.697113120727236635e-01
9.825977198584548433e-02,2.783767221618096283e-02,2.315115022653569943e-01,2.693462106567808267e-01,1.928741776940752495e-01,1.801706651817605587e-01
9.707648155580589355e-02,4.631037541122211276e-02,1.943013292463904862e-01,3.003288494004193177e-01,1.779441713565353689e-01,1.840387930296268348e-01
9.605032724307512038e-02,3.042646708310588199e-02,1.911125763578415404e-01,2.618907052253494627e-01,1.722849480131787292e-01,2.482349760774492653e-01
1.033439170637685117e-01,3.813117880185405706e-02,1.968434129687733902e-01,2.778453324383664547e-01,1.869482506902370167e-01,1.968879080370005419e-01
1.314087900171163059e-01,4.883564079318985368e-02,2.498227669339489476e-01,1.865863358692533280e-01,2.485818754356530769e-01,1.347645909508385087e-01
1.029259759644599731e-01,4.105038967781521331e-02,2.240703484976312720e-01,2.124950589678995527e-01,2.531482486622340655e-01,1.663099782299600760e-01
7.240092267029500650e-02,1.702607063711970153e-02,1.675031712294382247e-01,3.953349771347696162e-01,1.542780026891806266e-01,1.934568556391968175e-01
7.109126714186025930e-02,1.201881631273749767e-03,1.190861248188870014e-01,4.109566839853817655e-01,1.807850663229255972e-01,2.168789760996715221e-01
1.019970984226477029e-01,3.132697117707834017e-02,2.431727322123482526e-01,1.219091455049016032e-01,3.456539768181788319e-01,1.559400758648453178e-01
6.281999999999999806e-01,0.000000000000000000e+00,0.000000000000000000e+00,0.000000000000000000e+00,1.794999999999999929e-01,1.922999999999999987e-01
9.531375000804294395e-02,2.993745804262546925e-02,2.144314065291572924e-01,2.228700667242899114e-01,2.375371852258566507e-01,1.999101334700276733e-01
9.948567142201746039e-02,2.949783164250839584e-02,2.006538502965294346e-01,2.671469032093849449e-01,2.200459433207710425e-01,1.831698001087887495e-01
9.396596095133352700e-02,2.860831832939349229e-02,1.566488604938496287e-01,3.490515684697564347e-01,1.740591485892871992e-01,1.976661431663796764e-01
1.267530208880595644e-01,6.733382851138607073e-02,2.237620246743600438e-01,2.130995126723309874e-01,2.086059530063950340e-01,1.604456602474682581e-01
1.209660406025246243e-01,4.081213196863203024e-02,2.026454949987647747e-01,2.543131731671942064e-01,1.984576158129103818e-01,1.828055434499739895e-01
7.385660929406707986e-02,5.347653996607978910e-02,1.348495731433617395e-01,3.675315764073814884e-01,1.687953462204743738e-01,2.014903549686354323e-01
1.009366031644892275e-01,3.055001958334589013e-02,2.090148775736394571e-01,2.268834787714607559e-01,2.394789996660254550e-01,1.931360212410393185e-01
1.079822647032033789e-01,3.186160999864857957e-02,2.083383377975776829e-01,2.496742508994486687e-01,2.258404134482935310e-01,1.763031231528282006e-01
1.008629532028125775e-01,3.048002902859906632e-02,2.107106768673112918e-01,2.273154545861471865e-01,2.382002268573588932e-01,1.924306594577709084e-01
1.131218826460981125e-01,5.652610482915774309e-02,1.735890195371254663e-01,3.564011032922536071e-01,1.233761070832838230e-01,1.769857826120813382e-01
1.141359179648760852e-01,3.999713275901922716e-02,1.810317946360132102e-01,2.786092982789034056e-01,1.809613831664242944e-01,2.052644731947636803e-01
8.111803472165432516e-02,1.647362111528943157e-02,2.278520527965464670e-01,3.433453336184129068e-01,1.777320047584155793e-01,1.534789529896813387e-01
9.928540899877279224e-02,3.003844390991985622e-02,2.060535331015907190e-01,2.323424293626901171e-01,2.352879319530357671e-01,1.969922526739907864e-01
1.054766195075732549e-01,2.808849023178273605e-02,2.357347065230944172e-01,2.946111036215222079e-01,1.583864513968927523e-01,1.777026287191347531e-01
1.185470084029553312e-01,2.024192556162494883e-02,1.888684578214564758e-01,3.586422010720410891e-01,1.615258467984554691e-01,1.521745603434666583e-01
1.301378297496386394e-01,5.130949419448896376e-02,2.972426611877474478e-01,1.838903577027879155e-01,1.895590886062558378e-01,1.478605685590811680e-01
0.000000000000000000e+00,0.000000000000000000e+00,3.309999999999999748e-02,4.966999999999999749e-01,9.270000000000000462e-02,3.775000000000000022e-01
9.935418233290572998e-02,4.089883664351749021e-02,1.932735751884687991e-01,2.615714791246706028e-01,2.187919038982868991e-01,1.861100228121504718e-01
1.140942165927998908e-01,3.971238963416064138e-02,1.828258487417663558e-01,3.073708798384731655e-01,1.793998581631081890e-01,1.765968070296917436e-01
1.313301901269148531e-01,4.883385938068587201e-02,2.493129110101128532e-01,1.865889779492035938e-01,2.489302983958465165e-01,1.350037631372362490e-01
6.965401342575704147e-02,2.901709214110332127e-02,1.360366280133001315e-01,4.170868654473470216e-01,1.267397607490014233e-01,2.214656402234909671e-01
9.457769843619104333e-02,3.840092162211893728e-02,1.531162462184806894e-01,4.088646698949345848e-01,1.670182941533454035e-01,1.380221696749293347e-01
8.566910252632228828e-02,1.035071910874983854e-02,1.626912401607263081e-01,3.660374708904309826e-01,1.450020904633381735e-01,2.302493768504323690e-01
9.342423831567529813e-02,2.642786891949184397e-02,1.464369364619224068e-01,3.817799786654501037e-01,2.019931376494548125e-01,1.499378399880055834e-01
8.412719999999999920e-02,2.380080000000000043e-02,1.647607999999999850e-01,3.819808000000000092e-01,1.594816000000000011e-01,1.858488000000000084e-01
8.156827031266412897e-02,1.190957627795552302e-02,1.622220642888185516e-01,4.462380368067291325e-01,1.155718212984934989e-01,1.824902310153391771e-01
9.002751500568553777e-02,2.700913427806651487e-02,1.546082319207790767e-01,3.463189790488591102e-01,1.819072525097453485e-01,2.001288872368643668e-01
1.154411081552046969e-01,3.665788878305624443e-02,1.430336394126737465e-01,3.988090636553774382e-01,1.292192884595062263e-01,1.768390115341816060e-01
1.087998848714209765e-01,6.796393756935810437e-02,2.114631953953481358e-01,2.401675505678332601e-01,2.169967981399283097e-01,1.546086334561111997e-01
7.772150130378392696e-02,1.095590552051606791e-02,1.564555771247607419e-01,3.822461264627682320e-01,1.375056093613142572e-01,2.351152802268569320e-01
9.345228115862604101e-02,2.961927882403249737e-02,2.128450652630054785e-01,3.247963970005531276e-01,1.715176630725791795e-01,1.677693146812034852e-01
9.222818054071114935e-02,4.029870848292554236e-02,1.133208977439636722e-01,4.419736401729267850e-01,1.518513787145639449e-01,1.603271943449090242e-01
1.057338051114663641e-01,3.140827662485633220e-02,1.832922439111495660e-01,2.458211318353213937e-01,2.555089265927608100e-01,1.782356159244454785e-01
1.178522685062854125e-01,4.844350473179684369e-02,1.678217889887584080e-01,3.129837051992601094e-01,1.912099443398942999e-01,1.616887882340048710e-01
1.154411081552046969e-01,3.665788878305624443e-02,1.430336394126737465e-01,3.988090636553774382e-01,1.292192884595062263e-01,1.768390115341816060e-01
1.047570600762090104e-01,3.011583011583011255e-02,1.853939045428406596e-01,2.339485557570663565e-01,2.066212108765300148e-01,2.391634386315237837e-01
1.022811716237888718e-01,1.697434247096340360e-02,1.846576114853813178e-01,3.835522658787045014e-01,1.514977752127045774e-01,1.610368333284573072e-01
1.103400488014483205e-01,1.027191774723637020e-02,1.981220087821961851e-01,3.506484708578448406e-01,1.481043953562492799e-01,1.825131584550251373e-01
9.440505009984746787e-02,4.154708584686019751e-02,2.214575563708855444e-01,2.631398670827636010e-01,2.183288679573826274e-01,1.611215726422607353e-01
9.482193786325436580e-02,3.010756129073548920e-02,1.419441033292399845e-01,4.296651559818718269e-01,1.050684608215298604e-01,1.983927807133685772e-01
9.386824611289606990e-02,4.129428931967242533e-02,1.759581537749363156e-01,3.200497335648891384e-01,2.092133209395074245e-01,1.596162562880985847e-01
9.522408670492459037e-02,2.770967455089198839e-02,2.249766925069979495e-01,2.824872927481293927e-01,1.634377475271993618e-01,2.061645059618565923e-01
1.035799760696858585e-01,3.376571080352076121e-02,2.109264431043778310e-01,2.228688119588300431e-01,2.381682880710092320e-01,1.906907699925764199e-01
1.178522685062854125e-01,4.844350473179684369e-02,1.678217889887584080e-01,3.129837051992601094e-01,1.912099443398942999e-01,1.616887882340048710e-01
9.985409153497096235e-02,3.011565884085866743e-02,2.086279359418236612e-01,2.270657043069221614e-01,2.423015749141074204e-01,1.920350344613172000e-01
1.133609749705353359e-01,3.972556620593067217e-02,1.798026520180926457e-01,2.964755215154810108e-01,1.797327186177745950e-01,1.909025666721856362e-01
1.120188302236089090e-01,5.456189792253781506e-02,1.402297902287589770e-01,3.886014896426895349e-01,1.273552623437403386e-01,1.772327296386644879e-01
4.724510190525832432e-02,5.682439990870185448e-02,1.546708528517282688e-01,3.886768417296006528e-01,1.669904792231197421e-01,1.855923243815910950e-01
1.031945515741789221e-01,2.805128115317872400e-02,2.193538103624762536e-01,2.513422203000207911e-01,2.133559834991866633e-01,1.847021531109586667e-01
9.396349017267886794e-02,2.658041260246337550e-02,1.563732022687146783e-01,3.615979416774953159e-01,2.031590575064773085e-01,1.583258957721703497e-01
1.145614337589341281e-01,4.002987685077580987e-02,1.824748249129429234e-01,2.775554797809340335e-01,1.809786627428815464e-01,2.043997219535316490e-01
1.151093090206521535e-01,4.006570943610492097e-02,1.844524442013397436e-01,2.761369300091656709e-01,1.809959726991243467e-01,2.032396346336131088e-01
9.953279337400174065e-02,3.403001290490771658e-02,1.763936627902900067e-01,2.900801295111571920e-01,2.253976561046121818e-01,1.745657453150311345e-01
1.176491984223058396e-01,6.520829256380913930e-02,1.876497324968103286e-01,3.137167667630506029e-01,1.738448584707573408e-01,1.419311512832668321e-01
9.939414472533177058e-02,2.667629809202984315e-02,1.737082567529691368e-01,2.976373750796523221e-01,2.441848367660645891e-01,1.583990885839522689e-01
1.178522685062854125e-01,4.844350473179684369e-02,1.678217889887584080e-01,3.129837051992601094e-01,1.912099443398942999e-01,1.616887882340048710e-01
9.360414389843577099e-02,2.675691887044465839e-02,1.583817231194284414e-01,2.979415911028575614e-01,2.380614577000898791e-01,1.852541653087437235e-01
1.128926888359265274e-01,3.972267793259973839e-02,1.780762872354312576e-01,3.164647837504807604e-01,1.799327896936921412e-01,1.729107725518695959e-01
1.224714119758862213e-01,4.835338647875211254e-02,2.846593854220660913e-01,1.684464215177278179e-01,2.553171808149816147e-01,1.207522137905861492e-01
1.145614337589341281e-01,4.002987685077580987e-02,1.824748249129429234e-01,2.775554797809340335e-01,1.809786627428815464e-01,2.043997219535316490e-01
1.151093090206521535e-01,4.006570943610492097e-02,1.844524442013397436e-01,2.761369300091656709e-01,1.809959726991243467e-01,2.032396346336131088e-01
1.011712496137965878e-01,3.769732693970966053e-02,1.837224100642429192e-01,3.335267175276783180e-01,1.742864559069509378e-01,1.695958399476216460e-01
9.492030553934854842e-02,4.177384661818939887e-02,1.774943054159995315e-01,3.010906566371884807e-01,2.120878912291853935e-01,1.726329945600887372e-01
1.183000753503664487e-01,4.990767510042998928e-02,1.999485349990668126e-01,2.169084184130053439e-01,2.351307230131993997e-01,1.798045731239319156e-01
1.092410250759476842e-01,4.611719111285975808e-02,2.000146090203852589e-01,2.894453666734419506e-01,2.217488263239606183e-01,1.334329817934045703e-01
1.141359179648760852e-01,3.999713275901922716e-02,1.810317946360132102e-01,2.786092982789034056e-01,1.809613831664242944e-01,2.052644731947636803e-01
1.141359179648760852e-01,3.999713275901922716e-02,1.810317946360132102e-01,2.786092982789034056e-01,1.809613831664242944e-01,2.052644731947636803e-01
1.383017053974826549e-01,5.577440474060273851e-02,2.745267323315114805e-01,1.956641688481850494e-01,2.027112016301015063e-01,1.330217870521165913e-01
8.652624999999998512e-02,2.418062499999999726e-02,1.575124999999999997e-01,4.083849999999999425e-01,1.492299999999999738e-01,1.741656250000000461e-01
2.726999999999999980e-01,2.172000000000000042e-01,2.172000000000000042e-01,0.000000000000000000e+00,2.172000000000000042e-01,7.580000000000000626e-02
1.141359179648760852e-01,3.999713275901922716e-02,1.810317946360132102e-01,2.786092982789034056e-01,1.809613831664242944e-01,2.052644731947636803e-01
0.000000000000000000e+00,0.000000000000000000e+00,0.000000000000000000e+00,1.000000000000000000e+00,0.000000000000000000e+00,0.000000000000000000e+00
9.586502982891320634e-02,2.789618540109726694e-02,1.827051823740224457e-01,3.224422679301129357e-01,1.645378294928301066e-01,2.065535049730240214e-01
1.038037906964438539e-01,3.781682934332324109e-02,1.986868975859041320e-01,3.192082820250889408e-01,1.637176197518729059e-01,1.767665805973670234e-01
1.191618077910056861e-01,4.396170200457030081e-02,2.174762497055748589e-01,2.985615524159390133e-01,1.926635454158522609e-01,1.281751426670578453e-01
4.649999999999999967e-02,0.000000000000000000e+00,3.952999999999999847e-01,0.000000000000000000e+00,5.000000000000000000e-01,5.809999999999999887e-02
1.045396547796188236e-01,3.474910732478641434e-02,1.704767927001009653e-01,2.849793720408634323e-01,1.809516004243637566e-01,2.243034727302665732e-01
9.670129755248174641e-02,2.813953461303883921e-02,1.718332681530866657e-01,3.070281570906021607e-01,2.062789916305459437e-01,1.900187509602446756e-01
1.143648415508943805e-01,3.482515316123725030e-02,1.767087698099710502e-01,2.858614111625258358e-01,2.311562073501171877e-01,1.570836169652541359e-01
9.323554347562869327e-02,3.274679577945914521e-02,1.474214351309474369e-01,4.361551787674569081e-01,1.482521880194166419e-01,1.421888588270913967e-01
8.197666776311030024e-02,2.663917800689186502e-02,9.640506946903404373e-02,5.144048166370962516e-01,1.021799521883484524e-01,1.783943159355190211e-01
6.911745820552711583e-02,2.550036526085098024e-02,1.923845744132142155e-01,3.931590958372894740e-01,1.353444083511051443e-01,1.844940979320130181e-01
1.134222708733380464e-01,5.958494953840604708e-02,1.679721755771570735e-01,2.725877217421837639e-01,1.952891427551153580e-01,1.911437395137996487e-01
1.059622428894757273e-01,4.503891272973186560e-02,1.850340306626262754e-01,3.038192956696359470e-01,2.029925153928920922e-01,1.571530026556380022e-01
1.120626834030156727e-01,5.065513976991847800e-02,1.778619369247076976e-01,2.579649613186367207e-01,1.989735333070499768e-01,2.024817452766715375e-01
0.000000000000000000e+00,1.474000000000000032e-01,0.000000000000000000e+00,6.320000000000000617e-02,0.000000000000000000e+00,7.894999999999999796e-01
8.385095836845760098e-02,2.531071910774254641e-02,1.278354107597452494e-01,4.333916656833383674e-01,1.098949522243998639e-01,2.197162938563163581e-01
7.376389563785418213e-02,3.412714648620131241e-02,1.075600255075307293e-01,3.630459011955475268e-01,1.103259880703678919e-01,3.111770431024983852e-01
1.409872194513716037e-01,6.757437655860350223e-02,1.929314214463840327e-01,2.096110349127182360e-01,2.285038029925187397e-01,1.603921446384040106e-01
8.131706406299765710e-02,1.022561675960667431e-02,1.316405091651931536e-01,3.978036600655849853e-01,1.311393441154148076e-01,2.478738058312028036e-01
1.141359179648760852e-01,3.999713275901922716e-02,1.810317946360132102e-01,2.786092982789034056e-01,1.809613831664242944e-01,2.052644731947636803e-01
9.706528476949399797e-02,3.664660018295094052e-02,1.872740757739997930e-01,3.841732687769914834e-01,1.229444461182540166e-01,1.718963243783097616e-01
8.585158762619983508e-02,2.478427374860061108e-02,2.457354009469153167e-01,3.117627379058100501e-01,2.001998425141186533e-01,1.316661572583555651e-01
1.151093090206521535e-01,4.006570943610492097e-02,1.844524442013397436e-01,2.761369300091656709e-01,1.809959726991243467e-01,2.032396346336131088e-01
9.315942469460182507e-02,2.828977038765465024e-02,1.474891664542441194e-01,3.801214239494892233e-01,1.604585384027137629e-01,1.904816761112962664e-01
1.094786175300016262e-01,4.400773823607186802e-02,1.412815718949244903e-01,3.929495040405118766e-01,1.264643859179773733e-01,1.858181823805127864e-01
9.945575914921465921e-02,2.812596716833365082e-02,1.747146675409287919e-01,2.971134791857463764e-01,2.015450642690280458e-01,1.990450626867485695e-01
9.275750221443969379e-02,1.408345237546656734e-02,1.544539678151032602e-01,4.076525851343256734e-01,1.313770742771710187e-01,1.996754181834938247e-01
1.122491815938025661e-01,3.942488979028167806e-02,1.774852682352653643e-01,3.091077646585383421e-01,1.784854375737079668e-01,1.832474581484042631e-01
9.392256209796484567e-02,2.379121165015707015e-02,1.474326662287234191e-01,3.524071701279357649e-01,1.558611763328541788e-01,2.265852135623646069e-01
1.141359179648760852e-01,3.999713275901922716e-02,1.810317946360132102e-01,2.786092982789034056e-01,1.809613831664242944e-01,2.052644731947636803e-01
9.227214705938109607e-02,2.969213075596053783e-02,1.698620528407762398e-01,3.445241360134976838e-01,1.898708680623574507e-01,1.737786652680269883e-01
1.164718275821162302e-01,4.806629888420146934e-02,1.661325095319841905e-01,3.217259141538078571e-01,1.880215139996882501e-01,1.595819358482019890e-01
9.319469791566613315e-02,2.637203059517008452e-02,2.421325622191103089e-01,2.568740552755435780e-01,2.277785957666233485e-01,1.536480582278864915e-01
1.154411081552046969e-01,3.665788878305624443e-02,1.430336394126737465e-01,3.988090636553774382e-01,1.292192884595062263e-01,1.768390115341816060e-01
8.226427489552728956e-02,1.033011551305680620e-02,1.442092008978266005e-01,3.548385919451084169e-01,1.623562473767769798e-01,2.460015693717038654e-01
5.470887901227590444e-02,3.248619709981427628e-02,1.311774758061382828e-01,4.512563250153505678e-01,2.070573775826673180e-01,1.233137454837535812e-01
1.133609749705353359e-01,3.972556620593067217e-02,1.798026520180926457e-01,2.999463908594233175e-01,1.820547790943556898e-01,1.851096368516623458e-01
1.270815788453554251e-01,4.222569171537098043e-02,1.615542829919116297e-01,3.453742473843499083e-01,1.686617500740185682e-01,1.551024489889935853e-01
9.900724254944447134e-02,2.096850552934149611e-02,2.479004088478610202e-01,2.879615543789503795e-01,1.439441141329048934e-01,2.002181745614977360e-01
1.132886922163581361e-01,3.992111822742385602e-02,1.783632133612189363e-01,2.806020069942460338e-01,1.809185341029080074e-01,2.069064350978450928e-01
1.133609749705353636e-01,3.972556620593067911e-02,1.888281344494355252e-01,2.570921536955729225e-01,2.095895277982356975e-01,1.914036428802900480e-01
1.008629532028125775e-01,3.048002902859906632e-02,2.107106768673112918e-01,2.273154545861471865e-01,2.382002268573588932e-01,1.924306594577709084e-01
4.133420982455704440e-02,2.320944626013184478e-02,1.167535922703396567e-01,4.779193979497546874e-01,1.354873518595464121e-01,2.052960018356702887e-01
1.098992392190243222e-01,1.681369586044620390e-02,2.731008630645925250e-01,2.850059068488316472e-01,1.865642356138573488e-01,1.286160593932478002e-01
1.015249641111501677e-01,4.714239633194514112e-02,2.361278315070500788e-01,2.666712747757866708e-01,2.247525221397242423e-01,1.237810111343436575e-01
8.718481519881754460e-02,3.034612493738117131e-02,1.397059229829863969e-01,4.283134541158478137e-01,1.370879607023982594e-01,1.773617220625688384e-01
1.317825675863422974e-01,4.851428388632478966e-02,2.573220589599682362e-01,1.805717156845868532e-01,2.655278345043518562e-01,1.162815393784260160e-01
1.149435047075341443e-01,4.535292666243111864e-02,2.691712174235676436e-01,2.357632072247822230e-01,1.942703361714515908e-01,1.404988078102332727e-01
1.223590687338321908e-01,3.027413670376222221e-02,1.551860275352002771e-01,3.384572648830708741e-01,2.057778780881612812e-01,1.479456240559731961e-01
1.041593294025220107e-01,2.994257856474755522e-02,1.483542846594431142e-01,3.408400056105996834e-01,2.310629542714323359e-01,1.456408474912552486e-01
1.141359179648760852e-01,3.999713275901922716e-02,1.810317946360132102e-01,2.786092982789034056e-01,1.809613831664242944e-01,2.052644731947636803e-01
1.406381099075251773e-01,5.029457720306328844e-02,1.615647902857827722e-01,2.428875138350069796e-01,2.587561341648309532e-01,1.458588746037907946e-01
1.185065599974467199e-01,4.367338579912816848e-02,2.359609671508094420e-01,2.518943272578333392e-01,2.118119848613397582e-01,1.381527749334425514e-01
5.117880492914513024e-02,2.368685877758720457e-02,1.219083665086488077e-01,4.692909448793980420e-01,8.605687377768213298e-02,2.478781511275388594e-01
1.000084299053371345e-01,1.890199656522680363e-02,1.580317989252697231e-01,3.714141910018198822e-01,1.617483954253713663e-01,1.898951881769750938e-01
9.464534070681936140e-02,2.382810984679624433e-02,2.281731861943006034e-01,2.908000160256308253e-01,1.935330220206158414e-01,1.690203252058371797e-01
8.757291234022425430e-02,1.033017583635226222e-02,1.698748947967359813e-01,3.316109074160180636e-01,1.765473182930683838e-01,2.240637913176010687e-01
1.127170940256325415e-01,3.971969619223116033e-02,1.774632816199771257e-01,3.104143476283471870e-01,1.800057094887403952e-01,1.796798710450715209e-01
1.158388932141617145e-01,4.010025325097920507e-02,1.873350426160088067e-01,2.741194462929386066e-01,1.810087420541654224e-01,2.015976225717461545e-01
