1.109517169600051228e-01,4.503814583003198230e-02,2.348867276638507973e-01,2.124547876007202019e-01,2.165150001800044133e-01,1.801536217653874061e-01
1.068035731695029245e-01,1.655242220170577427e-02,1.733207006094769076e-01,3.793853959319445357e-01,1.319310328155511858e-01,1.920068752718185334e-01
1.058048257266398229e-01,3.086104394417780658e-02,2.108914682938844987e-01,2.390758024722175468e-01,2.217011586660000699e-01,1.916657008970804599e-01
1.121912814672639674e-01,3.110672962272135328e-02,1.777060456689125434e-01,2.865600830326485715e-01,2.227726400949609498e-01,1.696632201134926077e-01
1.029566474194091863e-01,1.833329101789709162e-02,1.538761676857094696e-01,3.981064286948469699e-01,1.630204502528825317e-01,1.637070149292547405e-01
1.064248177754481689e-01,4.767946208999927771e-02,1.421519710565276040e-01,4.008065996636911432e-01,1.132571532820877830e-01,1.896799961322461758e-01
1.213551233243213429e-01,3.893591992600009544e-02,2.171798519909993452e-01,2.213879380561439847e-01,2.169576756763353931e-01,1.841834910261997971e-01
1.112849467464681608e-01,3.952285506816501093e-02,1.903358840062192858e-01,2.982139913669287767e-01,1.954638681232194197e-01,1.651784546889994154e-01
1.063441981825051785e-01,3.400740506474713570e-02,1.813828346076882259e-01,2.966455474688582949e-01,1.813232857060002312e-01,2.002967289702009268e-01
6.210076065247403104e-02,3.181715330085525817e-02,1.643298613873739877e-01,4.461089846941494463e-01,7.924513438253255604e-02,2.163981055826146860e-01
9.898139679239023603e-02,3.030769391598514897e-02,1.764982842292311671e-01,3.211683044984231516e-01,1.763972557650690387e-01,1.966470647989012333e-01
2.649999999999999925e-02,4.420000000000000318e-02,2.477999999999999925e-01,2.649999999999999925e-02,5.574999999999999956e-01,9.729999999999999760e-02
1.109525603087860718e-01,6.469142902062358091e-02,2.016534784519879997e-01,2.817638925597184540e-01,1.829035231068097955e-01,1.580351165520741397e-01
9.701745488466759215e-02,3.101687161453184002e-02,1.692344082017908646e-01,2.219195270843390688e-01,2.753072829352480877e-01,2.055044552794225154e-01
1.536867271376424204e-01,6.428642089035715990e-02,2.306186071330164067e-01,2.346640696493076383e-01,1.980964512610441930e-01,1.186477239286321123e-01
1.071964053204506467e-01,3.907933701112817348e-02,1.265052852900266089e-01,4.200472828858393126e-01,1.616568170388581749e-01,1.455148724536969862e-01
9.321093893211639114e-02,1.175532135184809319e-02,1.336928864543557305e-01,3.773597702698686107e-01,1.412327002993235547e-01,2.427483826924877186e-01
9.899381816916226484e-02,3.154243323260325083e-02,1.754266719275039965e-01,4.143782454610226984e-01,1.584868872437085741e-01,1.211719439659991460e-01
1.068416586752514996e-01,3.115089198474600349e-02,2.043202896669231439e-01,2.859780614145983058e-01,2.004899691922278071e-01,1.712191290662531673e-01
1.378870998045842455e-01,5.938771384251648883e-02,2.582145306108896143e-01,1.917351995657989860e-01,2.370610454949121926e-01,1.157144106812986323e-01
1.294147361723304301e-01,7.662455050727194628e-02,1.900949043467469457e-01,2.225915158438298846e-01,2.116904177549333299e-01,1.695838753748875327e-01
8.472194801201098080e-02,1.415106413980271247e-02,2.260873928625273532e-01,4.179756042233846447e-01,8.872705883165180052e-02,1.683369319306226575e-01
8.423108069922330410e-02,1.902422369787266226e-02,2.062716230992047706e-01,4.040239188562615436e-01,1.092123513245765037e-01,1.772368023228613476e-01
1.099684945852399398e-01,3.462886153138271944e-02,2.041065884860520097e-01,2.246439318079773428e-01,2.333373265583991440e-01,1.933147970309489205e-01
1.156405164032292959e-01,3.380291622528599355e-02,2.006824459473160460e-01,2.983668987145240425e-01,1.479376199801150094e-01,2.035696027295295918e-01
1.100180929561690168e-01,3.466267014723060230e-02,2.035652850653685841e-01,2.245031174762207038e-01,2.337163949576436806e-01,1.935344393973674193e-01
1.166712422923513598e-01,3.838653794463353641e-02,1.989784430481288113e-01,2.237050328466547444e-01,2.399470093804833004e-01,1.823117344877482615e-01
1.051894163863709430e-01,3.353905201508836781e-02,1.406947738392109737e-01,3.790219656764762246e-01,1.119750312330099334e-01,2.295797608498434950e-01
6.587388269245504635e-02,4.163099936299748810e-02,1.909696866078199051e-01,1.886089778107481185e-01,3.873418559689913443e-01,1.255745975569880213e-01
1.258268741527131807e-01,4.068089910897940836e-02,2.563592660286839187e-01,1.343414262998941511e-01,2.977029322124924438e-01,1.450886021972369322e-01
1.070878327789723528e-01,3.396474576669575307e-02,1.496922597325646420e-01,4.169789772291383478e-01,1.185888953422031128e-01,1.736872891504257221e-01
1.046979214145003223e-01,5.353696844804444605e-02,2.181735416243251735e-01,2.376287014665603159e-01,2.345834279566367808e-01,1.513794390899328712e-01
1.278862801693576301e-01,4.587321314453848137e-02,1.858894661014888205e-01,2.245267695452736190e-01,2.692507753646978808e-01,1.465734956746434225e-01
1.277149492136884501e-01,4.849595186637365579e-02,1.522772858441374666e-01,3.841979463188426314e-01,1.308545391266534019e-01,1.564593276303043734e-01
1.275866912765361016e-01,6.296476927063197893e-02,1.961356023530211878e-01,1.901519582848954781e-01,2.663436027575708520e-01,1.568173760573442765e-01
9.321093893211636339e-02,1.175532135184809146e-02,1.336928864543557027e-01,3.982123414412078732e-01,1.412327002993235270e-01,2.218958115211483173e-01
1.171125984974708822e-01,4.229037812537377039e-02,1.470652878732449376e-01,3.365971675794102724e-01,2.071488646865007610e-01,1.497857032379994457e-01
1.335030714214415770e-01,5.895241069891391655e-02,1.592400069238766036e-01,3.105212554391679758e-01,1.786578273576811537e-01,1.591254281589187525e-01
1.100180929561690168e-01,3.466267014723060230e-02,2.035652850653685841e-01,2.245031174762207038e-01,2.337163949576436806e-01,1.935344393973674193e-01
1.192199580089354366e-01,3.753237236043401037e-02,2.287875731629261111e-01,1.792440304219440061e-01,2.286461891828949489e-01,2.065698768628654869e-01
1.201628367619547028e-01,6.476111231451021910e-02,1.939343122698622968e-01,2.969020325055938825e-01,1.786816496258152309e-01,1.455580565222636125e-01
1.097794986137118206e-01,3.685628748688433987e-02,2.441485358623489699e-01,2.011418806300331319e-01,2.096680219059773864e-01,1.984057755010444068e-01
1.124496769735132823e-01,2.094440081574248588e-02,1.544351985692840601e-01,3.838153493667882943e-01,1.467923487144127681e-01,1.815630255602591614e-01
1.049875658270340850e-01,3.061733845451483985e-02,1.744249030559466562e-01,2.959195500550346747e-01,2.118611670572428107e-01,1.821894755502269647e-01
1.306473424053769261e-01,5.325951963416875740e-02,1.855238543667199480e-01,2.529348689279906082e-01,2.147103043415225510e-01,1.629241103242211886e-01
8.691100594199432927e-02,2.234760211955469714e-02,2.960921499099331000e-01,2.636381950704539956e-01,1.664845674228917494e-01,1.645264795351721876e-01
9.320616492153184496e-02,1.175119578257960602e-02,1.468298864392958702e-01,3.655093530496765220e-01,1.473672703612136092e-01,2.353361294457025077e-01
1.220956333714120490e-01,3.149745079764618844e-02,1.553378886201149667e-01,3.086145020449136966e-01,2.348098116630492616e-01,1.476447135028637891e-01
1.068473721866434606e-01,3.400673609039753936e-02,1.497149627093054547e-01,4.172669718974213460e-01,1.183725580513979025e-01,1.737913990648343177e-01
1.000631949556679001e-01,3.718692047260650779e-02,1.963327747818179869e-01,3.129766139346840670e-01,1.167063789195439544e-01,2.367341169356794728e-01
1.110123134857471938e-01,3.120917969730737859e-02,1.962691691563786256e-01,2.254891752847732189e-01,2.466808416578513685e-01,1.893393207179420723e-01
1.072566053364249483e-01,3.127187436916343405e-02,1.647897389498039211e-01,3.429247303234966848e-01,1.828789950524233321e-01,1.708780559686876588e-01
1.097505193853157701e-01,3.059950211586619576e-02,2.795473737639751488e-01,2.516073511820729469e-01,2.109704669490047035e-01,1.175247866037652522e-01
1.065453503018513465e-01,3.352178073847631584e-02,2.055803943637961040e-01,2.624463974078515283e-01,2.295984406248947896e-01,1.623076365631298812e-01
9.046502208596145234e-02,1.389143662096378393e-02,2.448831601806957525e-01,3.285494818044035203e-01,1.306579712307134045e-01,1.915529280772620413e-01
1.442335927668803031e-01,5.496587599665277157e-02,2.630893277657649354e-01,2.029287205667174299e-01,2.159819105789517191e-01,1.188005723250327439e-01
1.100180929561690168e-01,3.466267014723060230e-02,2.035652850653685841e-01,2.245031174762207038e-01,2.337163949576436806e-01,1.935344393973674193e-01
1.200888716002958267e-01,3.558607536820000000e-02,2.072525342188589470e-01,2.900275560040482259e-01,1.887537601411107546e-01,1.582912026674863637e-01
9.520241579374461027e-02,4.848268532836735867e-02,1.710825736527734897e-01,2.800183394384461733e-01,2.082383291356435517e-01,1.969756566510248441e-01
1.270198499710671891e-01,3.368776925760329222e-02,1.979846203634785529e-01,2.576751925167833912e-01,2.046197287788267816e-01,1.790128391122408069e-01
1.311070289474148831e-01,5.928854535664998537e-02,1.850747034722336759e-01,3.114860667132032801e-01,1.426269509446026762e-01,1.704167045658954716e-01
1.070709209593145445e-01,3.037280180580315125e-02,1.658479298264984858e-01,3.201902321572560051e-01,2.317094686735989006e-01,1.448086465775287601e-01
9.653875309809012428e-02,2.705074701848127552e-02,1.640991892809791353e-01,3.204444771889723431e-01,2.001751045776013205e-01,1.916917288358756244e-01
1.124001279290971211e-01,4.248226961995399398e-02,1.876863024082616460e-01,2.643312678176206743e-01,1.934092998424565280e-01,1.996907323826101754e-01
4.927501698547648301e-02,2.717874356807169212e-02,1.353999815420130481e-01,4.090596206319080386e-01,1.643912025536186372e-01,2.146954347189122814e-01
0.000000000000000000e+00,0.000000000000000000e+00,4.328000000000000180e-01,5.672000000000000375e-01,0.000000000000000000e+00,0.000000000000000000e+00
9.795056772990275162e-02,5.131916484067024914e-02,2.427157450219967483e-01,2.981017998465775309e-01,1.299378077275035182e-01,1.799749148333491255e-01
1.160891193553752615e-01,3.170680890749223713e-02,2.059750267861568951e-01,2.342504553924480704e-01,2.522639677391939617e-01,1.597146218193335188e-01
6.287662196225314581e-02,3.801356438094554563e-02,1.499460097877179099e-01,2.938663097667891244e-01,2.591305574115596588e-01,1.961669366907346779e-01
1.054751280856656703e-01,3.076487807162410146e-02,1.633551841612158328e-01,2.926653295271854915e-01,1.805075892252236414e-01,2.272318909290852174e-01
1.278837929995864653e-01,4.588452075235330274e-02,1.612623709503200609e-01,2.901144180894882907e-01,1.988361031854390393e-01,1.760187940228128967e-01
6.842497209396340707e-02,5.487968992012919739e-02,1.506570934335488832e-01,4.254955715937764893e-01,7.441932470350420825e-02,2.261233482550777663e-01
1.080653129253554140e-01,3.260343675126462643e-02,2.426633079469049659e-01,2.077816096795574996e-01,2.363076524907517240e-01,1.725786802061660130e-01
1.068473721866434606e-01,3.400673609039753936e-02,1.497149627093054547e-01,4.172669718974213460e-01,1.183725580513979025e-01,1.737913990648343177e-01
1.005801198938922059e-01,2.701315646075244659e-02,1.946551615296786553e-01,3.019929359617282150e-01,1.789600400437983407e-01,1.967985861101501643e-01
7.062640451661410246e-02,1.083654750050839013e-02,1.979121170328292656e-01,4.423003471990302748e-01,1.131632589541307632e-01,1.651613247968870823e-01
7.759194765225548018e-02,2.832973246017170960e-02,1.915763270261905127e-01,2.893692068587475075e-01,2.133689719686432673e-01,1.997638140339915158e-01
1.304800151515076445e-01,3.983708278026574373e-02,2.598604017854181936e-01,1.555880619971671264e-01,2.629608602249228211e-01,1.512735780607185887e-01
1.072572920487544906e-01,3.127207458789708905e-02,1.894148776461350159e-01,2.920141040116510656e-01,1.878037021603010670e-01,1.922379495452613274e-01
9.316891687302326919e-02,1.171900703864657035e-02,1.356584831240958411e-01,3.761940377069659669e-01,1.412610662116159099e-01,2.419984890456524373e-01
9.333581488333855813e-02,1.232195168640622639e-02,1.842777322266060946e-01,3.578626672184818669e-01,1.503584111759423136e-01,2.018434228092249316e-01
1.224255802203530613e-01,3.787649789636118175e-02,2.381459808121996480e-01,2.642541981953034358e-01,1.695854106787363091e-01,1.677123321970463987e-01
1.281411833920829135e-01,4.300355023708177932e-02,2.365797065279297562e-01,1.988845948740028124e-01,1.918373845560472912e-01,2.015535804128554265e-01
1.258947804631495859e-01,2.982777190604289294e-02,2.617599029174370595e-01,2.256931977143062928e-01,2.270296672954696948e-01,1.297946797035945676e-01
1.075342167997448833e-01,3.134293133172795509e-02,1.901068005784724846e-01,2.913845783771291664e-01,1.877779806195471468e-01,1.918534922933783637e-01
1.154856441751256069e-01,3.362933025884086435e-02,1.954527519422027682e-01,2.246439318079773428e-01,2.500334443280292640e-01,1.807548974878242232e-01
9.319267303867952157e-02,1.173953646673091267e-02,1.345472800772332111e-01,3.768530567191906711e-01,1.412450302218060116e-01,2.424224234763596719e-01
1.006787077565493016e-01,2.715586651171536525e-02,1.725895652741622766e-01,3.924040001095849273e-01,1.625977107365580154e-01,1.445741496114300584e-01
6.908963872930706795e-02,0.000000000000000000e+00,1.372593518304284776e-01,5.285510964792063948e-01,1.119809519183916913e-01,1.531189610426663683e-01
1.301044423178484843e-01,6.815392854456672755e-02,1.793266852492902408e-01,1.881079086565696501e-01,2.687756246866291887e-01,1.655314105450956808e-01
6.306385326860917961e-02,2.972049635193267994e-02,9.365327985435924207e-02,5.070781279629077432e-01,5.873552903311297230e-02,2.477487135290781795e-01
1.285407653039608022e-01,8.278714244184007254e-02,1.762650001557089785e-01,2.147189848808396806e-01,2.340198028329100177e-01,1.636683043847405039e-01
1.015524563356024618e-01,1.103761534275735610e-02,1.222797818401477332e-01,3.835588730993359508e-01,1.990897424506401225e-01,1.824815309315162837e-01
1.072572920487544906e-01,3.127207458789708905e-02,1.894148776461350159e-01,2.920141040116510656e-01,1.878037021603010670e-01,1.922379495452613274e-01
1.065217265696073723e-01,3.107014885282914640e-02,1.659004546759897392e-01,3.092098281120287950e-01,1.952395476880682823e-01,1.920582941014766232e-01
1.055026687083264747e-01,3.076755699831276031e-02,1.806924816092884689e-01,2.867876014867833945e-01,1.911148485281888576e-01,2.051348426691001481e-01
1.293298919114408418e-01,1.582134558384446985e-02,1.595716948201063301e-01,4.275134900728931320e-01,1.369431841007509310e-01,1.308203935109641669e-01
1.021844728780240130e-01,2.787719830058826842e-02,1.928574260724532086e-01,2.688390676321658623e-01,2.134568223336747173e-01,1.947850127830939582e-01
1.110608963503461749e-01,3.406147018349187094e-02,1.963628437587073283e-01,2.324526578990715742e-01,2.775962561837974629e-01,1.484658756245855471e-01
1.108161950709580512e-01,4.189962867044400713e-02,1.841543458257099697e-01,3.331015939672262172e-01,1.295742432764105667e-01,2.004539931892511673e-01
1.081957240881207954e-01,3.107035848598073760e-02,1.753947324124446039e-01,3.032002554408448347e-01,2.118522053982141995e-01,1.702867241743947491e-01
4.525098866197256597e-02,1.205006172162991808e-02,1.031042937663049358e-01,4.145286520820562481e-01,1.818170535201310278e-01,2.432489502479052712e-01
1.176171255576341501e-01,3.600351172311146153e-02,2.857839614579992804e-01,1.285885900350821898e-01,2.768413516661153984e-01,1.551654595600576447e-01
1.027509798774357969e-01,3.002773196411954656e-02,1.592669908635241383e-01,3.545155463618808733e-01,2.157681165124822886e-01,1.376706344205573251e-01
7.987550587304126370e-02,9.294602805658837286e-03,1.429503760378360300e-01,4.587775747026167639e-01,1.221058426519723017e-01,1.869960979288747271e-01
1.205534628127282043e-01,3.572374822398342864e-02,2.062008429724083991e-01,2.859780614145984168e-01,1.894839971489744868e-01,1.620598874273072587e-01
1.346630966218594627e-01,3.421298617755397231e-02,2.628571497046773286e-01,1.306127326659335952e-01,3.046013960625827410e-01,1.330526387673929556e-01
1.096722056538581014e-01,3.482592990523909054e-02,1.822129858988982831e-01,2.412607608530111247e-01,2.700833531023180134e-01,1.619447645866753382e-01
1.186938546432534658e-01,2.470259677905273579e-02,1.995490856231909305e-01,3.335855943072738028e-01,1.470339901147466322e-01,1.764348785324824920e-01
1.394909949617981204e-01,5.029825595742331429e-02,2.560912567807416274e-01,1.974742368111477020e-01,2.175936810217664885e-01,1.390515744671228793e-01
5.175173292231356748e-02,5.407978338305570454e-02,7.913843961056382659e-02,5.037403951704928495e-01,1.331234543343980115e-01,1.781661945791760127e-01
1.059312909889257720e-01,3.368999196611701524e-02,1.806216470493450799e-01,2.153809248402204501e-01,2.424845782967811336e-01,2.218915668586105283e-01
1.043840882244629065e-01,4.728481021115277932e-02,2.094549286242300690e-01,2.291632413364073362e-01,2.211475141419933788e-01,1.885654174617535372e-01
1.173574231937477563e-01,2.743027910235022043e-02,1.708084004860486171e-01,3.080910152643340782e-01,1.862860478151004140e-01,1.900268341384189208e-01
1.359894411845285200e-01,5.490128717288392246e-02,1.938946235093078063e-01,2.199600477510148255e-01,2.168744310724065316e-01,1.783801693098582830e-01
1.112408172579077564e-01,3.688714511561481946e-02,2.086289137150359185e-01,3.404793121022274827e-01,2.017207923225266542e-01,1.010430194866874798e-01
1.039484144086025713e-01,3.596985837825186771e-02,1.521621668656972237e-01,4.171814406505208739e-01,1.590890335023309454e-01,1.316490861945965596e-01
8.662942883945289052e-02,1.488838618290365748e-02,1.860943243229559174e-01,4.604994507481251498e-01,7.238640987445774111e-02,1.795020000321047582e-01
1.449801741646978559e-01,5.538809655832653556e-02,1.941657887407010064e-01,2.319187632244678332e-01,2.129821259738162442e-01,1.605650513379905386e-01
1.072572920487544906e-01,3.127207458789708905e-02,1.894148776461350159e-01,2.920141040116510656e-01,1.878037021603010670e-01,1.922379495452613274e-01
1.092547931664644284e-01,3.103990871581966890e-02,1.722509984322259657e-01,3.016538107737404273e-01,1.927879750922099344e-01,1.930125138195396273e-01
1.010982442246933788e-01,2.946704240561636920e-02,1.641358187229383925e-01,2.760819518778515058e-01,1.719364208559359397e-01,2.572805219129644660e-01
4.392914419372466461e-02,3.249887992272215698e-02,1.694909630895527486e-01,3.638075141741428098e-01,2.160926738590376317e-01,1.741808247608200022e-01
1.243531938640871914e-01,5.591017740158243932e-02,2.227807842166833752e-01,1.911967847238002782e-01,2.384286831961958397e-01,1.673303765976511259e-01
1.192497342701718810e-01,3.271606489088671466e-02,2.272647232894217106e-01,2.341499935907476182e-01,2.266090578114400844e-01,1.600104261473319633e-01
1.202923076560904053e-01,3.987533128190461074e-02,2.410484698409890991e-01,2.813230331466842760e-01,1.510108402992407783e-01,1.664500177750908860e-01
1.087625516887762434e-01,3.091900645452040283e-02,2.282530406936625900e-01,2.543208714961543437e-01,2.116166429541254945e-01,1.661278867127609082e-01
1.039243801411211393e-01,5.112356446940747451e-02,2.144217183653212289e-01,2.936622181161533951e-01,1.814434476934802809e-01,1.554246712145165021e-01
1.064306274565709060e-01,3.378038211172322558e-02,1.862094198631612796e-01,2.440388644678729846e-01,1.897186456021358880e-01,2.398220604985356885e-01
1.138979396610018402e-01,4.295882674357671960e-02,2.038655456415874589e-01,3.050982874424643110e-01,1.486711588732360645e-01,1.855082416381335364e-01
1.442335927668803031e-01,5.496587599665277157e-02,2.630893277657649354e-01,2.029287205667174299e-01,2.159819105789517191e-01,1.188005723250327439e-01
1.121209803417779899e-01,4.617149628474045281e-02,2.321967508160497906e-01,1.908385575323696126e-01,2.724310103942437777e-01,1.462412046308183000e-01
6.379176293172496293e-02,1.890299834342892490e-02,1.700445779088009535e-01,3.799719636371415854e-01,1.611725042084447279e-01,2.061161929704588835e-01
6.447513902032575572e-02,0.000000000000000000e+00,9.694397512940687578e-02,4.146164365230153859e-01,1.964147186066337869e-01,2.275497307206181263e-01
1.091360212095019572e-01,3.478654738150269154e-02,2.337585867007206941e-01,1.334066715399460645e-01,3.448732947849563191e-01,1.440388783833723152e-01
6.281999999999999806e-01,0.000000000000000000e+00,0.000000000000000000e+00,0.000000000000000000e+00,1.794999999999999929e-01,1.922999999999999987e-01
1.015442249739229585e-01,2.769888550234923114e-02,2.111649674643172880e-01,2.223816661466335165e-01,2.444449380076589573e-01,1.927653179051180832e-01
1.102446502523489469e-01,3.274938301675141966e-02,1.968024301722833547e-01,2.498744541165368871e-01,2.427443441533327917e-01,1.675847382887465375e-01
1.051290728364339538e-01,3.206932808002253832e-02,1.727033154063382092e-01,2.959541451882763408e-01,1.981282634024555678e-01,1.960158750864734178e-01
1.307084507650456418e-01,7.015603061591292600e-02,2.271073121722074484e-01,1.921762619003544725e-01,2.306520755407562295e-01,1.491998690057231569e-01
1.349181148137907904e-01,4.603037693726644980e-02,1.982604902232602273e-01,2.346262577382402792e-01,2.193468409314132395e-01,1.668179193560291040e-01
6.016864611455904205e-02,5.273824662544841085e-02,9.990066392556445907e-02,4.191331675846708960e-01,1.607370670679455493e-01,2.073222086818117260e-01
1.100180929561690168e-01,3.466267014723060230e-02,2.035652850653685841e-01,2.245031174762207038e-01,2.337163949576436806e-01,1.935344393973674193e-01
1.189272963552366752e-01,3.518596061051249696e-02,2.035052434216451933e-01,2.324444546342346318e-01,2.487368974783822351e-01,1.612001474999887884e-01
1.099319346557679905e-01,3.460394053926565266e-02,2.045055938265985251e-01,2.247477288065728163e-01,2.330579078258514791e-01,1.931528943459435155e-01
1.083623070593146276e-01,4.067960849913796612e-02,1.948706513329853673e-01,3.427265307352310164e-01,1.253263899530252246e-01,1.880345124203058049e-01
1.072572920487544906e-01,3.127207458789708905e-02,1.894148776461350159e-01,2.920141040116510656e-01,1.878037021603010670e-01,1.922379495452613274e-01
8.388745464212374325e-02,1.236546987330660111e-02,2.110683092758526280e-01,3.894604581248218844e-01,1.538866685561198488e-01,1.493316395277752839e-01
1.090346690363259707e-01,3.434489984357286946e-02,2.020217605732107236e-01,2.274773817606499937e-01,2.315078963002118739e-01,1.956133924860285478e-01
1.155482941467109448e-01,3.165652847675108628e-02,2.305283184807046248e-01,2.653787516070202912e-01,1.714282561738216526e-01,1.854598511149914142e-01
1.313824859221700003e-01,2.163172141345951274e-02,1.745847325303533093e-01,3.729239595988630418e-01,1.575518949720756956e-01,1.419252055630784715e-01
1.321071378860073087e-01,5.200267427968870843e-02,2.834905442129619368e-01,2.008695778483859384e-01,1.823518406031886530e-01,1.491782251697675865e-01
0.000000000000000000e+00,0.000000000000000000e+00,3.309999999999999748e-02,4.966999999999999749e-01,9.270000000000000462e-02,3.775000000000000022e-01
9.654657127724949883e-02,4.680335006601860776e-02,1.834445692803949590e-01,2.593793613314441804e-01,2.388757350308305938e-01,1.749504130140619729e-01
1.073493220262766723e-01,3.127475478899240796e-02,1.659005596695969365e-01,3.452993258462375148e-01,1.819597798460216298e-01,1.682162578228749150e-01
1.442533948743109085e-01,5.499427222062368975e-02,2.628961295943759158e-01,2.030059886797591084e-01,2.160042770375441845e-01,1.188459375933861167e-01
7.819777488808689336e-02,3.259133909757958025e-02,1.488313752527506695e-01,4.214277958132773838e-01,1.415669068718633794e-01,1.773848080764421353e-01
9.788946527298819644e-02,4.319835934820275697e-02,1.424971944891032238e-01,4.408712372761711684e-01,1.443541644360366027e-01,1.311895791774980446e-01
9.707682874440268228e-02,1.175871451045593097e-02,1.824451516226406611e-01,3.507673062276763232e-01,1.623345826550237625e-01,1.956174162398007510e-01
1.028172212241464240e-01,3.009195239476636363e-02,1.486423865995806504e-01,4.171800754957306623e-01,1.646827482752188099e-01,1.365856160105571315e-01
7.959488518912363753e-02,2.721028691807320099e-02,1.503086641152728553e-01,3.944746180279746772e-01,1.730895693339949970e-01,1.753219764155605764e-01
7.998578961367464046e-02,9.318442151501857632e-03,1.359201493148485540e-01,4.733371971522113975e-01,1.172701632146637418e-01,1.841682585530997063e-01
1.011716809749755031e-01,3.045410487267622215e-02,1.710523588922741034e-01,3.333171087315351389e-01,1.554133674742400606e-01,2.085913790542989199e-01
1.068473721866434606e-01,3.400673609039753936e-02,1.497149627093054547e-01,4.172669718974213460e-01,1.183725580513979025e-01,1.737913990648343177e-01
1.032364003005509095e-01,1.866826299343114781e-02,2.356201950892572450e-01,2.634456923800432837e-01,2.055053529754646002e-01,1.735240962612528692e-01
9.071689140641249482e-02,1.201434501421906609e-02,1.769302278795037431e-01,3.827292141573009898e-01,1.363018281536692022e-01,2.013074933888945039e-01
1.015791780865564348e-01,3.328584891794102857e-02,2.211555005488741454e-01,3.582561297361876451e-01,1.296589914303119540e-01,1.560643512801288546e-01
8.896781749428303576e-02,4.695273442483587772e-02,1.110940394288468802e-01,4.318881586676382445e-01,1.600381842480203820e-01,1.610590657363756006e-01
1.139200467379748727e-01,3.563294815164468748e-02,1.879898281111238023e-01,2.290654883853458501e-01,2.742959249255892407e-01,1.590957636883214843e-01
1.300514001264136965e-01,5.277265199256842010e-02,1.843453200301191086e-01,2.538998082974296966e-01,2.150406348208444562e-01,1.638901847326244554e-01
1.068473721866434606e-01,3.400673609039753936e-02,1.497149627093054547e-01,4.172669718974213460e-01,1.183725580513979025e-01,1.737913990648343177e-01
1.121459381147516254e-01,2.777855594373673798e-02,1.821372051936855085e-01,2.283592050631861048e-01,2.127949243196214368e-01,2.367841713650185309e-01
1.084766000193783109e-01,1.256301324180989290e-02,1.801120205920188067e-01,4.036781979762513184e-01,1.474783209643120430e-01,1.476918472062296317e-01
1.146491633457817488e-01,8.101732503209122319e-03,2.224083644827967166e-01,3.775550008495672794e-01,1.142738461382350607e-01,1.630118926804100254e-01
1.055283925488480906e-01,4.650816981025412272e-02,2.456992537979596769e-01,1.994708483718319603e-01,2.469253571348299925e-01,1.558679783362761917e-01
1.062451246626401336e-01,3.387565864346337580e-02,1.421068230954241896e-01,4.207674070081807716e-01,1.130988417005381746e-01,1.839061448897533202e-01
1.051414737700707008e-01,4.632958591844573565e-02,1.949156728194425814e-01,2.610494729203988729e-01,2.374672489384248852e-01,1.550965456332173420e-01
1.059370273856936329e-01,3.088713651767025642e-02,2.233072086928740985e-01,2.668057297909209868e-01,1.806290348866495254e-01,1.924338627261914791e-01
1.113182522653059087e-01,3.633450524717998786e-02,2.046694603363873599e-01,2.223816661466335165e-01,2.330821682580524468e-01,1.922139477464409052e-01
1.300514001264136965e-01,5.277265199256842010e-02,1.843453200301191086e-01,2.538998082974296966e-01,2.150406348208444562e-01,1.638901847326244554e-01
1.093598187522681064e-01,3.439491548616369770e-02,2.033971573215753448e-01,2.246205070515807367e-01,2.352944005526342308e-01,1.929332008357778350e-01
1.068416586752515135e-01,3.115089198474600696e-02,1.641522122281779406e-01,3.326536650399506967e-01,1.821714859143359067e-01,1.830300861575379912e-01
1.272137145375753509e-01,6.083179598720538789e-02,1.517426791146210818e-01,3.590173915055303588e-01,1.396943065320327693e-01,1.615001123230351276e-01
5.194748283440263348e-02,5.478828056833946053e-02,1.563778174038477908e-01,3.923637321179620496e-01,1.510213757994154637e-01,1.935013112760325671e-01
1.140449702096751339e-01,3.106957712674371722e-02,2.167615638926600752e-01,2.331724851869198811e-01,2.351544333711063917e-01,1.697969702128949154e-01
1.031631638850857846e-01,3.019320090119712377e-02,1.588785872686805378e-01,3.534205643015017051e-01,2.165033127399339508e-01,1.378411709036008737e-01
1.075342167997448833e-01,3.134293133172795509e-02,1.901068005784724846e-01,2.913845783771291664e-01,1.877779806195471468e-01,1.918534922933783637e-01
1.078935586137822755e-01,3.143331066526770801e-02,1.910466796541914203e-01,2.905447378192617669e-01,1.877420189254137561e-01,1.913396943220831703e-01
1.096825225749198107e-01,3.776348950191059373e-02,1.729261818461881872e-01,3.238258378915327418e-01,1.772735373577158657e-01,1.785284308277329257e-01
1.144335462871479275e-01,4.954686275625010128e-02,2.130391761930924832e-01,2.990791201049328718e-01,1.774150417309901251e-01,1.464862529275866299e-01
1.092074167061184709e-01,3.026366890446008373e-02,1.791301807505644161e-01,3.241582359729014984e-01,2.111510255017612359e-01,1.460894721641941840e-01
1.300514001264136965e-01,5.277265199256842010e-02,1.843453200301191086e-01,2.538998082974296966e-01,2.150406348208444562e-01,1.638901847326244554e-01
1.015881736249292788e-01,3.030732311793393058e-02,1.607504808081726688e-01,3.277139078799325977e-01,2.045532759734131900e-01,1.750868385956183826e-01
1.065224452814925310e-01,3.107035848598074107e-02,1.631285192251454019e-01,3.544983956295336136e-01,1.822999426037308912e-01,1.624803387741168836e-01
1.111570174227612395e-01,3.488679661142136956e-02,2.924702587650769292e-01,1.916285217712390132e-01,2.414524924307583642e-01,1.284049129987430704e-01
1.075342167997448833e-01,3.134293133172795509e-02,1.901068005784724846e-01,2.913845783771291664e-01,1.877779806195471468e-01,1.918534922933783637e-01
1.078935586137822755e-01,3.143331066526770801e-02,1.910466796541914203e-01,2.905447378192617669e-01,1.877420189254137561e-01,1.913396943220831703e-01
1.108161950709580512e-01,4.189962867044400713e-02,1.791873400969876406e-01,3.728244472187083325e-01,1.217708332138892763e-01,1.735015557290127686e-01
1.058576756135171937e-01,4.665329049595188377e-02,1.960176033468078727e-01,2.371760638269971022e-01,2.393950726327019884e-01,1.749002940840240217e-01
1.202719545347576968e-01,4.843465452116397368e-02,1.852487045099748542e-01,2.456106959505878207e-01,2.123246287654300679e-01,1.881093617180857047e-01
1.208763084417807665e-01,5.223653063779405692e-02,2.182477284262278883e-01,2.673165131555098051e-01,2.005055608509179188e-01,1.408173584877696616e-01
1.072572920487544906e-01,3.127207458789708905e-02,1.894148776461350159e-01,2.920141040116510656e-01,1.878037021603010670e-01,1.922379495452613274e-01
1.072572920487544906e-01,3.127207458789708905e-02,1.894148776461350159e-01,2.920141040116510656e-01,1.878037021603010670e-01,1.922379495452613274e-01
1.363590027875440647e-01,5.318962672291244892e-02,2.620983031650143680e-01,2.019903808871735817e-01,2.110470006192304016e-01,1.353156858181249755e-01
8.246312259488361440e-02,2.717614665260083967e-02,1.311095995481509069e-01,4.431042752128638296e-01,1.413287178382940101e-01,1.748181381532067646e-01
2.726999999999999980e-01,2.172000000000000042e-01,2.172000000000000042e-01,0.000000000000000000e+00,2.172000000000000042e-01,7.580000000000000626e-02
1.072572920487544906e-01,3.127207458789708905e-02,1.894148776461350159e-01,2.920141040116510656e-01,1.878037021603010670e-01,1.922379495452613274e-01
0.000000000000000000e+00,0.000000000000000000e+00,0.000000000000000000e+00,1.000000000000000000e+00,0.000000000000000000e+00,0.000000000000000000e+00
1.063449636503156770e-01,3.100607494181553334e-02,1.734663167043536403e-01,3.278367093018438871e-01,1.813245908748846169e-01,1.800213445267866419e-01
1.075132623619523969e-01,4.213488462487856995e-02,1.938763874440695145e-01,3.407603851782090021e-01,1.411026081393217391e-01,1.746124722515688399e-01
1.080267284466003841e-01,3.016934396115393199e-02,2.171081460932152984e-01,3.370826466069914984e-01,1.712184165950111081e-01,1.363947182970276784e-01
4.649999999999999967e-02,0.000000000000000000e+00,3.952999999999999847e-01,0.000000000000000000e+00,5.000000000000000000e-01,5.809999999999999887e-02
1.164158659378411037e-01,3.875463519412777197e-02,1.876106257487118456e-01,2.199479249368158085e-01,2.045735793555680249e-01,2.326973688269355356e-01
1.068409359411679055e-01,3.115068126346320909e-02,1.641511018148789636e-01,2.946144374324057846e-01,2.267891230148593174e-01,1.764537205332249170e-01
1.249745970454370358e-01,3.910401668928314284e-02,1.807179957741818221e-01,2.721263312941772927e-01,2.477955346639698908e-01,1.352815245329507532e-01
9.915518242977190699e-02,2.891645078211500103e-02,1.520633136142981734e-01,3.995882218871675273e-01,1.694106743545579219e-01,1.508661569320894902e-01
9.335938152422439129e-02,2.847619417374801926e-02,1.041118500477738601e-01,4.907453098176004502e-01,1.149618475871431456e-01,1.683454168495101544e-01
7.825844871537093739e-02,2.899840415020044776e-02,2.162412755742023629e-01,3.359735840235615334e-01,1.529317540924928498e-01,1.875965334441719312e-01
1.242049553841955284e-01,6.629634079300940341e-02,1.712150674387845350e-01,2.575754908402636545e-01,2.082987356955818825e-01,1.724094098481649961e-01
1.186198290734975236e-01,5.065761475365811173e-02,2.037766719323506892e-01,3.008532320970410123e-01,1.775084928875967638e-01,1.485841592558559132e-01
1.234138343849607300e-01,5.478087992806523338e-02,1.731261414907907803e-01,2.413836298797762125e-01,2.176123040133986219e-01,1.896832103030085259e-01
0.000000000000000000e+00,1.474000000000000032e-01,0.000000000000000000e+00,6.320000000000000617e-02,0.000000000000000000e+00,7.894999999999999796e-01
8.965515323763725841e-02,2.918579874167494953e-02,1.391517682789035759e-01,4.187168313098690864e-01,1.093470623828636940e-01,2.139433860490513317e-01
7.801266901294612310e-02,2.893490271458218008e-02,1.266676167276611642e-01,4.001445964720808379e-01,8.063530526140598453e-02,2.856049098113238038e-01
1.174900420139679130e-01,7.561080565686192911e-02,2.145426121322185076e-01,2.025303062103289975e-01,2.477772360914629046e-01,1.420489978951596788e-01
9.261018863218173358e-02,1.167955757445396023e-02,1.470612873693221967e-01,3.860451703732619144e-01,1.469458011214336557e-01,2.156579949293467025e-01
1.072572920487544906e-01,3.127207458789708905e-02,1.894148776461350159e-01,2.920141040116510656e-01,1.878037021603010670e-01,1.922379495452613274e-01
8.440177213723135119e-02,1.908050530379043139e-02,2.061226068004224643e-01,4.034571966092942996e-01,1.093871268111059197e-01,1.775507923381555442e-01
7.820674502284956364e-02,6.523564746775661199e-03,2.360155108504987942e-01,3.361288357246006719e-01,2.014048438923406736e-01,1.417204997629346042e-01
1.078935586137822755e-01,3.143331066526770801e-02,1.910466796541914203e-01,2.905447378192617669e-01,1.877420189254137561e-01,1.913396943220831703e-01
1.045554935023073340e-01,3.172562184502634997e-02,1.625019068578398285e-01,3.281192082848204961e-01,1.838316500659835928e-01,1.892661194440223571e-01
1.243718352992740639e-01,4.936142456993825728e-02,1.529120250445585305e-01,3.636825056645144327e-01,1.386942664677483505e-01,1.709779429539663165e-01
1.053158981079387324e-01,3.103041223960105455e-02,1.645292093606415817e-01,3.189902657578968515e-01,1.655201073592498795e-01,2.146141071746717754e-01
1.058413326379990388e-01,1.611540222221977126e-02,1.738450403384878828e-01,4.193557017159891820e-01,1.240546868793726137e-01,1.607878362059313726e-01
1.062310889913625767e-01,3.097998491934478293e-02,1.874609248200684863e-01,2.963661683053922524e-01,1.864080884507862135e-01,1.925537445130456327e-01
8.853093173591634890e-02,2.702955993105468288e-02,1.190080081752004915e-01,3.819179650474157084e-01,1.411482255010750309e-01,2.423653096093378312e-01
1.072572920487544906e-01,3.127207458789708905e-02,1.894148776461350159e-01,2.920141040116510656e-01,1.878037021603010670e-01,1.922379495452613274e-01
8.602880311036976979e-02,3.317348750463128965e-02,1.431851908529650219e-01,3.777159351011801225e-01,1.767628078665495206e-01,1.831337755643043796e-01
1.290596327285185030e-01,5.247243726792651802e-02,1.830752151406765116e-01,2.666850335851193576e-01,2.128369822382619458e-01,1.558706990394971847e-01
1.002293941002726368e-01,3.034684624645997073e-02,2.398303577054126667e-01,2.431352916603907732e-01,2.343925249344046835e-01,1.520655853530594459e-01
1.068473721866434606e-01,3.400673609039753936e-02,1.497149627093054547e-01,4.172669718974213460e-01,1.183725580513979025e-01,1.737913990648343177e-01
9.320023552013254053e-02,1.174607175619539826e-02,1.606869432988499713e-01,3.384847370919009668e-01,1.820424188290924450e-01,2.138395935038285844e-01
6.000886675288720495e-02,3.524963571172239074e-02,1.236002868618603229e-01,4.674682037063926932e-01,2.054879869495459810e-01,1.081850200175913379e-01
1.068416586752515135e-01,3.115089198474600696e-02,1.641522122281779406e-01,3.364959466137478206e-01,1.847420264038480697e-01,1.766172640942287042e-01
1.373685342252873032e-01,4.162528927063145062e-02,1.557697902580759686e-01,3.575813429777256469e-01,1.667741159188760314e-01,1.408809273494035508e-01
1.043396365627338174e-01,2.128455857514034363e-02,2.546584361141440156e-01,3.062685370257568485e-01,1.516873018113943650e-01,1.617615299108305926e-01
1.067104771524814144e-01,3.112943918218150779e-02,1.881216842865195971e-01,2.932172461032683808e-01,1.878499972837368859e-01,1.929711559918123043e-01
1.068416586752514996e-01,3.115089198474600349e-02,1.741434972360975386e-01,2.890559454217773716e-01,2.152232249452737944e-01,1.835847817368537471e-01
1.099319346557679905e-01,3.460394053926565266e-02,2.045055938265985251e-01,2.247477288065728163e-01,2.330579078258514791e-01,1.931528943459435155e-01
4.692407533839864503e-02,2.667089338654938038e-02,1.311714026147028922e-01,4.811730385269873955e-01,9.666654791629858412e-02,2.173940422170629883e-01
1.093348490089391112e-01,1.378026590033793082e-02,2.264306384897163127e-01,3.372768683577805904e-01,1.844884800775369871e-01,1.286888981656892084e-01
1.098223972360443668e-01,5.125774887151085535e-02,2.434082121394317011e-01,2.671004333960058097e-01,1.977852945885637814e-01,1.306259137684435134e-01
9.772873237858945017e-02,2.847192775219670527e-02,1.510326389712979556e-01,3.849715703176317394e-01,1.656526403015950166e-01,1.721424902786890532e-01
1.406476047152811215e-01,5.042857298056344778e-02,2.643506887458064725e-01,1.916272500837939152e-01,2.372302594369073703e-01,1.157156240376476936e-01
1.240495526720770819e-01,5.116503174173635954e-02,2.958192497263126830e-01,1.941420541791165078e-01,2.044097204310244553e-01,1.304143912497330027e-01
1.320908977405776952e-01,2.785956184045557463e-02,1.483760344527756958e-01,3.491221998360291567e-01,2.098816791444538810e-01,1.326696269857081112e-01
1.143460646669545444e-01,3.390183547438506417e-02,1.497400318058246527e-01,3.308948111748551968e-01,2.472898939915256500e-01,1.238273628864548087e-01
1.072572920487544906e-01,3.127207458789708905e-02,1.894148776461350159e-01,2.920141040116510656e-01,1.878037021603010670e-01,1.922379495452613274e-01
1.348607797437461342e-01,4.452805454117107764e-02,1.842581410297671196e-01,2.232958402384505603e-01,2.656844507722329607e-01,1.473727336746321614e-01
1.033324338382004132e-01,3.035749357510030000e-02,2.580841833652691708e-01,2.657061726904935695e-01,2.026173370093389825e-01,1.399023795215975363e-01
5.626091503974765817e-02,1.816361170985907394e-02,1.176505079079448873e-01,4.651210620692879938e-01,6.405689054532770488e-02,2.787470127278326437e-01
1.124496769735132823e-01,2.094440081574248588e-02,1.544351985692840601e-01,3.838153493667882943e-01,1.467923487144127681e-01,1.815630255602591614e-01
9.499569598796314684e-02,1.735989621296358393e-02,2.157760743358500544e-01,3.298469223042193588e-01,1.850343483251727650e-01,1.569870628338310425e-01
9.923660910222015241e-02,1.174614975004380051e-02,1.898707847936726700e-01,3.120730876779584939e-01,1.981788135097701520e-01,1.888945551663346600e-01
1.064035702811676337e-01,3.103990871581966890e-02,1.627604031071718527e-01,3.476643247572768214e-01,1.823469721387235565e-01,1.697848209998404634e-01
1.083780900355081761e-01,3.155199543363696596e-02,1.923994139862629793e-01,2.893656510335945731e-01,1.876882752174815761e-01,1.906165742935156948e-01
