1.442104824837995847e-01,6.553279527215299938e-02,2.799527110339870006e-01,2.064506967229786105e-01,1.547251539474897852e-01,1.491281605395919363e-01
1.073468525441257232e-01,9.338553334933843986e-03,1.492111910043776302e-01,4.869764854197560222e-01,9.599338875410981520e-02,1.511335289426969652e-01
1.459461925601910626e-01,4.422294809491377626e-02,2.506115312324615485e-01,1.941515754339553645e-01,1.872693687516893135e-01,1.777983839267889832e-01
1.601944139629373487e-01,4.577328171858812550e-02,2.382200883835359495e-01,1.870094510865400739e-01,2.292663199481726477e-01,1.395364449002258478e-01
1.016102657547319765e-01,9.979293817086370977e-03,1.332894245038930281e-01,4.441365109031708003e-01,1.487669952411729279e-01,1.622175097799447574e-01
5.910941227685950761e-02,5.809094699717132215e-02,1.100182578747893047e-01,4.849144430033537900e-01,9.366937756118051683e-02,1.941975622866454199e-01
9.271639025784714216e-02,5.759987036833588703e-02,2.554319463474803431e-01,2.510635355523135326e-01,1.622530890224388456e-01,1.809351684515842218e-01
1.447869341412383881e-01,5.731355969045109217e-02,2.089730100948327396e-01,3.240892608993413693e-01,1.253731807779165097e-01,1.394640543962197554e-01
1.509664133810089126e-01,4.982044550985011144e-02,2.427718885314953667e-01,2.031576090775019938e-01,1.684539414650819689e-01,1.848297020350616604e-01
6.623312947860680866e-02,1.461668073583948131e-02,1.918205653906463193e-01,4.099894125102274134e-01,4.431250662191688061e-02,2.730277052627630985e-01
5.933893599268658808e-02,4.493862431498785170e-02,1.953824954619577947e-01,3.992227528509410539e-01,1.017247164718581703e-01,1.993924749075686176e-01
2.649999999999999925e-02,4.420000000000000318e-02,2.477999999999999925e-01,2.649999999999999925e-02,5.574999999999999956e-01,9.729999999999999760e-02
8.094846442576285328e-02,4.609750983422684217e-02,1.501999608127106978e-01,3.590572141025933917e-01,1.940121840149087173e-01,1.696846668097976019e-01
5.658631304319534927e-02,4.593135278307578645e-02,1.845516193365893398e-01,2.519436108296468912e-01,2.484889387541072692e-01,2.124981652533853849e-01
1.767725781117192585e-01,6.646675284457247146e-02,2.691248131003424193e-01,1.556904164961079862e-01,2.160430504864772061e-01,1.159023889607807556e-01
9.389978420477612664e-02,0.000000000000000000e+00,1.356652395153340462e-01,5.175524287305690585e-01,1.294252945554245360e-01,1.234572529938961771e-01
1.233067326567701683e-01,1.218055406379532982e-02,1.895527008395579138e-01,3.898274872067437613e-01,1.203467452148429123e-01,1.647857800182899179e-01
7.339610269680560406e-02,0.000000000000000000e+00,1.127686391324337206e-01,5.558523873527592141e-01,1.630115163518676968e-01,9.497135446613368115e-02
1.520032370990044568e-01,4.573516796195251088e-02,2.768698536125379084e-01,1.868537350784309214e-01,1.965057289356131609e-01,1.420322773124609861e-01
1.478505163969987823e-01,5.780114634999902745e-02,2.828530920818486116e-01,1.564259054359302958e-01,2.417731288844428839e-01,1.132962108507805377e-01
1.290325711378249030e-01,9.761620396734962957e-02,2.471348417700860445e-01,1.884606218515210985e-01,1.650547183929278461e-01,1.727010428802905340e-01
2.956032412810114321e-02,7.172682384485003400e-03,2.095160443462214805e-01,5.868253934831069163e-01,5.960382832066793424e-02,1.073217273374174469e-01
9.462068484296877469e-02,0.000000000000000000e+00,1.796661791141913878e-01,5.444937198705060988e-01,7.267388345040200204e-02,1.085455327219317367e-01
1.170276963221787980e-01,4.045306134273630311e-02,1.781101234081541584e-01,2.565672422449110646e-01,2.112456821042505151e-01,1.965961945777691955e-01
1.291096866566197598e-01,1.650113591537838084e-02,2.458734749778456186e-01,3.371337590962339981e-01,1.083904616176639274e-01,1.629914817362583535e-01
1.171328578710861545e-01,4.052921280476244614e-02,1.771877339349430258e-01,2.564980521875112607e-01,2.117137514232166340e-01,1.969383917784804650e-01
8.513910784834870238e-02,5.717332692483297063e-02,2.291253907286713576e-01,2.551374621289406730e-01,1.953455330407107282e-01,1.780791793284955127e-01
5.820734493063867143e-02,3.705872715897780278e-02,9.609049595820810807e-02,4.926821622948875934e-01,7.044570295986851693e-02,2.455155666974193074e-01
7.163020785602593199e-02,2.952328073441347692e-02,2.217857254628706198e-01,1.870804661802972779e-01,3.302712373347536090e-01,1.597090824316390323e-01
1.419609608286627189e-01,2.469007652020074189e-02,3.071963673716002763e-01,1.537575232286413074e-01,2.298985857722659065e-01,1.424964862786291531e-01
6.231562961402526551e-02,4.068738499628908600e-02,1.333402750356689481e-01,5.004004602123177659e-01,1.116170882688389404e-01,1.516391618728598900e-01
1.123302418654722329e-01,5.149881477887579412e-02,2.748146095447417392e-01,1.864750781798522883e-01,2.730174339069632028e-01,1.018638217240947913e-01
1.131449550803785287e-01,1.920699644236105799e-02,1.629330273827303832e-01,2.733198087500046114e-01,2.880812313312003381e-01,1.433139810133250980e-01
9.041526941571743914e-02,5.937600981283429336e-02,1.248403874541294395e-01,4.608184754034229669e-01,1.196801341934405627e-01,1.448697237204552568e-01
1.027833891234863767e-01,6.068567325575793814e-02,2.390467485335550368e-01,1.893106149302792862e-01,2.194564845942199027e-01,1.887170895627013900e-01
1.233067326567701683e-01,1.218055406379532982e-02,1.895527008395579138e-01,3.898274872067437613e-01,1.203467452148429123e-01,1.647857800182899179e-01
7.783657888895088861e-02,5.292473107679469824e-02,1.296906644476325532e-01,4.258517019090557465e-01,1.899488541662446572e-01,1.237474695113214840e-01
1.326054871352408959e-01,4.246842548425246167e-02,1.869639565335587950e-01,3.339577987916950153e-01,1.297989800246251157e-01,1.742053520306276748e-01
1.171328578710861545e-01,4.052921280476244614e-02,1.771877339349430258e-01,2.564980521875112607e-01,2.117137514232166340e-01,1.969383917784804650e-01
1.538657972016962971e-01,4.416509761102482834e-02,2.461324075743946405e-01,1.870347422319239838e-01,1.631117286412339107e-01,2.056902267397263118e-01
1.349348009661525682e-01,3.781659533361291653e-02,2.450962827766102747e-01,3.166468470398652313e-01,1.212314824807987079e-01,1.442739914029604054e-01
1.134492312175276879e-01,1.909709122923875652e-02,2.946169789246870785e-01,2.448605166048956894e-01,1.250894805163527690e-01,2.028867015072979563e-01
1.406813110107238696e-01,1.592527845435225825e-02,1.785057907656008580e-01,4.088656080258974423e-01,1.028804678608086914e-01,1.531415438826169706e-01
1.346937679883653816e-01,4.384739819524391402e-02,1.897113366418610447e-01,3.298364725508147188e-01,1.490834384246776112e-01,1.528275861990374684e-01
1.718038108806618225e-01,7.690320429554638182e-02,2.053989200703814633e-01,2.665670806330709408e-01,1.541636079570844475e-01,1.251633761632549302e-01
3.802995322425992142e-02,1.193310274350875728e-02,3.100674052395508418e-01,2.803603696918183230e-01,1.873449269931440619e-01,1.722642421077182628e-01
1.121042369229304642e-01,2.118541414515897128e-03,1.596809172070100535e-01,4.639008925560374474e-01,9.508924145217467760e-02,1.671061704473313925e-01
1.476532822382868593e-01,1.170769135990897339e-02,1.811903466034941457e-01,2.446867175897732005e-01,2.725755380912024406e-01,1.421864241173342869e-01
6.231032974219513632e-02,4.069692114115479320e-02,1.335025003316024639e-01,5.001726288282254407e-01,1.113505567738136692e-01,1.519670631830083996e-01
1.102354978940944391e-01,2.125000379033610901e-02,2.735863755910822315e-01,2.751940247071985035e-01,1.215103167625688485e-01,1.982237812547198996e-01
1.433252473152629158e-01,4.464391681847380139e-02,2.215795381914660578e-01,2.261187778810564153e-01,2.006972630168910865e-01,1.636352567768497579e-01
1.528715468507744202e-01,4.599642747917144503e-02,2.191405367809930727e-01,2.700478489583439390e-01,1.705797602800861734e-01,1.413638796506309636e-01
1.183029637031560583e-01,1.060586119137468808e-02,2.966855865047231533e-01,2.496890927749966793e-01,2.108395538043450201e-01,1.138769420214042760e-01
1.378222345959382034e-01,4.844698480985708267e-02,2.316335677783217251e-01,2.708184464524770463e-01,1.760880412236407733e-01,1.351907251397651832e-01
1.039879887600761721e-01,4.109904295654721353e-03,2.040863799159284564e-01,4.190444196803768673e-01,9.105344761959731359e-02,1.777178597283665118e-01
1.522837599519600016e-01,4.539601640248417530e-02,2.671081194561566452e-01,2.114339095461442997e-01,2.022019571528270165e-01,1.215762374904278270e-01
1.171328578710861545e-01,4.052921280476244614e-02,1.771877339349430258e-01,2.564980521875112607e-01,2.117137514232166340e-01,1.969383917784804650e-01
1.667616430906355973e-01,5.110818117963248502e-02,2.447708171623683981e-01,2.698424567918022987e-01,1.387433539374121338e-01,1.287735478381490106e-01
5.902727374294949175e-02,5.062402628288097811e-02,2.108398371488089396e-01,3.619614131038486615e-01,9.971829283349628592e-02,2.178291568880154905e-01
1.404550013017118459e-01,9.773736855845609542e-03,2.449569004764684532e-01,1.885653435569107639e-01,2.210405463625000066e-01,1.952084714465632531e-01
1.063521191689699164e-01,3.316330206002738451e-02,1.777925367518395361e-01,4.016056033892953514e-01,8.722488096969178983e-02,1.938615576601760704e-01
1.091997547382587558e-01,9.838484427071254868e-03,1.777479585592141031e-01,4.192644561595777475e-01,1.600869098473905738e-01,1.238624362684875024e-01
5.768057499737279381e-02,4.025585103772968965e-02,1.948919527982343192e-01,3.495117341676777789e-01,1.753253494605806762e-01,1.823345375384047007e-01
7.895442118382484109e-02,6.316425182388235582e-02,2.121773209075277500e-01,3.153768469371692751e-01,1.263859746733301537e-01,2.039411844742655688e-01
4.719443226828910071e-02,7.129219809637721457e-03,1.494619121264721961e-01,4.524030613280202173e-01,7.974802460848863517e-02,2.640633498590921335e-01
0.000000000000000000e+00,0.000000000000000000e+00,4.328000000000000180e-01,5.672000000000000375e-01,0.000000000000000000e+00,0.000000000000000000e+00
1.151622209270757313e-01,5.998106513065250278e-02,2.008509176881107805e-01,3.735928943905553190e-01,8.997840585699974636e-02,1.604344960066058368e-01
1.518374912359378159e-01,4.573678633758442025e-02,2.370210365293485277e-01,2.388144905416342278e-01,2.078098903673732678e-01,1.187803049881217821e-01
6.746925303411413499e-02,2.350190394446899020e-02,1.604766392093572303e-01,3.635232047887168583e-01,1.647813736585250211e-01,2.202476253648177618e-01
1.357942742589881291e-01,4.422248692382251684e-02,1.735802711677787158e-01,3.253383244407214159e-01,1.019229906330519214e-01,2.191416525756372802e-01
1.814866224743123813e-01,6.681610158588922876e-02,2.123099461370090146e-01,1.954181171062505662e-01,1.941995411320631137e-01,1.497696715644757925e-01
5.076033625390643372e-02,4.571626505984449640e-02,1.750538092014403968e-01,4.354244374029948572e-01,5.887080320356640611e-02,2.341743488782473959e-01
1.396500098211175822e-01,4.696653766186507234e-02,2.910237786338175092e-01,1.996947601326707622e-01,1.844689829329820840e-01,1.381959308175470802e-01
6.231032974219513632e-02,4.069692114115479320e-02,1.335025003316024639e-01,5.001726288282254407e-01,1.113505567738136692e-01,1.519670631830083996e-01
6.133157902805098233e-02,2.706850582030037936e-02,2.135629500877749831e-01,3.951510990874522178e-01,9.705844569663078791e-02,2.058274202797905628e-01
8.073961088017613322e-03,2.174812686718217807e-03,1.786707035730417115e-01,6.011464999256026509e-01,1.035459322863002407e-01,1.063880904403197714e-01
1.050087735629691293e-01,4.195197866877510562e-02,2.455232435632241361e-01,2.623279387052485090e-01,2.440071967101961614e-01,1.011808687895869169e-01
1.426258562577177869e-01,2.399541822077853534e-02,3.089758356906831538e-01,1.857841842945639754e-01,1.786658807279956351e-01,1.599528248082608684e-01
1.528715468507744479e-01,4.599642747917144503e-02,2.191405367809931004e-01,1.899928931789045539e-01,2.481956814110283238e-01,1.438029142991281706e-01
1.231048846259353430e-01,1.212429113585556870e-02,1.922337258748472721e-01,3.880268436804495957e-01,1.204856330173629253e-01,1.640246216655493194e-01
1.232227838173688417e-01,1.302275319513178202e-02,1.903757546470542517e-01,3.863250573132878674e-01,1.219505507400561045e-01,1.651031002871012066e-01
1.442337046130933165e-01,4.566390607106023125e-02,2.104667149057765363e-01,2.958090890129451700e-01,1.522541357652089644e-01,1.515724496319157955e-01
1.439723893204835348e-01,2.148875803526865275e-02,2.536394814692771171e-01,1.391815958468544112e-01,1.983768731144846531e-01,2.433409022136316380e-01
1.249806402876172534e-01,9.642190225762820033e-03,3.095338450419972132e-01,2.883709281225361187e-01,1.426761532622175532e-01,1.247962430598691247e-01
1.529033850720140086e-01,4.597951439720425471e-02,2.199115846840112021e-01,1.899067885562763791e-01,2.476622462624109011e-01,1.436364810280833515e-01
7.471371422420784725e-02,4.886883134092038367e-02,1.949416634045223196e-01,2.565672422449110646e-01,2.471523142850941268e-01,1.777562345003443067e-01
1.232189183955090944e-01,1.215607680021746871e-02,1.907190844397481655e-01,3.890441147834304281e-01,1.204071685428586835e-01,1.644546370382361511e-01
6.138160008366028847e-02,3.743504987507503129e-02,1.717648777028989160e-01,4.183149320416358896e-01,1.728694312848244874e-01,1.382341090119054150e-01
3.781013929552498598e-02,0.000000000000000000e+00,1.600819886224307820e-01,5.539304806656042413e-01,1.171905789594296782e-01,1.309868124570102155e-01
1.063078082947948311e-01,5.921395768815417709e-02,2.095687388404322282e-01,2.547349584117445942e-01,1.770524071990728365e-01,1.931221295658014092e-01
5.078883619395561239e-02,2.789288504866786755e-02,1.160487929721000649e-01,5.962977099459193520e-01,5.533604604603152566e-02,1.536357297933254040e-01
1.472011612731574937e-01,3.212798233133231512e-02,2.075214079841170844e-01,2.295846407753962259e-01,2.131704880885922915e-01,1.703943195474046934e-01
5.952562638665815503e-02,5.217509711442783540e-03,9.968817009682315322e-02,4.293530223377666211e-01,2.321142714730473622e-01,1.741013999942619961e-01
1.528715468507744479e-01,4.599642747917144503e-02,2.191405367809931004e-01,1.899928931789045539e-01,2.481956814110283238e-01,1.438029142991281706e-01
1.521093816140451360e-01,4.580272417283457603e-02,2.211606027516999917e-01,2.198331834241019911e-01,1.887147350428782511e-01,1.723793729944399777e-01
1.356710416583949419e-01,4.416553398129760555e-02,1.990908099103349260e-01,3.165781343251827806e-01,1.179480754484279470e-01,1.865464046763617434e-01
1.057502323758098550e-01,2.315732813746037427e-02,2.099597092192490855e-01,3.443584146472418173e-01,1.669345717097752702e-01,1.498397439104637019e-01
5.506064708512112271e-02,4.025585103772968965e-02,1.910811485622318784e-01,3.222264607234233691e-01,1.927300637233581859e-01,1.986458288681356987e-01
1.065489983734161650e-01,1.000189976982165073e-02,1.817700207987758554e-01,2.562296809758139449e-01,2.992970666104415867e-01,1.461523334717308997e-01
1.062069956510501706e-01,1.405492597950278207e-02,1.954881784606061490e-01,4.062870757738822336e-01,8.597821117850258654e-02,1.919846129564560522e-01
1.545776021721642357e-01,4.580317974512732732e-02,2.351573896703177124e-01,2.109731260746787740e-01,2.132046530162622355e-01,1.402840493214496664e-01
5.129750827725250428e-02,1.776391047243641719e-02,1.202057481506092762e-01,4.038300082396965029e-01,1.558140948444851903e-01,2.510887300155201229e-01
1.245170578355784818e-01,1.875375844714770660e-02,3.523617797656931061e-01,1.362961121429546729e-01,2.283829244395837454e-01,1.396883673690422212e-01
1.080207588738796437e-01,9.720677872854997098e-03,1.807690788749763133e-01,4.321239141943941098e-01,1.522822805252061762e-01,1.170832896586887634e-01
2.258693321259215570e-02,0.000000000000000000e+00,9.744005034757130534e-02,6.235369235721176517e-01,1.169260135722090532e-01,1.395100792955098756e-01
1.721346563083155645e-01,5.244895157591122903e-02,2.796308474656156173e-01,1.868537350784309214e-01,1.803469627523131003e-01,1.285848468194134842e-01
1.628891225434879464e-01,4.908189600461431573e-02,2.583993651185429452e-01,1.522874206278815867e-01,2.688477353974869644e-01,1.084944603079862208e-01
1.171094374229435103e-01,9.917163215971273524e-03,1.892793763942789143e-01,2.793480468764676927e-01,2.364280709291262661e-01,1.679179051612123275e-01
9.025123750948453594e-02,3.482475607603781331e-02,2.420186295862434833e-01,2.754822249922107558e-01,1.879507078572718870e-01,1.694724439787514136e-01
1.502009537314412668e-01,4.422292442890020381e-02,2.795636655354515332e-01,1.651698539221961026e-01,2.126538126828703135e-01,1.481887896991404829e-01
3.498937263434901551e-02,4.886507270376123924e-02,8.518407399366732802e-02,4.726467956645439839e-01,1.232687528061504473e-01,2.350459321975280624e-01
1.364877305972842236e-01,4.857633610396094176e-02,1.990966058983323073e-01,2.109546922722249362e-01,1.936218056717650682e-01,2.112628294564325715e-01
5.833357218403621702e-02,6.913790670413867689e-02,2.157811224820183060e-01,2.631824313295057505e-01,2.041749462003488447e-01,1.893900210999523159e-01
1.230376503003390021e-01,2.563052680887375340e-02,1.648007951880586242e-01,3.819815371764865297e-01,1.503115792665765671e-01,1.542379112596655721e-01
1.144578487180881871e-01,8.110606433215331035e-02,2.208694576445786872e-01,2.488276072475085754e-01,1.623632959387062424e-01,1.723757261189649281e-01
9.974111111011173259e-02,1.134336636698661874e-02,1.960426126375774403e-01,4.463405989548414610e-01,1.723684980328055727e-01,7.416381289767710883e-02
4.730228438554513054e-02,3.140613825375083296e-02,1.188890921910435994e-01,5.464797182952648713e-01,1.436730889877135542e-01,1.122496778866819700e-01
3.306082758827124518e-02,8.348783411009046487e-03,1.616092094126339584e-01,6.246746957342403928e-01,4.346931728864323469e-02,1.288371665652022491e-01
2.025388425583324603e-01,7.990880754702742172e-02,2.248160046637743270e-01,1.851764565964677811e-01,1.749389919155441009e-01,1.326208967188540755e-01
1.528715468507744479e-01,4.599642747917144503e-02,2.191405367809931004e-01,1.899928931789045539e-01,2.481956814110283238e-01,1.438029142991281706e-01
1.563585538279309017e-01,4.582726132895908328e-02,2.307960329371736286e-01,2.082577845453043586e-01,1.850645977111962381e-01,1.736957696494357828e-01
1.398447421349702235e-01,4.205265521976377097e-02,2.131575018287511780e-01,1.814270860145291153e-01,1.561062655864409454e-01,2.674117492155446696e-01
4.155233834299190687e-02,2.844781253743955407e-02,1.930318724082499271e-01,3.561230210520464068e-01,1.608241124677774470e-01,2.200208431914947027e-01
1.644172410668907347e-01,5.839638590716216687e-02,2.626994734553875777e-01,2.430383032878335181e-01,1.303629279310221933e-01,1.410856683517037469e-01
1.658121108001713584e-01,4.696653766186507234e-02,2.746923455378504353e-01,1.870113099619745145e-01,1.944288709196887177e-01,1.310888251184500475e-01
1.451211614878138156e-01,2.416379434338859072e-02,2.576430395581061905e-01,2.654178111152081243e-01,1.426288517428118408e-01,1.650253417526715283e-01
1.489364267403061326e-01,4.386450771659199804e-02,2.740453936915526745e-01,2.187689721828645906e-01,1.732386729933942382e-01,1.411460266752904147e-01
9.495389669578142844e-02,2.561824372693854990e-02,1.864814003421769728e-01,3.777730187630292669e-01,1.521846609128431338e-01,1.629887795592305233e-01
1.466316801732943653e-01,4.844698480985708267e-02,2.137564516123227343e-01,2.020610713318044815e-01,1.401649694611862562e-01,2.489388426115350106e-01
1.055170042730712021e-01,1.442730003863792153e-02,1.982228396697767459e-01,4.115078030931274555e-01,8.055910254569963180e-02,1.897659503796869374e-01
1.522837599519600016e-01,4.539601640248417530e-02,2.671081194561566452e-01,2.114339095461442997e-01,2.022019571528270165e-01,1.215762374904278270e-01
1.407194312155988503e-01,4.416463477987968289e-02,2.653022629234108032e-01,2.516838438539191203e-01,1.573628719967537226e-01,1.407669552304377514e-01
9.433617611887062937e-02,2.795402570719032753e-02,2.230327677790786556e-01,3.223131465018134190e-01,1.883755394047318399e-01,1.439883444883150176e-01
3.490984224666917463e-02,0.000000000000000000e+00,1.334483390147842008e-01,3.979444382833574045e-01,2.139272489764075524e-01,2.197701314787815496e-01
1.064506901917339210e-01,9.905037050847203400e-03,1.940812527664425025e-01,1.435416208981241393e-01,3.780175436035584369e-01,1.680038554892938629e-01
6.281999999999999806e-01,0.000000000000000000e+00,0.000000000000000000e+00,0.000000000000000000e+00,1.794999999999999929e-01,1.922999999999999987e-01
5.465352339060803449e-02,3.984909740500475195e-02,2.182435117011807812e-01,2.527366950186753503e-01,2.389100636607730532e-01,1.956071088237580635e-01
1.522530400343806711e-01,4.692742993574716692e-02,2.293691330639618109e-01,2.106619505538906145e-01,2.183177623002115209e-01,1.424706841118080769e-01
1.063510701331823183e-01,1.207328837494336601e-02,1.880688602372348750e-01,3.846963442796741406e-01,1.093485188241497402e-01,1.994619181508155425e-01
1.505905682337373430e-01,4.202406266103354826e-02,2.610476314601771763e-01,2.285321493832224715e-01,1.871625273118185939e-01,1.306430609500109086e-01
1.620143227245523787e-01,4.573516796195251782e-02,2.679711108342731074e-01,1.868537350784309492e-01,1.929799993750283549e-01,1.444456640257627267e-01
2.839277155034146058e-02,4.794265906121850107e-02,1.465537054206093037e-01,3.739285106034925810e-01,2.121453739410894268e-01,1.910369794232487095e-01
1.171328578710861545e-01,4.052921280476244614e-02,1.771877339349430258e-01,2.564980521875112607e-01,2.117137514232166340e-01,1.969383917784804650e-01
1.642158243438499865e-01,5.024152199896984861e-02,2.381998099255481782e-01,1.863651409480714949e-01,2.272908768967115689e-01,1.336868258868487980e-01
1.169503746242063907e-01,4.039706977159533002e-02,1.787883249086223980e-01,2.566181153328081499e-01,2.109015267082214040e-01,1.963445886545462649e-01
1.305725624931433071e-01,3.634866853582416346e-02,1.892111948869987514e-01,3.972476294436368405e-01,9.668136390644220535e-02,1.499385807339546905e-01
1.528715468507744479e-01,4.599642747917144503e-02,2.191405367809931004e-01,1.899928931789045539e-01,2.481956814110283238e-01,1.438029142991281706e-01
3.962211719782788438e-02,2.941555626720584495e-03,2.067036956713399487e-01,4.713097085171110145e-01,1.329009838414958455e-01,1.465219391455047371e-01
5.466976295191148388e-02,3.997006846392205798e-02,1.752888020113970158e-01,3.145004388900866088e-01,1.913618428997728993e-01,2.242090847829099065e-01
1.320746575461966554e-01,2.862636685799648840e-03,2.381638214815450516e-01,3.347701573620101012e-01,1.061547005373840585e-01,1.859740263870643950e-01
9.619816672365372190e-02,1.948170620057292426e-02,1.581406029531333413e-01,4.252765264524142608e-01,1.593300236763580402e-01,1.415729739938676457e-01
1.153218122792654676e-01,1.399728119027266078e-02,3.577336152162599592e-01,1.573041882602382591e-01,1.808977808402952581e-01,1.747453222136684248e-01
0.000000000000000000e+00,0.000000000000000000e+00,3.309999999999999748e-02,4.966999999999999749e-01,9.270000000000000462e-02,3.775000000000000022e-01
5.510118256803211295e-02,2.698047444279683474e-02,2.173760720411228864e-01,3.643866716412630380e-01,1.274945722261250636e-01,2.086610270806600331e-01
1.518139344497825560e-01,4.561557744583126517e-02,2.193394278502251438e-01,2.754170500117030795e-01,1.695606737795987695e-01,1.382533364628592554e-01
1.523312305396636035e-01,4.542566830315892396e-02,2.667796541146628120e-01,2.115720145558339094e-01,2.022357834794687725e-01,1.216556490072118885e-01
8.997939896501004620e-02,2.795952111931806691e-02,2.097609211137521357e-01,3.215272500059367378e-01,1.730075463266460278e-01,1.777653624693369128e-01
8.119023679035665408e-02,2.064676709767391399e-02,1.199928746295151200e-01,5.145271974924309211e-01,1.472394780708342343e-01,1.164034459191890941e-01
1.159683363556908015e-01,2.120571622782177739e-03,2.040860354871189553e-01,3.966962294900406305e-01,1.237983418104391109e-01,1.573304852339284521e-01
9.790377674221110993e-02,0.000000000000000000e+00,1.367428803099919044e-01,5.301507300227358277e-01,1.236369624388779509e-01,1.115656504861831239e-01
5.524122633627354811e-02,2.735925891700176013e-02,1.960769541116021697e-01,4.219151487100225584e-01,1.015192943918295787e-01,1.978881175332703746e-01
2.253274784968048797e-02,0.000000000000000000e+00,9.720629464286720256e-02,6.242688205492623599e-01,1.166455116368824430e-01,1.393466253213074546e-01
1.064634308165633425e-01,9.989018721419709243e-03,2.105699242011490335e-01,3.407753333486772118e-01,1.449665767623311008e-01,1.872357161498595379e-01
6.231032974219513632e-02,4.069692114115479320e-02,1.335025003316024639e-01,5.001726288282254407e-01,1.113505567738136692e-01,1.519670631830083996e-01
7.970143096432946717e-02,1.724470226757723879e-02,2.552539332577770104e-01,2.948189989263453326e-01,1.997579138839447044e-01,1.532230207000262745e-01
8.355131251059275121e-02,2.880157326827411865e-03,1.553786407172031980e-01,4.882040355547253574e-01,1.036944091969797255e-01,1.662914446936715751e-01
1.071064237248326861e-01,1.410487131051566846e-02,2.804376701449526332e-01,3.421549543696760787e-01,1.063504602907392182e-01,1.498456201592837655e-01
9.056988836989351976e-02,3.892069937251848438e-02,1.323847623872976831e-01,3.843217399841661885e-01,1.639740526070690430e-01,1.898288572790550466e-01
1.234118640195866340e-01,8.900708049236627159e-03,2.011764656303528520e-01,2.758095920292096825e-01,2.356420882133529182e-01,1.550592820582612497e-01
1.717082152070718570e-01,7.657534369778172534e-02,2.042816984117692691e-01,2.679553504164794986e-01,1.536641706743265279e-01,1.258152215925711637e-01
6.231032974219513632e-02,4.069692114115479320e-02,1.335025003316024639e-01,5.001726288282254407e-01,1.113505567738136692e-01,1.519670631830083996e-01
7.003986701645208146e-02,4.006386954834190856e-02,1.751533219293545107e-01,2.618623131922434011e-01,1.918221837069262747e-01,2.610584446066818165e-01
7.479439361225162508e-02,1.669643302973732382e-02,1.749027846774023898e-01,4.663452135437664570e-01,1.458262355639703411e-01,1.214349395728718806e-01
1.352613810376833980e-01,0.000000000000000000e+00,1.610940041884358909e-01,4.285919165712913648e-01,1.084931313832760841e-01,1.665595668193133594e-01
1.365248831195245149e-01,4.446041551807148468e-02,2.969245441148868347e-01,2.555131128062054224e-01,1.426647722882615765e-01,1.239122721530502291e-01
5.907201299378094655e-02,3.760923324842845722e-02,1.101066635999669724e-01,5.140527194726246529e-01,9.352967992932259556e-02,1.856296907558762921e-01
1.356697011830486632e-01,4.416509761102482834e-02,2.211122416845860694e-01,3.463808505313176744e-01,1.295828951112426020e-01,1.230892138787801765e-01
1.456315855035099915e-01,4.409204551303748387e-02,2.681258515470347215e-01,2.358291135310095488e-01,1.271354541395287585e-01,1.791859497658795375e-01
1.189233919745394524e-01,4.289481605293001681e-02,1.793327387229192715e-01,2.527366950186753503e-01,2.111972240919458288e-01,1.949151341389901704e-01
1.717082152070718570e-01,7.657534369778172534e-02,2.042816984117692691e-01,2.679553504164794986e-01,1.536641706743265279e-01,1.258152215925711637e-01
5.737740149345779694e-02,4.006386954834190856e-02,1.949251605886336836e-01,2.796218352474193480e-01,2.394573065494141062e-01,1.885544265727331081e-01
1.520032370990044845e-01,4.573516796195251782e-02,2.178958194414035154e-01,2.553819997771220041e-01,1.696108679495181848e-01,1.593729077709993558e-01
8.998089205351580966e-02,7.756504509564754457e-02,1.116430753847081764e-01,4.651241472192784721e-01,1.107579320290890679e-01,1.449289082177609156e-01
2.839122156497253177e-02,3.202266134731086844e-02,1.768168191363020114e-01,4.012862426544170358e-01,1.277948015793325676e-01,2.336882537176651065e-01
1.575090422593890815e-01,4.434561011711787848e-02,2.582846116241735435e-01,1.866483912177753501e-01,2.072388979664945285e-01,1.459734468150497566e-01
1.088130143388498644e-01,9.812490400535379270e-03,1.806023271255922658e-01,4.316642630122969893e-01,1.519873921717798948e-01,1.171205129509457904e-01
1.529033850720140086e-01,4.597951439720425471e-02,2.199115846840112021e-01,1.899067885562763791e-01,2.476622462624109011e-01,1.436364810280833515e-01
1.529377224898021415e-01,4.595324236807968310e-02,2.209630668568563772e-01,1.897772155718893683e-01,2.469615929658905695e-01,1.434071597474820270e-01
1.111441820892274529e-01,1.055690944845867792e-02,1.775459738326077841e-01,3.913521030376421739e-01,1.664672563488673596e-01,1.429335752431965256e-01
5.440431874355244890e-02,5.715388466486476249e-02,1.676040647998067179e-01,3.966116625830886644e-01,1.884610957138396214e-01,1.357649734948478126e-01
1.142411213333519027e-01,9.895887816909490486e-03,1.979659402815579228e-01,3.718815478729994295e-01,2.059274466049633157e-01,1.000880560902180499e-01
1.717082152070718570e-01,7.657534369778172534e-02,2.042816984117692691e-01,2.679553504164794986e-01,1.536641706743265279e-01,1.258152215925711637e-01
1.171094374229435103e-01,9.917163215971273524e-03,1.892793763942789143e-01,2.793480468764676927e-01,2.364280709291262661e-01,1.679179051612123275e-01
1.521108945550542768e-01,4.580317974512733425e-02,2.170748314126322853e-01,2.865956180621278548e-01,1.696394136495613103e-01,1.287760625754969523e-01
1.172536192738361099e-01,1.130231010939265236e-02,3.208403774466563330e-01,1.431758370272447067e-01,2.705884636233517604e-01,1.368393925195184324e-01
1.529033850720140086e-01,4.597951439720425471e-02,2.199115846840112021e-01,1.899067885562763791e-01,2.476622462624109011e-01,1.436364810280833515e-01
1.529377224898021415e-01,4.595324236807968310e-02,2.209630668568563772e-01,1.897772155718893683e-01,2.469615929658905695e-01,1.434071597474820270e-01
1.062069956510501706e-01,1.405492597950278207e-02,1.880768624504061681e-01,4.655579190852028870e-01,7.433466955822820577e-02,1.517686272756098576e-01
1.467298912451489856e-01,4.446041551807148468e-02,2.297366007536848220e-01,2.738045454992106831e-01,1.558537009184545741e-01,1.494148460654294852e-01
9.050175640930134546e-02,7.213933301616837213e-02,2.086763982057251998e-01,2.877644075078266694e-01,1.542038901640984672e-01,1.867142146968799044e-01
1.159109629237862343e-01,1.288949583879352850e-02,2.196542571026606494e-01,3.552851216021787328e-01,1.439475325569717912e-01,1.523126299756090707e-01
1.528715468507744479e-01,4.599642747917144503e-02,2.191405367809931004e-01,1.899928931789045539e-01,2.481956814110283238e-01,1.438029142991281706e-01
1.528715468507744479e-01,4.599642747917144503e-02,2.191405367809931004e-01,1.899928931789045539e-01,2.481956814110283238e-01,1.438029142991281706e-01
1.455690580250143806e-01,4.851951259340803874e-02,2.886847198689621585e-01,1.717578809887187197e-01,2.028246444111322377e-01,1.426441841127643606e-01
5.883013041740853960e-02,3.743610326437668556e-02,1.589710221882809915e-01,4.214120003159009253e-01,1.493411799934064865e-01,1.740095638206264617e-01
2.726999999999999980e-01,2.172000000000000042e-01,2.172000000000000042e-01,0.000000000000000000e+00,2.172000000000000042e-01,7.580000000000000626e-02
1.528715468507744479e-01,4.599642747917144503e-02,2.191405367809931004e-01,1.899928931789045539e-01,2.481956814110283238e-01,1.438029142991281706e-01
0.000000000000000000e+00,0.000000000000000000e+00,0.000000000000000000e+00,1.000000000000000000e+00,0.000000000000000000e+00,0.000000000000000000e+00
1.509680053295845426e-01,4.542368447148492638e-02,2.311748921292211822e-01,2.488514587241279774e-01,1.684557178205385863e-01,1.551262415250427573e-01
1.002536245463469394e-01,4.138754755822061752e-03,1.876496507225517418e-01,4.489007717577764844e-01,9.931795157181499967e-02,1.597392466456877269e-01
1.153206747345781602e-01,9.972594569524505237e-03,2.542131462828775001e-01,3.057194720614017092e-01,1.688223507974418169e-01,1.459517615541763569e-01
4.649999999999999967e-02,0.000000000000000000e+00,3.952999999999999847e-01,0.000000000000000000e+00,5.000000000000000000e-01,5.809999999999999887e-02
1.520222975390215781e-01,5.608041009161002927e-02,2.094519093184228908e-01,2.177216062826349274e-01,1.374500127228190927e-01,2.272737640454915165e-01
1.520017274736979451e-01,4.573471374158016856e-02,2.178936554016797922e-01,1.995344481611481258e-01,2.351175812470143178e-01,1.497178739748796783e-01
1.642684658328409375e-01,5.608683486296958676e-02,2.129705421886702588e-01,2.380306960765382895e-01,2.127180637148622100e-01,1.159253973241186758e-01
1.368144704230190301e-01,4.118308789781664758e-02,1.956310490939893731e-01,3.579682600199687870e-01,1.526165008577074211e-01,1.157866317074988244e-01
7.487921511524604778e-02,3.941973764253875467e-02,1.190446290415884401e-01,4.804952255269485106e-01,1.139274604339101243e-01,1.722337322397680670e-01
4.578170276807689426e-02,1.379076948328959197e-02,2.922501009131973637e-01,2.916450879002073782e-01,1.771954769251441186e-01,1.793368620100845579e-01
1.434035436338768899e-01,8.600404206342840419e-02,1.822880675267600503e-01,2.796810307809735607e-01,1.266571781956834231e-01,1.819661377992777274e-01
1.319298227421327463e-01,1.666812520577156190e-02,2.584273949413046778e-01,3.107675620849237319e-01,1.189609190004146805e-01,1.632461760254525773e-01
1.709326306371521942e-01,7.902642981368625252e-02,1.941504533471062333e-01,1.988017911693446549e-01,1.818262714290654058e-01,1.752624236036452454e-01
0.000000000000000000e+00,1.474000000000000032e-01,0.000000000000000000e+00,6.320000000000000617e-02,0.000000000000000000e+00,7.894999999999999796e-01
1.044545169516330890e-01,9.800530730260721690e-03,1.648352587954528548e-01,4.578164204062578624e-01,8.439733240865793240e-02,1.786959407077373940e-01
8.032481178600878180e-02,3.098160419439768137e-02,9.486959635757087617e-02,4.120550495981046835e-01,7.118733437403672315e-02,3.105816036898811361e-01
1.293909376626742047e-01,7.115377424806637596e-02,2.497416088735814332e-01,2.076418193484288466e-01,1.567618584164306161e-01,1.853100014508184679e-01
8.615699340076214685e-02,2.099262252855046539e-03,1.292877621287834011e-01,4.991402177069398927e-01,9.120052491624032476e-02,1.921152395944192848e-01
1.528715468507744479e-01,4.599642747917144503e-02,2.191405367809931004e-01,1.899928931789045539e-01,2.481956814110283238e-01,1.438029142991281706e-01
9.492121796726422922e-02,0.000000000000000000e+00,1.793264089467498101e-01,5.442681966588401865e-01,7.277336988293323095e-02,1.087108065442124877e-01
2.085412942940203379e-02,0.000000000000000000e+00,2.246277455455454874e-01,4.502970357325676298e-01,1.929081830849074808e-01,1.113129062075773473e-01
1.529377224898021415e-01,4.595324236807968310e-02,2.209630668568563772e-01,1.897772155718893683e-01,2.469615929658905695e-01,1.434071597474820270e-01
1.342451693159472659e-01,4.549801647585195730e-02,1.727907868335143426e-01,3.710295445875803622e-01,1.009907305241931341e-01,1.754457522629129518e-01
8.551758570130289783e-02,6.064174799595743043e-02,1.131174065632389453e-01,4.727449311054939818e-01,1.090838399936654018e-01,1.588944886403413637e-01
7.083603561366161316e-02,4.613719536256654513e-02,1.954479043722988363e-01,3.593249215407584019e-01,1.275662709319506372e-01,2.006876721787639872e-01
8.598066773137524876e-02,2.093958548246366638e-03,1.081727048351196069e-01,5.512704404750023990e-01,8.207093772516657615e-02,1.704112906850898668e-01
1.511521861844974113e-01,4.549894284088799867e-02,2.161325528264302354e-01,2.702709894686924907e-01,1.686102185035352474e-01,1.483351101759566582e-01
6.819774200383947604e-02,2.709259954330834469e-02,1.501619365223480218e-01,4.161615740990317058e-01,5.307383409881771819e-02,2.853123137326546988e-01
1.528715468507744479e-01,4.599642747917144503e-02,2.191405367809931004e-01,1.899928931789045539e-01,2.481956814110283238e-01,1.438029142991281706e-01
6.448682435183736295e-02,3.622473344190977468e-02,1.860856875923460885e-01,4.345318843038734058e-01,1.023493240479277505e-01,1.763215462621056107e-01
1.704046176741894625e-01,7.611310282507241509e-02,2.031498724975542014e-01,2.741232783546780349e-01,1.526704055838083163e-01,1.235387230646975559e-01
1.026745971921404071e-01,0.000000000000000000e+00,2.780038742374907335e-01,2.478095765026419040e-01,2.304955988086894725e-01,1.410163532590375246e-01
6.231032974219513632e-02,4.069692114115479320e-02,1.335025003316024639e-01,5.001726288282254407e-01,1.113505567738136692e-01,1.519670631830083996e-01
1.120830253996884102e-01,2.117158564053958549e-03,1.675638828779208167e-01,4.289084938849406781e-01,1.031069430407628024e-01,1.862204962326333979e-01
4.696004978403466035e-02,2.084824213151881267e-02,1.505258934672459303e-01,4.140689770168813344e-01,2.295779871782697712e-01,1.380188504220494772e-01
1.520032370990044845e-01,4.573516796195251782e-02,2.178958194414035154e-01,2.610231670740577603e-01,1.733848883242287420e-01,1.499577200993530979e-01
7.735360568930672864e-02,3.983729689906316540e-02,1.447530726166794679e-01,4.251032873826398606e-01,1.658938595422541906e-01,1.470588778700565313e-01
1.307228158855471556e-01,2.475235017321224251e-02,3.260338930710368621e-01,1.892692690651566201e-01,1.934918727070429612e-01,1.357297990980040614e-01
1.527963657966129596e-01,4.602224363950239983e-02,2.177064928011056277e-01,1.901316698002275263e-01,2.492349118521179352e-01,1.441083161104333432e-01
1.520032370990044568e-01,4.573516796195251088e-02,2.325648407399494022e-01,1.913726278955185378e-01,2.181368246622434615e-01,1.601873016413315753e-01
1.169503746242063907e-01,4.039706977159533002e-02,1.787883249086223980e-01,2.566181153328081499e-01,2.109015267082214040e-01,1.963445886545462649e-01
4.378501152729369350e-02,7.025612145506061716e-03,1.387612647426966772e-01,5.463649219107802324e-01,7.375367941550330098e-02,1.903095102582200160e-01
7.464075625286611948e-02,1.974115266935552726e-02,2.750384561504032876e-01,3.071861608187215209e-01,1.859801783811891873e-01,1.374132957274642186e-01
1.037666094202734507e-01,2.586270519758363667e-02,2.238363655311784439e-01,3.380089124840842119e-01,1.857724895352872163e-01,1.227529178315930475e-01
1.327530443181351161e-01,3.988834619306209223e-02,1.918004226136900692e-01,3.397707347916181786e-01,1.482716044640931541e-01,1.475158476194014523e-01
1.519734422013093444e-01,4.439439756567377382e-02,2.920155932742051208e-01,1.562941016758407353e-01,2.420224009811350885e-01,1.133000643018358677e-01
1.381188746746745688e-01,3.157035786058749738e-02,3.571127707280268293e-01,1.749347102024720324e-01,1.858107893034164904e-01,1.124524972308223736e-01
9.611161288019025306e-02,1.952369507475006094e-02,1.582071676810752059e-01,4.250120695593515019e-01,1.594775009442898073e-01,1.416679538603430599e-01
1.094585149144148700e-01,9.870700057162914640e-03,1.776324281948714334e-01,4.191605846356536991e-01,1.598600106496753104e-01,1.240177615482216389e-01
1.528715468507744479e-01,4.599642747917144503e-02,2.191405367809931004e-01,1.899928931789045539e-01,2.481956814110283238e-01,1.438029142991281706e-01
1.752115180528268645e-01,6.268505957255000871e-02,2.031707153716963699e-01,2.118566993077410088e-01,2.330919920003346468e-01,1.139840156948511846e-01
1.162007888609029593e-01,1.006554903655279554e-02,3.050463024946747925e-01,2.302830358214304762e-01,1.979346587451696060e-01,1.404696650412694259e-01
4.451882850846041600e-02,7.143358226085480892e-03,1.496116683727149455e-01,4.501561797092354933e-01,7.498975771012442171e-02,2.735802074733792999e-01
1.406813110107238696e-01,1.592527845435225825e-02,1.785057907656008580e-01,4.088656080258974423e-01,1.028804678608086914e-01,1.531415438826169706e-01
1.043999509493865330e-01,1.596129500789373462e-02,1.690680853009421947e-01,4.439764599403467904e-01,1.254176864619961640e-01,1.411765223394346180e-01
1.211194271074697293e-01,2.117179608208602688e-03,2.052573093434744422e-01,3.893721915134065181e-01,1.365256103586716951e-01,1.456082820687691071e-01
1.521490138622089150e-01,4.582726132895907634e-02,2.167841363136829291e-01,2.761876186020849611e-01,1.696495210991315616e-01,1.394024487939324042e-01
1.529700378613321754e-01,4.590909070212813997e-02,2.224845623785127458e-01,1.895664774838098920e-01,2.459990056081760579e-01,1.430708259660409820e-01
