1.928331020315153521e-02,5.303537201516968919e-02,2.733265035297161583e-01,3.276157744215466572e-01,1.317233140405136560e-01,1.950157257899023389e-01
3.379055445545293968e-02,5.325059937967684121e-02,2.064900806855067550e-01,2.121268932976126953e-01,1.316964509394196459e-01,3.626454212423311230e-01
3.848364713608082993e-02,3.848364713608082993e-02,3.314742558254555882e-01,1.964112035898822259e-02,3.132178492066772790e-01,2.586994803367173579e-01
8.106292650610513739e-02,6.181717309445815961e-02,2.298615370062350172e-01,1.229512978349333457e-01,3.660032416283567347e-01,1.383038239299117234e-01
3.812846127793642625e-02,2.366664111852092092e-02,2.197667498015283549e-01,3.097796236659500768e-01,1.992912684345895247e-01,2.093672557014747138e-01
5.714999999999999941e-02,1.023750000000000077e-01,0.000000000000000000e+00,4.717749999999999999e-01,5.952499999999999458e-02,3.091750000000000331e-01
1.848274780645022819e-01,7.998170549577947319e-02,3.725459899191829183e-01,0.000000000000000000e+00,2.542450935196022832e-01,1.083997330009330573e-01
2.605045847082550561e-02,3.557779566821921841e-02,1.042821747437819163e-01,6.085045740507505352e-01,6.113011315285622749e-02,1.644548839135666907e-01
5.326879100783030174e-02,1.108072553285653072e-01,3.454640619673127189e-01,1.103013789993637084e-01,7.565468149010873278e-02,3.045038312068191200e-01
1.503770038077840154e-01,3.870396426629505587e-02,2.631579694513219714e-01,2.003519441998958747e-02,1.502850563111209070e-01,3.774408117434884802e-01
1.267876273898077034e-02,1.267876273898077034e-02,1.980524403542973100e-01,4.813299664303859471e-01,2.563607688166038776e-02,2.696239908556947729e-01
2.649999999999999925e-02,4.420000000000000318e-02,2.477999999999999925e-01,2.649999999999999925e-02,5.574999999999999956e-01,9.729999999999999760e-02
1.453418769321780379e-01,1.023630182489018853e-01,8.428861163269366075e-02,4.959973971720276625e-03,4.605243328931221125e-01,2.025221863213841345e-01
5.018620412903757044e-02,3.083897931447241239e-02,1.140205867581676330e-01,7.873070449044025296e-03,5.131806411493060605e-01,2.839005181999723626e-01
1.853178950525130042e-01,1.285366555893779072e-01,1.834930170451980480e-01,2.504812838354417703e-01,1.792907715322233919e-01,7.288037694524583665e-02
9.192774826897925911e-03,0.000000000000000000e+00,3.017475177637921405e-02,6.078017635290237086e-01,1.998944893141432200e-01,1.529362205535558794e-01
0.000000000000000000e+00,0.000000000000000000e+00,0.000000000000000000e+00,4.283749999999999503e-01,9.752499999999998670e-02,4.741000000000000214e-01
0.000000000000000000e+00,0.000000000000000000e+00,8.098454066713840771e-02,6.020903543033782057e-01,1.799044529657470026e-01,1.370206520637362591e-01
3.391291635381717823e-02,4.854201752605203680e-03,3.050300987921959472e-01,6.558692057026740962e-02,1.528666033884578390e-01,4.377492591426563329e-01
1.066903240298025107e-01,1.552476570019176161e-01,1.450248358314934205e-01,2.902204276280671014e-01,1.141154772166165371e-01,1.887012782921028142e-01
1.638755667965964280e-01,1.238837245574041096e-01,3.069458454378554690e-01,6.424594064951841266e-02,2.612514438259448402e-01,7.979747873268068503e-02
5.070880843502460766e-02,1.691127503802497892e-02,2.465995162415131892e-01,3.725086687727361956e-01,8.186261735757351110e-02,2.314091141551274933e-01
1.548115192372614794e-02,3.864095520162046798e-03,1.161705640356410114e-02,6.013541455032822558e-01,2.569375822476981375e-01,1.107459684015673906e-01
9.210131587390595065e-02,9.643465144433377434e-02,1.626177603321385390e-01,2.162019393205321938e-01,2.745318428159087554e-01,1.581124902131809395e-01
8.088593102183860850e-02,5.696795043227068783e-02,1.732298604535878195e-01,1.930332522799120265e-01,2.215984358657057396e-01,2.742845699466850973e-01
1.235459863483955867e-01,6.174353906767142408e-02,2.308191208086580182e-01,2.400798975298087112e-01,1.934740415179504458e-01,1.503374147275157169e-01
1.539770653700260061e-01,8.578550773582471756e-02,2.847726276228270126e-01,0.000000000000000000e+00,3.010344296324062863e-01,1.744303696389160885e-01
3.324148838114706489e-02,3.324148838114706489e-02,3.545928706915304346e-02,3.980133678476995285e-01,3.545928706915304346e-02,4.645850812517001160e-01
9.988316798114922623e-02,5.396042173057313124e-02,2.065173840666385541e-01,5.581412373185138526e-02,5.469882818044771167e-01,3.683662068531054490e-02
7.437836606711337173e-02,3.481746696216683062e-02,3.255349861371540365e-01,3.582895193616694729e-02,3.667168638313452744e-01,1.627233650660536157e-01
8.530657100393844450e-02,5.782170529470967435e-02,4.349757554030191792e-02,4.057722722006972815e-01,1.973954809201953764e-01,2.102063950401573678e-01
1.500776030736840072e-01,1.358284415344397089e-01,2.575223467030691715e-01,3.001740173120460986e-02,3.971739007789775733e-01,2.938030617862496044e-02
1.283588479948489514e-01,6.200893180739693034e-02,1.398949641795431686e-01,2.707297227435658260e-01,2.788847595516384947e-01,1.201227737230066567e-01
1.338249999999999995e-01,1.057000000000000023e-01,3.667499999999999927e-02,4.117750000000000021e-01,1.228500000000000286e-01,1.891750000000000098e-01
1.820711492948147436e-01,8.736051635152400352e-02,3.016201323139487411e-01,4.249664456913244265e-02,3.339805021046273747e-01,5.247105536595266656e-02
1.396455983723883243e-01,1.763315679099499572e-02,4.786142557555783661e-02,2.576874073045590241e-01,1.054325743653887898e-01,4.317398375911108976e-01
1.549126186974151553e-01,1.194206837110164815e-01,3.632827483839921184e-02,3.383275214937693787e-01,2.077226810771865273e-01,1.432882201822131829e-01
6.928435909913537027e-02,7.947408365046244871e-02,1.091776161522653998e-01,2.787235857608673095e-01,2.299275121109596587e-01,2.334128432263098962e-01
7.467385680587650121e-02,3.940051205028222148e-02,2.768400737688606617e-01,2.009209222182320453e-01,2.736676911802423118e-01,1.344969439765062724e-01
5.146331995861651992e-02,3.601332847517752650e-02,3.094938784801488652e-01,4.113140673692391308e-02,1.856049025803467034e-01,3.762931637687864095e-01
9.532646929625371301e-02,1.275777878081328920e-01,1.909357143841071969e-01,2.462573914877480008e-01,2.471894977303147056e-01,9.271313929344361660e-02
1.590000000000000094e-02,2.272499999999999867e-02,3.087249999999999717e-01,2.550499999999999989e-01,1.087249999999999883e-01,2.888749999999999929e-01
4.375604232127153215e-02,3.947343191510681304e-02,2.856826004812938469e-01,2.252364883943878127e-01,2.280075927343556130e-01,1.778438441535843684e-01
6.284695407754307961e-02,9.646221268384075342e-02,7.357990503439594543e-02,4.361571788005646488e-01,1.720696401976362366e-01,1.588841092060192806e-01
8.823100556188281929e-02,7.906836700890075564e-02,8.216800225560373649e-02,4.972704573112418647e-01,1.272159150462530974e-01,1.260462528161177265e-01
6.493936029243227437e-02,4.317074855080225981e-03,4.592648478269410472e-01,1.185268781139446476e-01,1.715719592475861144e-01,1.813798796640156696e-01
0.000000000000000000e+00,0.000000000000000000e+00,5.883281174419180415e-02,4.849611397745575703e-01,2.234598714442881037e-02,4.338600613368217007e-01
3.844847183534175206e-02,3.964218210631281075e-02,9.079609288125882471e-02,5.569288104517731153e-01,6.362688102310883054e-02,2.105575617022046320e-01
6.068618405964920637e-02,5.610961548066726451e-02,8.580249186414569407e-02,2.572942062885237302e-01,1.014499181446112258e-01,4.386575841624029692e-01
3.213759945249276828e-02,7.931955281972406790e-02,2.985433002099618233e-02,1.644049135112084781e-01,8.038076933998763995e-02,6.139028348555909398e-01
1.990977324365567069e-02,1.555658056244130574e-03,1.190205925982189689e-01,3.573730598093724509e-01,2.438813593355900200e-01,2.582595569569188232e-01
0.000000000000000000e+00,0.000000000000000000e+00,0.000000000000000000e+00,8.401250000000001217e-01,0.000000000000000000e+00,1.598750000000000171e-01
9.192091941070675010e-02,0.000000000000000000e+00,3.257603490524870749e-01,3.524888464064829252e-01,1.060453189512947508e-01,1.237845661790284574e-01
3.474999999999998923e-03,1.019999999999999900e-02,1.619249999999999856e-01,4.842249999999999055e-01,1.851249999999999563e-01,1.550499999999999934e-01
2.814007877733397736e-02,1.279531787140314285e-02,1.614178001584417599e-01,3.684347016628967686e-01,1.713756814159797526e-01,2.578364201139445311e-01
1.242214905728374341e-01,1.497107312770374898e-01,1.780479714645309963e-01,2.460380489475715859e-01,2.001685638147270851e-01,1.018131939232953531e-01
8.196973261834046565e-02,1.708035836222463258e-02,3.876099142527363872e-01,2.004242625636329933e-01,1.263769813538035136e-01,1.865387508492620527e-01
1.059294157893436034e-01,1.482762094476947345e-01,2.616456995236007277e-01,2.285844334151451163e-01,1.919329770092414178e-01,6.363126481497444198e-02
6.443305139019286920e-02,7.993039767312261346e-02,1.223948622779232748e-01,2.229043453759131099e-01,2.933555101233752405e-01,2.169818331594729477e-01
2.019949987645562051e-01,1.239557148581826584e-01,0.000000000000000000e+00,7.328931066094439284e-03,3.054817346457179283e-01,3.612386206654488174e-01
1.129914737821041543e-01,1.062583726319408090e-01,1.511777160224233585e-01,3.021866064512445105e-01,1.028167681949441886e-01,2.245690629173429931e-01
1.032479856108370862e-02,0.000000000000000000e+00,2.064959712216741725e-02,6.843250280959700671e-01,1.927044519758470409e-01,9.199612424493175400e-02
4.426756180821808662e-02,7.521968509857686336e-02,1.484146868720581935e-01,1.737961986511316059e-01,3.422039690882010543e-01,2.160978984818141546e-01
1.155217888018726935e-01,1.454995478543559817e-01,2.494620974532089641e-01,2.215578627298057657e-01,1.262442258054450872e-01,1.417144773553115078e-01
2.526979892771078276e-02,6.160606356008758305e-02,2.118045480918551993e-01,1.924154348158208239e-01,1.694935036387870686e-01,3.394106509657385251e-01
0.000000000000000000e+00,0.000000000000000000e+00,4.328000000000000180e-01,5.672000000000000375e-01,0.000000000000000000e+00,0.000000000000000000e+00
5.667279084716429077e-02,1.514344326367958182e-01,5.013718750500768817e-02,2.465204682253296919e-01,1.737808008275996408e-01,3.214543199581028632e-01
3.851260581266877786e-02,3.159237195570486090e-03,2.315302646597889868e-01,2.845526606419623294e-01,3.296188275847974913e-01,1.126264041052121162e-01
1.019634260324148861e-01,4.000656180416550106e-02,1.593212867079500938e-01,2.822977885052275204e-01,2.359873580654975600e-01,1.804235788847444455e-01
0.000000000000000000e+00,0.000000000000000000e+00,3.070929436052259598e-02,5.401709495282300821e-01,0.000000000000000000e+00,4.291197561112472525e-01
1.256752036704169573e-01,6.376513248430643044e-02,1.670893659407184095e-01,5.960628741775929329e-02,3.922756914771753367e-01,1.915883190096234201e-01
1.191196247067612679e-01,1.097344842793285535e-01,1.738182558115431986e-01,2.640440460601119477e-01,8.344394093110599209e-02,2.498396482111491235e-01
5.831354647373702266e-02,6.396671288405448436e-03,3.600278901843960155e-01,1.091949416408977275e-01,3.131167789709943805e-01,1.529501714415693048e-01
5.714999999999999941e-02,5.237499999999999795e-02,0.000000000000000000e+00,5.892499999999999405e-01,5.952499999999999458e-02,2.416999999999999982e-01
1.069925057251434192e-02,7.492317538416497225e-02,2.038937366193233902e-01,3.303898516307399169e-01,1.497680204075206301e-01,2.303259653857367140e-01
0.000000000000000000e+00,8.147540909370261375e-02,1.491012429095557312e-01,2.716082643055021673e-01,1.522208469503477657e-01,3.455942367408919025e-01
1.522214805610917487e-01,6.802784177059945092e-02,2.361649882781961529e-01,3.428252732151945703e-02,3.282389498164317576e-01,1.810642122521615716e-01
1.092498510622869068e-01,3.252128572545464474e-02,2.439789195047243342e-01,7.586710496949904126e-02,3.389133523498990552e-01,1.994694863881360247e-01
1.256648792699610433e-02,3.424983964416584981e-02,6.938672549494319386e-02,5.917842123104638530e-01,0.000000000000000000e+00,2.920127346234311361e-01
0.000000000000000000e+00,0.000000000000000000e+00,0.000000000000000000e+00,4.283749999999999503e-01,9.752500000000000058e-02,4.741000000000000214e-01
2.888816931113370734e-02,2.598393164907132971e-02,7.797749616546233165e-02,4.174848546625797852e-01,8.225547407272713885e-02,3.674100741390256553e-01
1.000286180439673156e-01,7.480750865901963399e-03,1.775941280335879835e-01,3.399033036164311183e-01,1.630551058243477069e-01,2.119380936157637674e-01
8.111603057833198516e-02,2.848474866215500514e-02,1.625771013276835208e-01,1.125626516100500796e-01,1.291513765760497756e-01,4.861080912457296788e-01
7.507436209338727573e-02,0.000000000000000000e+00,3.222737450512093149e-01,3.786776394891060438e-01,1.329428800712942615e-01,9.103137329500295138e-02
1.811746232823568115e-01,7.919602030643163593e-02,1.975148596774704557e-01,1.403988504451814390e-01,1.980978488323608955e-01,2.036177974561987902e-01
1.475076428795309147e-01,5.762581506118828051e-02,2.593724571501313525e-01,0.000000000000000000e+00,4.479563492428397797e-01,8.753773566630965175e-02
5.186588026687294350e-02,0.000000000000000000e+00,0.000000000000000000e+00,4.129810520084011283e-01,5.030421550461856156e-02,4.848488522201074846e-01
1.329662987891653270e-01,5.056841285740232977e-02,1.059173533404437623e-01,2.473997460513548963e-01,2.354438225318461475e-01,2.277043664297874748e-01
8.166428801032850349e-02,3.963484592404466211e-02,2.334529887435179418e-01,3.581881581885625332e-01,1.350962457870434896e-01,1.519634733465027865e-01
1.378463366519411537e-01,1.118152396209895344e-01,1.986331767308716911e-01,8.011491050268511327e-02,3.428564153309849871e-01,1.287339211625276036e-01
1.600416315435972958e-01,5.194355383793895081e-02,7.213143956894525755e-02,4.375877969049099536e-01,4.817845122307642253e-02,2.301171269215320780e-01
1.383344370114873156e-01,7.673836296338962248e-02,1.208685758026742246e-01,1.252395662600148951e-01,1.651518802732502011e-01,3.736671776891836716e-01
9.710435743220403870e-02,5.114637777205584962e-02,1.463859662092170666e-01,1.333712232180215285e-01,3.815042353929425367e-01,1.904878399755590979e-01
1.990792656283984774e-01,1.231920290673028939e-01,2.312333975605679881e-01,2.199739575424989324e-01,1.675424137903282762e-01,5.897893641090338340e-02
1.734595383223915543e-01,1.862270728394103403e-01,1.544006389387792277e-01,1.045753633427444484e-01,2.026591768722416365e-01,1.786782096844329037e-01
0.000000000000000000e+00,0.000000000000000000e+00,1.741497917158936481e-01,5.407032426450928408e-01,3.770341229027975027e-02,2.474435533487338024e-01
1.636216088950707970e-01,2.419827460699804089e-02,2.227571691947644039e-01,2.979952701044825680e-01,9.259947513230296079e-02,1.988282020663811045e-01
7.419365491036264415e-02,3.913716426002522564e-02,1.747896663560637720e-01,3.754614042400126750e-01,1.667880568006626096e-01,1.696300534328729903e-01
6.942693318139324388e-02,1.334779696877598232e-01,2.188195127789961392e-01,1.178613299302138512e-01,1.182712862938299359e-01,3.421429681278068680e-01
5.040320070290423699e-02,4.679764367186273893e-02,2.219033858276849569e-01,2.257499237016197258e-01,1.381301331547277189e-01,3.170157129412006225e-01
1.571907512091303694e-01,1.060377616167476611e-01,1.311301367146517627e-01,1.944715038533546547e-01,2.545410253393556865e-01,1.566288212667598934e-01
7.172320691982700391e-02,4.464888377790555279e-02,6.884827879303016818e-02,2.862928426789330127e-01,9.469763255918603462e-02,4.337891552711181098e-01
5.700804088584425500e-02,2.276619814597027197e-02,4.451811295121170242e-01,1.920319559060500560e-03,3.420747385537121210e-01,1.310495733432957832e-01
1.027499999999999941e-02,0.000000000000000000e+00,5.555000000000000215e-02,6.009750000000000369e-01,1.917750000000000010e-01,1.414249999999999952e-01
1.119213581923088896e-01,5.424753467698324033e-02,1.024158454580510191e-01,3.643718418369100154e-01,1.302189873189509850e-01,2.368244325167957465e-01
1.587109272523361536e-01,1.141131934086497129e-01,3.026832863619297043e-01,2.093654819071675555e-01,1.464966437990362080e-01,6.863046727088080445e-02
1.103179543408626673e-01,1.431284779871579323e-02,3.701806598506582890e-01,0.000000000000000000e+00,4.536782510878172858e-01,5.151028692194590392e-02
2.650531600128128856e-02,0.000000000000000000e+00,4.634434283572388957e-02,4.600751090008295408e-01,2.198658282393919361e-01,2.472094039227733797e-01
1.825538899053710529e-01,9.351369017579901077e-02,1.063504494047084747e-01,1.664499580245266674e-01,2.559877198521134933e-01,1.951442926374811759e-01
1.208060021523059829e-01,7.453199799277605841e-02,2.088369749702794209e-01,2.734959269462299281e-01,1.710622137643398599e-01,1.512668841740688608e-01
1.029387471314916619e-02,9.085099049355158107e-02,2.058774942629833238e-02,9.663642590050389169e-02,1.921272820549081717e-01,5.895036774115889333e-01
7.424079416384715691e-02,1.046017653707508564e-02,1.009160961406141005e-01,1.788659127589482811e-01,2.546952247101727518e-01,3.808217956893427680e-01
5.595387899022541411e-02,9.455261178533819200e-02,1.983348560067887123e-01,2.144361743384584906e-01,2.665939742426331471e-01,1.701285046365560161e-01
9.077183291175075497e-02,5.692468189128478684e-02,1.340766137801709390e-01,2.686340269542331627e-01,1.712059606959277225e-01,2.783868837666325646e-01
2.045164613265533504e-01,1.153817443406841003e-01,2.976454414428081896e-01,0.000000000000000000e+00,2.968632893461065625e-01,8.559306354384779714e-02
1.027864817800101527e-01,5.860331631548081760e-02,2.797368922638856503e-01,3.577322553494546309e-01,1.134544297063363322e-01,8.768662458483249267e-02
9.984997314151186631e-02,5.696754107178734344e-02,1.392806715615824420e-01,3.516949891013343432e-01,1.377649176695871502e-01,2.144419074541966397e-01
6.475696577887789240e-02,1.897664893838579836e-02,1.744953399423167795e-01,6.218876322890911634e-01,3.034579512188616615e-02,8.953761792944213427e-02
3.257313969264987175e-01,1.704906403150239780e-01,2.323803804054550004e-01,0.000000000000000000e+00,2.099078806024182731e-01,6.148970175060412130e-02
1.801976996114534046e-01,5.264840924279181461e-02,1.777444708483475466e-01,3.520867019940215337e-01,1.103593917603585134e-01,1.269633265430272495e-01
1.051205079629830841e-01,8.561823921512154434e-02,2.074238568626512735e-01,1.841130595264815206e-01,1.812082336248776182e-01,2.365161028078849315e-01
1.205901209302554233e-01,3.270134994234715625e-02,1.513566636941542920e-01,1.303836577274425368e-01,8.581249480109257033e-02,4.791557129047078756e-01
4.631088590376945119e-02,4.321740453486802927e-03,3.352706861812431716e-01,1.157732528339779077e-01,2.281424489288857993e-01,2.701809856986368552e-01
1.276629163174808346e-01,1.582556845244270094e-01,1.713428411763913417e-01,1.900096407609145888e-01,2.149774546413551757e-01,1.377514625794312719e-01
7.869641699617486996e-02,3.027928017599431851e-02,3.358316194945376032e-01,2.521989306270630213e-02,4.866199704466631082e-01,4.335281982392382577e-02
4.291932342465986511e-02,9.837215429135235875e-03,2.168530484382437673e-01,4.028176361530751981e-01,1.657324242852153406e-01,1.618403522696706953e-01
1.235369145107873545e-01,4.816765683916155241e-03,3.750918966995997472e-01,1.322010344108970337e-01,1.677557192258661845e-01,1.965976694689334225e-01
1.831539566079109019e-02,7.498355478525127460e-02,1.087323805665162402e-01,1.479775734501097284e-01,3.016712786171860672e-01,3.483198169201455197e-01
9.770350334888337762e-02,3.141637882625007705e-02,2.953052833135939581e-01,6.269619338625415095e-02,1.086330593999381977e-01,4.042455817250802941e-01
1.609234192000585928e-02,3.843793252349717721e-02,2.310325618449282359e-01,2.067365223837180355e-01,8.837869275123788615e-02,4.193219485766127019e-01
1.081249999999999711e-01,7.484999999999998599e-02,2.429749999999999965e-01,2.515499999999999403e-01,2.236499999999999877e-01,9.884999999999997955e-02
5.965397389487553381e-02,9.767177303158172674e-02,1.910353743148026362e-01,1.953963088189092923e-01,2.907683401701707249e-01,1.654742297696601694e-01
1.775218558346320918e-01,5.535456674956247547e-02,4.415264318144003775e-01,0.000000000000000000e+00,2.088957769506396278e-01,1.167013686507654135e-01
1.218159651526822505e-02,2.302472235736408978e-03,1.613094093020874531e-01,4.384471549562546921e-01,1.152378545741220839e-01,2.705215124165311069e-01
4.420398382600965875e-02,1.972388497574656049e-02,1.854815846203350105e-01,5.395875550365527087e-03,5.951525315886381229e-01,1.500421394389051533e-01
6.281999999999999806e-01,0.000000000000000000e+00,0.000000000000000000e+00,0.000000000000000000e+00,1.794999999999999929e-01,1.922999999999999987e-01
5.333841487705975187e-02,1.642443764892159708e-02,2.595031439167061471e-01,1.988693157116854793e-01,3.358523848457451444e-01,1.360123029998820121e-01
3.442012809497663889e-02,6.440091837210584064e-03,1.773379878942195065e-01,1.887404540681826559e-01,3.580762837351563754e-01,2.349850543702541872e-01
0.000000000000000000e+00,5.298675739851882102e-03,4.179237203263455602e-02,6.045411264947910812e-01,7.054950421699500429e-02,2.778183215157274955e-01
2.243253429840980639e-01,1.519233332968232264e-01,2.236154764870343370e-01,5.644105464327338340e-02,2.719344373309906526e-01,7.176035525778028112e-02
1.612871566299702020e-01,9.735532237136408640e-02,3.578980016804862996e-01,0.000000000000000000e+00,3.048587527682860565e-01,7.860076654989316125e-02
4.008882079310843727e-02,1.960975886616245778e-01,1.735888942543748481e-01,4.485355651765039753e-02,2.959360784092937013e-01,2.494350613639480518e-01
1.133121309107088387e-01,4.554712166819553654e-02,2.500125811000582510e-01,2.023335165212048481e-01,2.746502434115539737e-01,1.141444063882784965e-01
1.117004238047007020e-01,7.017684828309524170e-02,3.274328904420517605e-01,0.000000000000000000e+00,4.425927554700258559e-01,4.809708200012639823e-02
1.234935348534571820e-01,6.168351911853360570e-02,2.307407773944222251e-01,2.404547392670546291e-01,1.932270563570219202e-01,1.504003730095104518e-01
1.018376292727680155e-01,7.917117739739365501e-02,1.417872753984157352e-01,1.814397692124076478e-01,2.315955972811671870e-01,2.641685514378477873e-01
1.132454042263806443e-01,1.070325750102741474e-01,7.443153975705729675e-02,3.988562842489097593e-02,2.105719472638500345e-01,4.548329053175468872e-01
0.000000000000000000e+00,7.769102118620933861e-02,0.000000000000000000e+00,5.136415993760630183e-01,1.590887519396411709e-01,2.495786274980865138e-01
7.371737736064047641e-02,3.888592778004106715e-02,1.358959064100519198e-01,3.520419829406766787e-01,1.657173802433220544e-01,2.337414252652679492e-01
1.095252794168673494e-01,4.983089609016134319e-02,1.404288953497103420e-01,4.301965097734342103e-01,7.119751984493727370e-02,1.988208995248894051e-01
1.430750000000000077e-01,4.825000000000000122e-02,1.179750000000000104e-01,3.410750000000000171e-01,1.219000000000000222e-01,2.277250000000000663e-01
1.339416166885467330e-01,9.084924885100092995e-02,3.847507217090244125e-01,1.427631053372871717e-01,1.044802614479587860e-01,1.432150459661818420e-01
0.000000000000000000e+00,0.000000000000000000e+00,3.309999999999999748e-02,4.966999999999999749e-01,9.270000000000000462e-02,3.775000000000000022e-01
9.243655026339007985e-02,1.171079970165978534e-01,1.749447770131873359e-01,1.292987373856629707e-01,2.419208240992171410e-01,2.442911142219446885e-01
1.363956957009319071e-01,3.698746913377544410e-02,1.411629695003963070e-01,3.890895763164022858e-01,9.705981582850406464e-02,1.993044735199898387e-01
1.081249999999999989e-01,7.484999999999999987e-02,2.429749999999999688e-01,2.515499999999999958e-01,2.236500000000000432e-01,9.884999999999999343e-02
5.683489796124679971e-02,4.603398946800039276e-03,3.071315419761155852e-01,2.688399391940606842e-01,1.396412828522919092e-01,2.229489390694850415e-01
0.000000000000000000e+00,1.097747489422234296e-02,7.034769848728859853e-02,5.317306408673876383e-01,1.335861647187621681e-01,2.533580210323391757e-01
4.822512579567746205e-02,3.945082280909929795e-02,2.552257174571902487e-01,3.575618875285621057e-01,1.448351799541425511e-01,1.547012664553283345e-01
1.027499999999999941e-02,0.000000000000000000e+00,2.054999999999999882e-02,6.476500000000000590e-01,1.917750000000000010e-01,1.297500000000000042e-01
4.907138486225811475e-02,1.707684193206582268e-02,9.600816448300800166e-02,6.221960640620701755e-01,4.053296389622520340e-02,1.751145807643727792e-01
1.092300051340785172e-01,5.297897908956411550e-02,9.994915409484833591e-02,3.727716267117189286e-01,1.270179677002728491e-01,2.380522672695171704e-01
0.000000000000000000e+00,0.000000000000000000e+00,8.055799942668863400e-02,5.222335852327133487e-01,1.307045452545470277e-01,2.665038700860510312e-01
6.121542016494428001e-02,5.039837885154603569e-02,6.966910581283936033e-02,4.415426991807767654e-01,2.506035113447787066e-01,1.265708846451149561e-01
1.000890915129478698e-01,7.461986516076110978e-03,1.775447414481716724e-01,3.398669514466915453e-01,1.630436096579492844e-01,2.119936194181634981e-01
5.168163626771396513e-02,5.810316964749641377e-02,1.168825567363446227e-01,3.899429596402394504e-01,1.731607165514591484e-01,2.102289611567464689e-01
0.000000000000000000e+00,9.935287379507379626e-03,2.783828561826675041e-01,4.549211206118596862e-01,5.995264100085089670e-02,1.968080948251145490e-01
1.487295929684692986e-01,2.096343890975983087e-02,2.188343231307907089e-01,3.069439114264337909e-01,9.497710503352564670e-02,2.095516285310207449e-01
7.532184805352262758e-02,2.159348733705411527e-02,1.569197575970909531e-01,2.585868255224225143e-01,2.853358132450291018e-01,2.022422682448808129e-01
1.145139634674455786e-01,2.117656767921647087e-01,8.211303663149728538e-02,3.052874561907897855e-01,1.268564998395842469e-01,1.594633670785185198e-01
5.714999999999999941e-02,5.237499999999999795e-02,0.000000000000000000e+00,5.892499999999999405e-01,5.952499999999999458e-02,2.416999999999999982e-01
7.949906815836492446e-02,0.000000000000000000e+00,4.028350157852793323e-02,3.945888837208333388e-01,4.028350157852793323e-02,4.453450449637458841e-01
1.591100498596411950e-01,5.338582394176097368e-02,1.484152405299131727e-01,3.597954721456364524e-01,1.135692001094907866e-01,1.657242134135573086e-01
3.446289343388858617e-02,0.000000000000000000e+00,5.612027187438321102e-02,5.598752500089594353e-01,1.293026389302486499e-02,3.366113207897439841e-01
0.000000000000000000e+00,5.882500000000001616e-02,3.145250000000000545e-01,2.488000000000000211e-01,2.480750000000000177e-01,1.297750000000000292e-01
5.374618087946768374e-02,4.925557696521644380e-02,7.715201111100745447e-03,5.299286289691373941e-01,5.854324463105535503e-02,3.008111674440223648e-01
0.000000000000000000e+00,5.597924635963697632e-02,4.496420553324007377e-03,6.729590449155004039e-01,1.534016916816571541e-01,1.131635964898815710e-01
6.946559907529457900e-02,4.652957497185745799e-03,3.805890264866480521e-01,1.354247695257036477e-01,1.641660403876177565e-01,2.457016070275502839e-01
1.411995751945938071e-01,9.535391786912898737e-02,2.076576315252938176e-01,1.979896222063406708e-01,2.228701197779400789e-01,1.349291334267026243e-01
8.791565809247532670e-02,7.877414991731358784e-02,8.211303663149727150e-02,4.981436241177246149e-01,1.268564998395842192e-01,1.261970314014049799e-01
1.624204848752313357e-01,8.683524675354933886e-02,2.966128049310580717e-01,6.332522648064405069e-02,3.194167476929594685e-01,7.138948926655781790e-02
1.614901542060414447e-02,1.614901542060414447e-02,0.000000000000000000e+00,7.710425134638109190e-01,8.087026326907192919e-03,1.885724293680736408e-01
5.670247136972232822e-03,5.189075144818918600e-02,1.534870874521516437e-01,3.779037567649133900e-01,1.887492580192034197e-01,2.222988991785701529e-01
1.988795884018454072e-02,8.095306594163975689e-02,6.367171613473529557e-02,2.737576722010867658e-01,3.394366959814872908e-01,2.222928909008663190e-01
4.908898004453858543e-02,4.312211662119954173e-03,4.779155300022252528e-01,2.708068923811330492e-02,3.133253849000683933e-01,1.282772041529344764e-01
1.027499999999999768e-02,0.000000000000000000e+00,5.554999999999998828e-02,6.009750000000000369e-01,1.917749999999999733e-01,1.414249999999999674e-01
1.205733922072551034e-01,6.495399196403900399e-02,2.161625482948707211e-01,1.604905173361550474e-01,3.273071413780168082e-01,1.105124088196632048e-01
1.241233772327836674e-02,1.737727281258971690e-02,4.222628617625091840e-02,5.936083777326707223e-01,0.000000000000000000e+00,3.343757255552102792e-01
2.651352780967515532e-02,3.241958524914591994e-02,1.249906970939315409e-01,3.675049843936291638e-01,1.465799404080059820e-01,3.019912650456123004e-01
8.267899306852156960e-02,6.699471158425950035e-02,9.173816367402724825e-02,1.085429555487473219e-01,2.911333177817259643e-01,3.589118583427182707e-01
3.631110696104015295e-02,4.109639848943979351e-02,7.638637589162750041e-02,5.247431667194325522e-01,2.383553526760983643e-01,8.310759926236163664e-02
8.791565809247532670e-02,7.877414991731358784e-02,8.211303663149727150e-02,4.981436241177246149e-01,1.268564998395842192e-01,1.261970314014049799e-01
2.582487173747577067e-02,0.000000000000000000e+00,5.175477349594582305e-02,4.604678122407377949e-01,2.142214344270294835e-01,2.477311080988111869e-01
7.363827542828350892e-02,8.495190556176597518e-02,0.000000000000000000e+00,6.262514873524885894e-01,7.929509049502475593e-02,1.358632411624371150e-01
1.439122262391047957e-01,1.069364073633698176e-01,2.626644314310535577e-01,1.082195467504450254e-01,2.863844014571252927e-01,9.188298675890139988e-02
1.590960225994350052e-01,4.632384190395240353e-02,1.641708957276068193e-01,2.598935026624334954e-01,1.623459413514662109e-01,2.081697957551061351e-01
5.643041480971322521e-02,4.492826037322325550e-02,5.055537744864258692e-02,3.177684827769300946e-01,6.382287241713714698e-02,4.664945921743535728e-01
5.040320070290423699e-02,4.679764367186273893e-02,2.219033858276849569e-01,2.257499237016197258e-01,1.381301331547277189e-01,3.170157129412006225e-01
1.680012165421364972e-02,1.578491704076679381e-01,6.393833219167673054e-02,1.549964264540773240e-01,1.769998021789577214e-01,4.294161471134065322e-01
1.547151842462332894e-01,9.917367605027929689e-02,1.709496899207449405e-01,2.015059770710642406e-01,2.439541551952420784e-01,1.297013175164360155e-01
1.214716380307510474e-01,7.488394498204813121e-02,3.291017153096069681e-01,5.925943087552636851e-02,3.117350161692456489e-01,1.035482546328219261e-01
1.798994144890403990e-01,4.710293187026595718e-02,1.845859796896738569e-01,2.381173920782594933e-01,9.307682915458753703e-02,2.572174527181727011e-01
1.940975451931023221e-01,1.288256015787975217e-01,3.224571984424323690e-01,8.105017148088333734e-02,1.364649802511233578e-01,1.371045030536611198e-01
1.555499999999999938e-01,9.639999999999999958e-02,2.375000000000000167e-01,2.860250000000000292e-01,1.372000000000000164e-01,8.732499999999999984e-02
0.000000000000000000e+00,0.000000000000000000e+00,2.048086434835997560e-01,3.143007582736172534e-01,2.674724308439885290e-01,2.134181673987944894e-01
2.726999999999999980e-01,2.172000000000000042e-01,2.172000000000000042e-01,0.000000000000000000e+00,2.172000000000000042e-01,7.580000000000000626e-02
1.929483997026531228e-01,1.714404514386835138e-02,3.537218612723587174e-01,5.184947357711802013e-02,1.847493974690609109e-01,1.995868228349408913e-01
0.000000000000000000e+00,0.000000000000000000e+00,0.000000000000000000e+00,1.000000000000000000e+00,0.000000000000000000e+00,0.000000000000000000e+00
4.562816152121247637e-02,1.054091615110401212e-02,8.690956650791356597e-02,4.090525200968804787e-01,7.019906164033604123e-02,3.776697740825534222e-01
5.049794636816573590e-02,4.688561177350168002e-02,2.223205098122896517e-01,2.246954750274044732e-01,1.383897839541986807e-01,3.172106730644396744e-01
1.075958347687238775e-01,7.448368307458019810e-02,1.462557023364919606e-01,4.498815012869936680e-01,1.150840073156339377e-01,1.066992712175764829e-01
4.649999999999999967e-02,0.000000000000000000e+00,3.952999999999999847e-01,0.000000000000000000e+00,5.000000000000000000e-01,5.809999999999999887e-02
4.225452012303759775e-02,3.168413153179786695e-02,1.013784072049846580e-01,3.032043973785041868e-01,9.505239459539362168e-02,4.264261491662821868e-01
0.000000000000000000e+00,0.000000000000000000e+00,1.291895188288380292e-01,3.969997031479258198e-01,2.653110387460636543e-01,2.084997392771724412e-01
8.662283442913926157e-02,3.157421064473387579e-02,1.236219094522636869e-01,3.407164820879477474e-01,2.834179145521361631e-01,1.340466488337791195e-01
0.000000000000000000e+00,0.000000000000000000e+00,6.558285591071791841e-03,6.425277412934833343e-01,1.179213818290765631e-01,2.329925912863684279e-01
2.462273780964714387e-01,5.663245577625808380e-02,1.462676868034100408e-01,8.300910517544288214e-02,2.086713559473958035e-01,2.591920182010217233e-01
9.184044124164575384e-02,5.081994337319226118e-02,3.499137783217423081e-01,1.852899217110240970e-01,1.342722460283575503e-01,1.878636693240380295e-01
6.584242729566922026e-02,7.943741252234967631e-02,6.992490671967289961e-02,4.564401146137213039e-01,9.855204902213776652e-02,2.298030898264492028e-01
6.359671292262701614e-02,7.538158179284519533e-02,2.172346915913172527e-01,2.088874807790951083e-01,2.386934821092953629e-01,1.962060508048200924e-01
8.254576416919069681e-02,8.771996760811612281e-02,4.106032466153231725e-02,3.550536984450893829e-01,1.387140468674448734e-01,2.949061982486266276e-01
0.000000000000000000e+00,1.474000000000000032e-01,0.000000000000000000e+00,6.320000000000000617e-02,0.000000000000000000e+00,7.894999999999999796e-01
0.000000000000000000e+00,0.000000000000000000e+00,0.000000000000000000e+00,7.680922207464034868e-01,0.000000000000000000e+00,2.319077792535964855e-01
4.297250364095574204e-02,1.789714386777558064e-01,5.400203803076718267e-02,1.066895659799495522e-01,3.436901754869958053e-02,5.829954361218722125e-01
1.820460856981870879e-01,8.734736635781331637e-02,3.015949700177344983e-01,4.246046802125750391e-02,3.341099569496651100e-01,5.244115295534253901e-02
0.000000000000000000e+00,0.000000000000000000e+00,7.594646960269632596e-02,4.569395959606911140e-01,3.380504318597160607e-02,4.333088912506409818e-01
2.772465036758165469e-01,1.185205996131312584e-01,3.595076927032136438e-01,0.000000000000000000e+00,1.748406623617548283e-01,6.988454164608372265e-02
1.549858641363489713e-02,3.868447168843270213e-03,1.163013924479162735e-02,6.009052004143359271e-01,2.572269389898156344e-01,1.108706877685786130e-01
0.000000000000000000e+00,0.000000000000000000e+00,2.328859200034344434e-01,4.072407760250438269e-01,1.417360378545260702e-01,2.181372661169956040e-01
1.371201194735927609e-01,3.718391669609307643e-02,1.419127131810891951e-01,3.633342852999820183e-01,9.757531917774774077e-02,2.228736461714952433e-01
0.000000000000000000e+00,4.421792651924255808e-03,5.490920646692866620e-03,7.120433098190062093e-01,2.248309399929646762e-02,2.555608828830802648e-01
2.065231357083440467e-01,8.464277922222855632e-02,8.767346836157746681e-02,2.607809442742115569e-01,1.738456334253114244e-01,1.865340390083269351e-01
5.922080883485583008e-02,2.139273534148425360e-02,2.466038642285159899e-01,2.015331266549676426e-01,3.122240042403370275e-01,1.590254606998392217e-01
3.358101198363055290e-02,0.000000000000000000e+00,1.018743693160144986e-02,5.638725513693542135e-01,1.292554781457457835e-01,2.631035215696679863e-01
0.000000000000000000e+00,0.000000000000000000e+00,1.287185508269569345e-01,5.696358160964789530e-01,9.776902159524596125e-02,2.038766114813180264e-01
1.113474422523303836e-01,1.338447715528273164e-02,9.903617266762240745e-02,1.992016285313901180e-01,1.606047675819229914e-01,4.164255118114513210e-01
1.388618525803966552e-01,3.765623584953938646e-02,1.437153229787817288e-01,3.575336063253077845e-01,9.881474461342620863e-02,2.234182376525482849e-01
6.466891421107846816e-02,9.576521897873356559e-02,1.764070056433418576e-01,2.240322804836321069e-01,2.989712210184710117e-01,1.401553596647429623e-01
8.723074129852936842e-02,7.816526990538096020e-02,8.137431370793904439e-02,4.931994144518227485e-01,1.258286948486227186e-01,1.342015657877052015e-01
8.315501632887434269e-02,6.609055755960191458e-02,1.787890592646383114e-01,1.836894221279218864e-01,3.094647801079393745e-01,1.788111646110242814e-01
5.714999999999999941e-02,5.237499999999999795e-02,0.000000000000000000e+00,5.892499999999999405e-01,5.952499999999999458e-02,2.416999999999999982e-01
9.050766245589045300e-02,1.219051895320554663e-02,9.526740291993344989e-02,4.655246275703617820e-01,1.273046877497340246e-01,2.092051003508747786e-01
4.162690571444795096e-02,5.600924896700563808e-03,3.061078682173491439e-01,5.872335354249930833e-03,4.987892705134903681e-01,1.420026953037620554e-01
7.197807979678391699e-02,4.840853576519658398e-03,2.473469618090084476e-01,2.002861441251439500e-01,3.106135353831865342e-01,1.649344253093573964e-01
1.548580600023516940e-01,2.219818532900041594e-02,2.237464056030905868e-01,3.038376616906931504e-01,9.154472026022478226e-02,2.038149671146392838e-01
2.031817278715115915e-01,3.461664886309499117e-02,4.294978342726927800e-01,2.954528622064058266e-02,1.738616790689267999e-01,1.292968237031333623e-01
7.835498039556446082e-02,1.076159623759106662e-02,2.454150368162198725e-01,1.303615832469331159e-01,3.981232166049968324e-01,1.369835866986946482e-01
1.435124272609858698e-01,5.853374802418709333e-02,9.953003195885599952e-02,1.800424486777865429e-01,2.681391451529716585e-01,2.502421989252127665e-01
1.234935348534571820e-01,6.168351911853360570e-02,2.307407773944222251e-01,2.404547392670546291e-01,1.932270563570219202e-01,1.504003730095104518e-01
0.000000000000000000e+00,0.000000000000000000e+00,4.789923576055434701e-02,5.711681186834124402e-01,2.052472396529926579e-02,3.604079215907339817e-01
3.339031861190677741e-02,4.673708963903215434e-03,3.490494217112454223e-01,2.759002397773233084e-01,1.576607644664556052e-01,1.793255464691656809e-01
5.827191292976795396e-03,1.399647716856626256e-01,6.023063269211310217e-02,5.201860792727293348e-02,4.286042087683609170e-01,3.133545876336136793e-01
6.810587502194968834e-02,3.033997893956234468e-02,8.513347631301028395e-02,4.960084880920769268e-01,2.875902482005741195e-02,2.916531568133433616e-01
1.244968875778105499e-01,7.484812879678008624e-02,2.377440563985900590e-01,2.515437114072148761e-01,2.451188720281993194e-01,6.624834379140520646e-02
1.570894139490303931e-01,1.345501662000180565e-01,3.149874017106972235e-01,1.206503743519099364e-01,1.656552894643114338e-01,1.070673543240329151e-01
1.430749999999999522e-01,4.824999999999998734e-02,1.179749999999999827e-01,3.410749999999999615e-01,1.218999999999999667e-01,2.277249999999999552e-01
1.753318999221224056e-02,1.250800207728554325e-01,1.420618496482997928e-01,2.050862630933760755e-01,8.265646710614342474e-02,4.275822093871129992e-01
1.037838086336020788e-01,1.337077559673517935e-01,2.192615675357790367e-02,3.754416748747586019e-01,8.034550313839809721e-02,2.847951006323114487e-01
9.425199767857903033e-02,4.019574901917948029e-02,1.063749116400206363e-01,3.555078806729951579e-01,2.924360616565462312e-01,1.112333993326794501e-01
6.039032937932361719e-03,4.558054958081698797e-03,6.242025641728407570e-02,3.459025122524697071e-01,3.313349942163368311e-01,2.497451492178953680e-01
7.966838020954145061e-02,0.000000000000000000e+00,9.977202189291911605e-02,2.120842362894529987e-01,6.110149122599945609e-02,5.473738703820870688e-01
4.375604232127153215e-02,3.947343191510681304e-02,2.856826004812938469e-01,2.252364883943878127e-01,2.280075927343556130e-01,1.778438441535843684e-01
9.756232565462534534e-02,2.397260243980903899e-02,1.203266935885320965e-01,1.688470603655364277e-01,2.171667840196967458e-01,3.721245339318003387e-01
1.079304652502009881e-01,6.905690302422164140e-02,3.112485281851567476e-01,1.319696554287252965e-01,2.170747432462739879e-01,1.627197048654215050e-01
8.447317010340542331e-02,4.976181345292150435e-03,9.122431075804410261e-02,3.979100026395019918e-01,1.226400874814109615e-01,2.987762476723453409e-01
1.590960225994350052e-01,4.632384190395240353e-02,1.641708957276068193e-01,2.598935026624334954e-01,1.623459413514662109e-01,2.081697957551061351e-01
