1.189581655153967299e-01,4.823108431181109129e-02,2.536455020087911572e-01,1.784041731371520945e-01,2.293600983952398253e-01,1.714009766316089978e-01
1.030402348187204192e-01,1.401137614446308979e-02,1.884606148357487188e-01,3.841579054485633193e-01,1.093994390097388220e-01,2.009304297427655650e-01
1.133419374422914017e-01,3.301271043118229886e-02,2.295291252564052586e-01,1.946240467104200511e-01,2.347634242963324569e-01,1.947287558633686577e-01
1.212011479230552802e-01,3.355243205040515236e-02,1.944115710352528337e-01,2.474624834810739693e-01,2.372860053388804735e-01,1.660863601713323812e-01
9.847711223049042395e-02,1.629197386658609234e-02,1.667912299920239205e-01,4.020361770109440180e-01,1.456692139937323938e-01,1.707342929062232728e-01
1.121991608410572577e-01,5.145039241824725385e-02,1.514274261413858236e-01,3.779706794373855483e-01,1.196661669453410737e-01,1.872861742165830290e-01
1.283768586380743815e-01,4.206959788880439838e-02,2.251123010370673638e-01,2.171649659103253027e-01,2.015348340883967027e-01,1.857414424373318440e-01
1.153948084438759236e-01,4.234482222489203973e-02,1.891727150015194425e-01,3.127239415119540955e-01,1.910025865907179765e-01,1.493611262270404527e-01
1.143331654804386893e-01,3.671345331967421077e-02,1.991072871283359191e-01,2.577947524162158555e-01,1.912970242789598097e-01,2.007543173763755018e-01
6.810691200188116745e-02,3.409514961137082717e-02,1.833311181938775125e-01,4.196917164860050065e-01,8.235143017071057392e-02,2.124236735361549056e-01
1.027719799868891115e-01,3.219571871711778693e-02,1.771790158796211490e-01,3.317819025175847147e-01,1.551212778452529251e-01,2.009501050535343059e-01
2.649999999999999925e-02,4.420000000000000318e-02,2.477999999999999925e-01,2.649999999999999925e-02,5.574999999999999956e-01,9.729999999999999760e-02
9.674197188378347301e-02,4.697534669073304137e-02,2.151429239737565613e-01,2.871104419797314566e-01,1.858514523257860096e-01,1.681778631462093609e-01
1.003249088008149881e-01,3.298901115364159808e-02,1.688302908636019617e-01,2.174574341380834386e-01,2.696424692319792649e-01,2.107558858118787348e-01
1.391801909559595152e-01,4.877650527625018717e-02,2.460302145109966032e-01,2.492826065386908319e-01,1.903707945664818713e-01,1.263596881516209913e-01
1.011250223218714689e-01,3.906109248199369360e-02,1.250445445346137774e-01,4.428556122145281271e-01,1.490497827337844139e-01,1.428639457132086232e-01
9.977240634368556016e-02,1.254637513307029981e-02,1.454847588847698048e-01,3.754763402599630706e-01,1.512827586989501094e-01,2.154373606795610685e-01
8.390406421929742786e-02,9.353918107062363443e-03,1.873116972694661708e-01,4.362999373499454325e-01,1.556858129677920755e-01,1.274445700864365871e-01
1.155264885371903305e-01,3.361755948673587902e-02,2.236763842771584687e-01,2.465774377698839726e-01,2.130626608875109962e-01,1.675394690415203114e-01
1.435536184428858886e-01,6.236598154826434454e-02,2.520365494811832030e-01,2.044363813358702486e-01,2.237925617823403324e-01,1.138149074094559621e-01
1.397976165172793439e-01,8.896715390341980445e-02,2.089882582167213732e-01,1.960118654413643968e-01,2.186049145665999449e-01,1.476301913546151923e-01
8.252001112779179526e-02,8.370751256058791417e-03,2.247255072408095300e-01,4.436936833672350811e-01,7.522486379917434074e-02,1.654651832089304997e-01
8.918350272528799416e-02,1.458239478804140496e-02,2.213409110036287375e-01,4.349658658296905456e-01,8.486660692980588228e-02,1.550607187235453766e-01
1.095426827155274313e-01,2.984656420451901188e-02,2.000328713196745378e-01,2.409438029146563631e-01,2.272982448497473940e-01,1.923358339958752272e-01
1.180464842407206588e-01,3.554855252791570136e-02,2.158923405116193739e-01,2.925191326845298367e-01,1.401277321539299014e-01,1.978657578812843820e-01
1.096512477916649492e-01,2.989072084552002809e-02,1.987900765814546722e-01,2.407358455316631618e-01,2.281094791546349754e-01,1.928226300950620919e-01
1.232700948231498506e-01,4.135772412132623921e-02,2.024501557308889532e-01,2.222894017610782535e-01,2.251778655214350389e-01,1.854547580421215536e-01
1.019086037010936696e-01,2.873720680030194402e-02,1.279683608904894632e-01,4.047384682517987664e-01,9.742361698019043337e-02,2.392237433761257304e-01
7.160298146482445281e-02,4.499872752109142227e-02,2.057146863858926311e-01,1.949379019837911842e-01,3.589883006544327126e-01,1.237574019899676248e-01
1.326743243243243275e-01,4.299594594594594033e-02,2.779081081081081206e-01,1.385702702702702738e-01,2.639756756756756473e-01,1.438756756756756627e-01
1.137656384828061445e-01,3.644178446629785934e-02,1.527068128816066461e-01,4.133452579516323500e-01,1.211958832393703611e-01,1.625446229782866459e-01
9.909447923567359096e-02,5.138789888441352288e-02,2.241906582328772046e-01,2.474588969617323997e-01,2.206602373553832042e-01,1.572078293299200291e-01
1.183806092565870133e-01,2.725595730046931342e-02,2.002654888135531330e-01,2.264587962391320375e-01,2.747229571295687345e-01,1.529161912606898377e-01
1.359318460618539059e-01,5.227984594404478519e-02,1.627176643111694909e-01,3.593246250485448989e-01,1.393147482618020128e-01,1.504312703725849965e-01
9.471602434838209683e-02,6.739069907414009519e-02,2.137832450650699045e-01,2.021257554460030581e-01,2.692074468045187463e-01,1.527768292618861823e-01
9.977240634368556016e-02,1.254637513307029981e-02,1.454847588847698048e-01,3.828665736622577920e-01,1.492259758902500788e-01,2.101039100859664610e-01
1.178935298662296544e-01,3.927131329622435274e-02,1.368660172172807554e-01,3.580393184151038910e-01,2.015157844800027354e-01,1.464140367251586528e-01
1.348256258163441357e-01,6.346015012399218447e-02,1.670565820256475487e-01,3.089989306933124680e-01,1.722680266774035962e-01,1.533906846632999699e-01
1.096512477916649492e-01,2.989072084552002809e-02,1.987900765814546722e-01,2.407358455316631618e-01,2.281094791546349754e-01,1.928226300950620919e-01
1.195840796858016891e-01,3.301125554779956589e-02,2.273857218255116996e-01,1.887856714663216362e-01,2.168025857024704073e-01,2.144306857720950921e-01
1.285146444173572156e-01,5.241375400402528001e-02,2.100054174422742725e-01,3.167432037871701356e-01,1.495458167581647235e-01,1.427771635910083103e-01
1.139404764812380899e-01,3.932955474617737257e-02,2.468792217404426337e-01,2.083881522423501054e-01,2.067250868546940124e-01,1.847375079350978833e-01
1.210106622345691746e-01,2.287150317306980291e-02,1.685597083135828844e-01,4.058719291824420261e-01,1.316438961657156459e-01,1.500423009306204591e-01
1.113014088952953423e-01,3.240538345553627825e-02,1.872515703504563922e-01,2.744627910474787269e-01,2.213347504510277119e-01,1.732440958002054998e-01
1.411177866537595971e-01,5.855435398486980719e-02,2.017705539134921622e-01,2.211249041736075560e-01,2.263227584721462238e-01,1.511096428021246607e-01
9.227688751926042821e-02,2.361979969183359424e-02,3.172292758089368392e-01,2.167396764252696728e-01,1.783406009244992985e-01,1.717937596302002989e-01
9.975653006522978983e-02,1.253649686764747237e-02,1.597531284154296016e-01,3.879652464778751697e-01,1.322328366294689694e-01,2.077557615443490213e-01
1.298196998690735182e-01,3.326514533888884351e-02,1.671043210058212047e-01,2.788633447567228085e-01,2.438300676697533753e-01,1.471174213597402913e-01
1.131581354044603749e-01,3.650540901596678600e-02,1.527216876027251424e-01,4.140219882033280840e-01,1.206889625646692665e-01,1.629038172088503045e-01
9.982606300748700368e-02,3.972517627309255644e-02,2.064134279576802511e-01,3.124805666531692006e-01,1.068764402534900654e-01,2.346783258550809159e-01
1.184265805437671737e-01,3.320378606238624103e-02,2.151175037929263234e-01,1.919933751008883194e-01,2.615338097075246004e-01,1.797249447925073906e-01
1.164712293943888088e-01,3.389247377149055135e-02,1.818022830967544190e-01,3.056480446829477060e-01,1.948743350508448380e-01,1.673116340035736560e-01
1.119620022573420831e-01,3.178495631813745698e-02,2.924773947316794409e-01,2.305418894921489881e-01,2.175774591907708999e-01,1.156562980099210824e-01
1.104848320647430771e-01,3.572667682142204731e-02,2.065694442166255140e-01,2.735165073222272647e-01,2.274882025913291528e-01,1.462143369836530205e-01
8.192962175838607031e-02,9.986300306512282607e-03,2.187769019950921434e-01,3.526779439130772187e-01,1.314079634451057743e-01,2.052212685818264604e-01
1.457271178565897329e-01,5.379942034115798438e-02,2.593641452244518919e-01,2.044363813358702486e-01,2.170171906458107647e-01,1.196557445961193844e-01
1.096512477916649492e-01,2.989072084552002809e-02,1.987900765814546722e-01,2.407358455316631618e-01,2.281094791546349754e-01,1.928226300950620919e-01
1.292754542742904356e-01,3.824231755320340459e-02,2.258739647109466731e-01,2.497139898147844872e-01,1.995664300537997038e-01,1.573278435929752472e-01
1.013967725468384456e-01,5.303926125151429971e-02,1.849006468620713328e-01,2.603193167186035883e-01,2.210771129684797609e-01,1.792668896524925726e-01
1.391008654581298021e-01,3.511116914208170514e-02,2.074706991817884538e-01,2.141180546173742372e-01,2.190812120791297835e-01,1.851179995214960738e-01
1.260620084960679954e-01,5.782546260370083346e-02,1.747483979871839177e-01,3.216585732685861010e-01,1.458801670413363560e-01,1.738253906031248519e-01
1.094973416181249937e-01,3.184624580056894666e-02,1.621515796337267279e-01,3.389225855706973212e-01,2.301638937569327470e-01,1.274183536199493538e-01
8.542221448269855799e-02,2.874505060815127008e-02,1.436080107518075410e-01,3.409302313552433072e-01,2.065584991607693210e-01,1.947359936413299852e-01
1.182367804334384098e-01,4.572172306658828927e-02,1.903701554973701582e-01,2.663959266864632247e-01,1.749555340117100177e-01,2.043198803044298240e-01
5.307841863237117846e-02,2.906031611071161966e-02,1.468553501785679616e-01,4.367886617028451379e-01,1.110111110608598406e-01,2.232061423146443624e-01
0.000000000000000000e+00,0.000000000000000000e+00,4.328000000000000180e-01,5.672000000000000375e-01,0.000000000000000000e+00,0.000000000000000000e+00
9.024524479373184638e-02,5.156441548324113000e-02,2.163691406536830952e-01,3.188538972096402468e-01,1.306079405073851951e-01,1.923593613523185142e-01
1.244595390857936301e-01,3.395456982385394729e-02,2.226836526437698804e-01,2.017459581908790933e-01,2.676430150547954856e-01,1.495132652009080465e-01
6.780010012707470002e-02,4.022294291940148314e-02,1.620618890850810401e-01,3.140632056870168443e-01,2.121932666112638921e-01,2.036585955701621653e-01
1.126071607839283090e-01,3.279869459907705509e-02,1.765009991876855810e-01,2.651224036390187333e-01,1.897488962244108512e-01,2.232218455658793732e-01
1.411943451639206260e-01,5.255067654766139296e-02,1.727604709884084377e-01,2.484387587957856414e-01,2.116360758070863213e-01,1.734196726971374003e-01
7.205684284629657044e-02,5.800349327286209028e-02,1.643261162158679567e-01,3.857587506181452963e-01,7.852375517837223429e-02,2.413310418684559422e-01
1.158704638793509462e-01,3.490203999192081907e-02,2.624660337978859115e-01,1.736706838124733310e-01,2.500092012836912514e-01,1.630815772346776160e-01
1.131581354044603749e-01,3.650540901596678600e-02,1.527216876027251424e-01,4.140219882033280840e-01,1.206889625646692665e-01,1.629038172088503045e-01
8.935228133952635710e-02,2.867170032044730546e-02,1.744396889239700210e-01,3.250901749409578212e-01,1.810951813404697575e-01,2.013509731346287690e-01
7.453394693104890834e-02,1.152621507547088760e-02,2.058395297183787387e-01,4.386420589843183504e-01,1.168626055322289498e-01,1.525956437585540837e-01
8.380654676258994518e-02,3.065755395683453580e-02,1.891278417266187284e-01,3.065758992805754923e-01,1.945076978417266123e-01,1.953244604316546895e-01
1.386578528127780374e-01,4.234167132187119376e-02,2.785114035269209420e-01,1.629787101980013919e-01,2.259325926385699623e-01,1.515777695018586391e-01
1.164712293943888088e-01,3.389247377149055135e-02,1.818022830967544190e-01,3.012713401437989713e-01,1.948743350508448380e-01,1.716883385427223352e-01
9.963041420651733149e-02,1.245802722314869049e-02,1.498822508676251608e-01,3.728323455176454360e-01,1.512766484878532436e-01,2.139203136972100683e-01
9.996195846475051938e-02,1.379368256056428751e-02,1.999475815634689235e-01,3.375435601024449617e-01,1.598878092783177218e-01,1.888654080304535687e-01
1.302955731689761643e-01,4.025067946547199876e-02,2.358598486744704903e-01,2.816906839876568980e-01,1.464034617708905028e-01,1.654997529325339112e-01
1.349221577565087316e-01,4.525288860856646611e-02,2.192292051635052197e-01,1.811597369190961759e-01,1.990565978990172791e-01,2.203794136533062109e-01
1.309400035694507913e-01,3.061949179759842002e-02,2.860592630150122773e-01,2.427051856351875592e-01,1.842308904829809135e-01,1.254451654997700838e-01
1.169504865924008430e-01,3.400669795332109807e-02,1.835155516334414649e-01,2.997343342108858000e-01,1.947237309643108094e-01,1.710691986456398805e-01
1.170425112278117158e-01,3.492700932284611981e-02,1.914539917147858872e-01,2.409454728354284425e-01,2.276532883428779575e-01,1.879777265562499466e-01
9.971130671590681949e-02,1.250835877160906724e-02,1.473770124184577701e-01,3.743386216663400767e-01,1.512801294574222799e-01,2.147845709702640160e-01
8.907823527178657108e-02,2.904159016545997118e-02,1.502620682846997902e-01,4.175107365844487606e-01,1.681803886566965722e-01,1.459269810369084597e-01
7.298447088567784624e-02,0.000000000000000000e+00,1.475857467723060701e-01,5.234753521207398119e-01,1.186389830159138570e-01,1.373154472053624842e-01
1.010951090372192301e-01,7.161614341556868379e-02,1.936462499357584632e-01,1.938682314973569631e-01,2.712651834459339772e-01,1.685090826681626686e-01
6.685842737139435776e-02,3.163198997306295585e-02,1.005531746181584918e-01,4.894891950374458123e-01,6.251975514882364415e-02,2.489474578511148561e-01
1.320326254048533043e-01,8.633403804910451396e-02,1.641024704652287169e-01,2.319416294720502147e-01,2.190786983459788173e-01,1.665105382627843078e-01
1.026196418025820817e-01,4.645981440384607669e-03,9.329420812528836648e-02,3.741682727266267827e-01,2.432363300716140209e-01,1.820355658335041649e-01
1.164712293943888088e-01,3.389247377149055135e-02,1.818022830967544190e-01,3.012713401437989713e-01,1.948743350508448380e-01,1.716883385427223352e-01
1.150057788857955371e-01,3.349733171980081442e-02,1.812571593157623062e-01,2.720865488258905618e-01,2.077424578743840011e-01,1.904107233783667308e-01
1.125761693987855500e-01,3.277652972708467588e-02,1.953046998376298249e-01,2.595723214484307872e-01,2.007090905046820528e-01,1.990611890833871023e-01
1.015541564774612160e-01,1.794478433168352274e-02,1.735685301842597728e-01,4.454827431366963908e-01,1.352094926488346116e-01,1.262402932210645035e-01
1.025835545275782384e-01,2.874505060815127008e-02,1.881255975261877100e-01,2.891143120938007294e-01,1.884876693008825099e-01,2.029438159433995525e-01
1.110844614099740502e-01,3.618334959659556815e-02,2.062749368935945238e-01,2.253861580757839378e-01,2.807682301534163427e-01,1.403028638706355635e-01
1.105319033892372821e-01,4.431694897713570752e-02,1.940622358244949996e-01,3.356015846751171927e-01,1.200692568608595356e-01,1.954180702731553310e-01
1.168106108315696973e-01,3.349757538525021533e-02,1.914932418874029929e-01,2.656072382007923505e-01,2.256529876175174254e-01,1.669383460774673256e-01
4.868696680183599856e-02,1.299139094598198915e-02,1.103956696833011120e-01,3.871269036428120480e-01,1.932644824538265471e-01,2.475345864722423295e-01
1.160280906438660026e-01,3.637488172716612372e-02,2.957101323571023066e-01,1.242600555023585379e-01,2.886218718714324560e-01,1.390049678980746495e-01
1.069375170648560053e-01,3.104539729232000042e-02,1.704530515614272879e-01,3.791684597640189724e-01,1.764576336508286158e-01,1.359379406665490453e-01
8.416250632420077538e-02,9.681429773616917131e-03,1.457917899373808723e-01,4.564865325244005789e-01,1.273306321827878118e-01,1.765471092576129386e-01
1.303240548954125999e-01,3.855251501616768078e-02,2.257058482374869335e-01,2.465774377698839726e-01,2.011851865585382870e-01,1.576549575225104916e-01
1.394872022968442205e-01,3.558752487696445477e-02,2.679668665141006767e-01,1.299218419883563236e-01,3.138036410817472421e-01,1.132329232419871518e-01
1.167055365507726067e-01,3.649370876394616992e-02,1.952367947483192312e-01,2.556700911546595512e-01,2.329176261849108531e-01,1.629762425973915740e-01
1.097942004286415058e-01,2.707765547644701634e-02,1.784397542705699613e-01,3.552630652328537253e-01,1.488893114270757878e-01,1.805360131644119515e-01
1.449039510239286399e-01,5.248239805245739215e-02,2.495140518698846233e-01,2.101405343241883328e-01,2.031825696187104235e-01,1.397764951108305398e-01
5.447121386417439620e-02,5.694891024642047272e-02,8.434002712613321295e-02,4.720828255672891438e-01,1.460122766953695361e-01,1.861447465006131619e-01
1.135859344352651706e-01,3.606518232324910228e-02,1.960502090247337736e-01,1.818060060162498270e-01,2.566215103821153920e-01,2.158711578183868107e-01
1.050361126293338915e-01,5.038440251659075803e-02,2.066316546291235012e-01,2.448762135964178410e-01,1.970625406256303613e-01,1.960090760029034873e-01
1.254416403301053806e-01,2.987324666070830664e-02,1.872730679099366413e-01,3.214290233512391848e-01,1.768267745313935047e-01,1.591562472166170583e-01
1.458775534156742382e-01,6.060036923350211463e-02,1.986071797517930115e-01,2.138881281701265347e-01,2.012454757793608051e-01,1.797812936495432612e-01
9.719768297258038481e-02,1.493111354737005486e-02,2.288154265902944406e-01,3.525828858554065914e-01,2.010624265401261546e-01,1.054104644942224500e-01
9.965518254324907954e-02,2.306095650124970892e-02,1.534603309922580316e-01,4.447738936247208619e-01,1.462402272032660711e-01,1.328094091352563511e-01
9.462588611767494551e-02,1.703123726842421110e-02,2.030711338602508298e-01,4.485773968696064040e-01,7.309239327698724420e-02,1.636019526070563723e-01
1.562898886788690322e-01,5.956390964874679061e-02,2.134230143273865565e-01,1.863682660148754666e-01,2.248136388982754641e-01,1.595412824318467038e-01
1.164712293943888088e-01,3.389247377149055135e-02,1.818022830967544190e-01,3.012713401437989713e-01,1.948743350508448380e-01,1.716883385427223352e-01
1.178832752170311388e-01,3.345087346368721959e-02,1.877624283372845426e-01,2.641002756216377367e-01,2.052275857961029515e-01,1.915755615642562859e-01
9.796296983605611020e-02,2.848553454450980862e-02,1.689626234321615350e-01,2.196780608804844992e-01,1.631093254815117466e-01,3.218014858252764010e-01
3.029850223018907759e-02,2.030359996942505615e-02,1.639127188881296104e-01,3.901810760655107790e-01,2.160240277657246855e-01,1.792800750810207289e-01
1.294805395052188168e-01,5.962971182478291055e-02,2.244394117243364573e-01,1.976914253322887560e-01,2.371840772341311243e-01,1.515748343792419073e-01
1.283255046452225212e-01,3.515450168403445180e-02,2.469175162187210726e-01,1.896549198670856029e-01,2.405189990732159444e-01,1.594285585117204418e-01
1.073753395274574945e-01,1.837608953742139381e-02,2.585082652064218389e-01,2.918046012688574331e-01,1.475466461510961946e-01,1.763890583087456276e-01
1.163443593111112007e-01,3.296116074003148377e-02,2.505250676606174953e-01,2.120076992199754207e-01,2.236544872783314264e-01,1.645072257899328760e-01
8.960752023439287617e-02,3.185927241291591078e-02,2.296318386669905232e-01,3.015009296877976253e-01,1.828270406757709909e-01,1.645733983221320806e-01
1.145977805012114298e-01,3.630186066303577735e-02,2.032602581070236392e-01,2.002922595249869153e-01,2.006034160317671511e-01,2.449444251719751775e-01
1.165967670869783729e-01,4.468632093333253785e-02,1.935907233163872421e-01,3.252545819041586794e-01,1.282095710022280177e-01,1.916620357569150945e-01
1.457271178565897329e-01,5.379942034115798438e-02,2.593641452244518919e-01,2.044363813358702486e-01,2.170171906458107647e-01,1.196557445961193844e-01
1.191499589470803033e-01,4.882841283096723412e-02,2.509386030779163224e-01,2.007908827430368026e-01,2.351130534249363246e-01,1.451790889760629644e-01
6.875461181013178824e-02,2.038149090492099788e-02,1.837948081446838799e-01,3.396110520959999546e-01,1.727392376619913683e-01,2.147187993822719798e-01
6.842730888535007716e-02,0.000000000000000000e+00,1.047111676314538137e-01,4.003543422969230159e-01,2.079464750677363638e-01,2.185607061185367572e-01
1.083612543465690692e-01,3.666365674183557494e-02,2.451009512946637214e-01,1.193920347883943578e-01,3.544552828141213086e-01,1.360268200144159334e-01
6.281999999999999806e-01,0.000000000000000000e+00,0.000000000000000000e+00,0.000000000000000000e+00,1.794999999999999929e-01,1.922999999999999987e-01
1.011017504651648691e-01,2.831925150388260592e-02,2.101767884654590912e-01,2.355047264882050573e-01,2.245449642190777972e-01,2.003525188582105099e-01
1.186964944719431647e-01,3.519390441299698191e-02,2.146439654603633784e-01,2.065634367310888453e-01,2.575871266955270800e-01,1.673150722280805636e-01
1.083891349946489446e-01,3.399040379771939291e-02,1.706423892252523222e-01,3.105384988629887322e-01,1.929585371362636248e-01,1.834810359831269833e-01
1.401258799535077537e-01,5.894778394263032462e-02,2.454597688545801515e-01,2.039272791069979551e-01,2.051966051887102738e-01,1.463426829535735274e-01
1.445142065137247078e-01,4.875693077332302755e-02,2.171367871525314297e-01,1.907400268070822691e-01,2.321007336315323022e-01,1.667513151218062428e-01
2.108054469192218242e-02,5.753494748626178379e-02,1.072175249747750608e-01,4.429539160155435695e-01,1.628842503606540704e-01,2.083288164708432533e-01
1.096512477916649492e-01,2.989072084552002809e-02,1.987900765814546722e-01,2.407358455316631618e-01,2.281094791546349754e-01,1.928226300950620919e-01
1.281445782432623914e-01,3.781077000607686173e-02,2.233008701591290834e-01,1.878308014464131481e-01,2.632226697397447857e-01,1.596903104053736810e-01
1.094621947841319526e-01,2.981382737221536725e-02,2.009542539704068653e-01,2.410979782735382382e-01,2.266968122951865394e-01,1.919749333045210615e-01
1.161551904236201721e-01,4.430560849913613153e-02,2.096823220146833977e-01,3.184621553785452197e-01,1.346475442704594683e-01,1.767471794135556662e-01
1.164712293943888088e-01,3.389247377149055135e-02,1.818022830967544190e-01,3.012713401437989713e-01,1.948743350508448380e-01,1.716883385427223352e-01
9.007392988746648621e-02,1.008746190415869999e-02,2.090692779527748568e-01,4.066628616735034618e-01,1.646761628373951958e-01,1.194303057447012595e-01
1.074675703133973342e-01,2.928918453401848157e-02,1.954510801653545904e-01,2.470025248498993464e-01,2.233146849211686269e-01,1.974749552161615684e-01
1.022358510226562267e-01,9.446774012554476352e-03,2.465008767369659404e-01,2.771282723052647667e-01,1.661815414234361077e-01,1.985066844991225377e-01
1.314266524953901782e-01,1.633120246163991679e-02,1.656296094092591376e-01,3.987610718728314407e-01,1.489612422795034419e-01,1.388902214813758917e-01
1.148853316746185765e-01,3.482600995428867391e-02,3.052108511146823244e-01,2.128551728000111776e-01,1.724210002090060811e-01,1.598016342473931872e-01
0.000000000000000000e+00,0.000000000000000000e+00,3.309999999999999748e-02,4.966999999999999749e-01,9.270000000000000462e-02,3.775000000000000022e-01
5.940159544072715764e-02,4.931237571333876163e-02,1.983973211224466515e-01,2.771383020061105040e-01,2.431812813811914942e-01,1.725691243361854033e-01
1.163314376353664498e-01,3.378985363076091736e-02,1.839050651341751219e-01,3.098855054892920013e-01,1.924806752645693009e-01,1.636074628458362989e-01
1.457921906939680656e-01,5.385236839867335590e-02,2.588616126969727760e-01,2.046375825608753585e-01,2.170827388320372142e-01,1.197735068174731327e-01
8.365089125440874906e-02,3.484803674380965166e-02,1.606619673058960196e-01,3.969917282455979746e-01,1.522079406856414185e-01,1.716394357646461311e-01
1.033388553323613401e-01,4.541510857555874914e-02,1.515057677532728464e-01,4.146092507507113667e-01,1.550010414094753208e-01,1.301299761786203490e-01
1.039087309011939853e-01,1.255446893673796936e-02,1.973294898081635607e-01,3.725320426383546546e-01,1.481890570502837068e-01,1.654862106652661979e-01
1.044177564973166328e-01,3.056454666435324055e-02,1.334113401647716302e-01,4.479261664485724159e-01,1.477141120853892597e-01,1.359660781395968798e-01
4.183653846153845973e-02,2.860673076923076971e-02,1.640326923076922960e-01,4.215740384615384584e-01,1.714451923076923123e-01,1.725048076923077212e-01
7.676800581822590397e-02,2.843203357601193759e-03,1.250320078182410310e-01,5.046409442495776165e-01,1.070561140614701423e-01,1.836597246948840356e-01
1.039208479424693077e-01,3.136888883430717645e-02,1.584330643527140370e-01,3.578983195363439895e-01,1.361985222586652444e-01,2.121803570755002033e-01
1.131581354044603749e-01,3.650540901596678600e-02,1.527216876027251424e-01,4.140219882033280840e-01,1.206889625646692665e-01,1.629038172088503045e-01
1.108860822473449886e-01,1.916749200056256860e-02,2.354878961017721484e-01,2.800226750276418874e-01,1.824786765823319667e-01,1.719571780403465755e-01
8.233017007841569868e-02,9.522294892948729439e-03,1.860850518584649393e-01,4.037134962129494964e-01,1.107934402370121946e-01,2.075555467202088444e-01
1.048405152997876760e-01,3.453503282792749762e-02,2.125226662702005276e-01,3.819880476077958664e-01,1.092759802581100698e-01,1.568377577361783071e-01
9.247323611805560728e-02,4.775101199323282530e-02,1.185884834827635598e-01,3.983095774628592767e-01,1.687258131905013114e-01,1.741518777525873363e-01
1.209717096981737933e-01,3.682019259793051225e-02,2.006998190452073116e-01,2.409197217339290875e-01,2.395144836142220068e-01,1.610740733105373301e-01
1.401993145493751758e-01,5.762932053705106805e-02,1.996440126345040422e-01,2.221783289023027130e-01,2.274670099375103449e-01,1.528820134392566699e-01
1.131581354044603749e-01,3.650540901596678600e-02,1.527216876027251424e-01,4.140219882033280840e-01,1.206889625646692665e-01,1.629038172088503045e-01
1.125585718748333269e-01,2.851450296764165837e-02,1.751137151521154345e-01,2.490169448910086736e-01,1.871099970285487746e-01,2.476862680858521182e-01
1.160799656250524475e-01,1.341319745078279300e-02,1.675862567307928042e-01,4.309965508920841626e-01,1.272956955184823824e-01,1.446283337828055682e-01
1.221104836668302079e-01,8.606438265837065144e-03,1.870072157828452930e-01,3.947758232211329710e-01,1.132907594853637540e-01,1.742092795779907610e-01
1.094040969348889919e-01,4.962913346461773206e-02,2.485340017007460767e-01,2.066049841816782473e-01,2.464826019354325881e-01,1.393451817826363570e-01
1.117604750805775565e-01,3.618681682166785540e-02,1.512607789290686955e-01,4.003896183816798571e-01,1.192701482319094702e-01,1.811321625550965653e-01
1.084786608986177264e-01,4.917388335337191663e-02,1.938359498331689024e-01,2.754528999110410492e-01,2.350904563054392604e-01,1.379681496983612143e-01
1.134235850038652488e-01,3.300562636627524249e-02,2.434721124840938944e-01,2.254564774316784037e-01,1.897751558186615839e-01,1.948670428954255573e-01
1.125788186246631933e-01,3.377906494748220828e-02,2.013869690841636473e-01,2.355031311320624210e-01,2.268624776088493111e-01,1.898895386027792953e-01
1.401993145493751758e-01,5.762932053705106805e-02,1.996440126345040422e-01,2.221783289023027130e-01,2.274670099375103449e-01,1.528820134392566699e-01
1.081966538641172260e-01,2.937830809775854660e-02,1.984988179038612299e-01,2.407180881661623861e-01,2.317076051105562973e-01,1.915005268575442621e-01
1.155264885371903305e-01,3.361755948673587902e-02,1.803276181029482839e-01,2.969490252744393932e-01,1.932936378494912733e-01,1.802856707491947708e-01
1.271528357356070393e-01,5.879668268182466212e-02,1.409183527695697102e-01,3.841126625012218354e-01,1.286107414341461086e-01,1.604087248776306651e-01
5.120205229089131588e-02,4.432517424321068961e-02,1.593151765172360346e-01,4.025817624839266862e-01,1.508535267251733536e-01,1.917223077395619479e-01
1.228354644846384319e-01,3.339025265653720181e-02,2.367022080105185833e-01,1.886204858807449536e-01,2.490848798833093791e-01,1.693667090842514988e-01
1.081169555455079312e-01,3.148763699985384495e-02,1.700546076310510413e-01,3.777208728673835947e-01,1.763572633106634813e-01,1.362626636455401552e-01
1.169504865924008430e-01,3.400669795332109807e-02,1.835155516334414649e-01,2.997343342108858000e-01,1.947237309643108094e-01,1.710691986456398805e-01
1.175637822905161861e-01,3.414780283491913176e-02,1.858532437923245684e-01,2.976828223680768049e-01,1.945196987323734306e-01,1.702326499817899408e-01
1.085910048925650961e-01,3.985948080323524489e-02,1.803377672993616565e-01,3.252745154784759118e-01,1.729731613485842867e-01,1.729640701777778455e-01
1.078421485802025376e-01,5.050807354948824712e-02,1.836925131818155088e-01,3.136864251427219363e-01,1.877394386738798215e-01,1.565314008718920458e-01
1.117747059592766323e-01,3.094639189532227136e-02,1.658697374595189400e-01,3.486026815590889116e-01,1.970561312010092325e-01,1.457503519257840607e-01
1.401993145493751758e-01,5.762932053705106805e-02,1.996440126345040422e-01,2.221783289023027130e-01,2.274670099375103449e-01,1.528820134392566699e-01
1.047960930278897668e-01,3.101904476658330287e-02,1.474833395932356461e-01,3.487813512987366082e-01,1.899834706360601921e-01,1.779367006774945636e-01
1.150066154579449246e-01,3.349757538525021533e-02,1.782687919307504310e-01,3.209127899172000142e-01,1.937921015833380667e-01,1.585221257255162719e-01
1.115974294378258985e-01,3.717153310477606942e-02,3.102048732396073261e-01,1.824212255221833168e-01,2.399204830814422040e-01,1.186844556141651574e-01
1.169504865924008430e-01,3.400669795332109807e-02,1.835155516334414649e-01,2.997343342108858000e-01,1.947237309643108094e-01,1.710691986456398805e-01
1.175637822905161861e-01,3.414780283491913176e-02,1.858532437923245684e-01,2.976828223680768049e-01,1.945196987323734306e-01,1.702326499817899408e-01
1.105319033892372821e-01,4.431694897713570752e-02,1.888086680380052229e-01,3.776161732677354443e-01,1.118156437248470220e-01,1.669106626030393559e-01
1.135054186100427354e-01,4.995304134776226701e-02,2.122471616864969324e-01,2.049981758244196761e-01,2.536140685525981042e-01,1.656821339786803127e-01
1.272732867175901117e-01,5.240194155339655824e-02,1.874222109400841552e-01,2.453657335825660257e-01,1.959745844198801656e-01,1.915622427864829558e-01
1.304668557070420010e-01,3.874951811557072329e-02,2.388779958465310493e-01,2.818569443589069023e-01,1.725428169262967215e-01,1.375058690456525956e-01
1.164712293943888088e-01,3.389247377149055135e-02,1.818022830967544190e-01,3.012713401437989713e-01,1.948743350508448380e-01,1.716883385427223352e-01
1.164712293943888088e-01,3.389247377149055135e-02,1.818022830967544190e-01,3.012713401437989713e-01,1.948743350508448380e-01,1.716883385427223352e-01
1.419592539310200463e-01,5.578745207537542244e-02,2.559082429960557459e-01,2.154889551900330824e-01,1.960718540618899830e-01,1.347842417456256436e-01
4.449548872180451170e-02,2.908947368421052615e-02,1.417751879699248041e-01,4.704684210526315913e-01,1.393969924812029915e-01,1.747744360902255822e-01
2.726999999999999980e-01,2.172000000000000042e-01,2.172000000000000042e-01,0.000000000000000000e+00,2.172000000000000042e-01,7.580000000000000626e-02
1.164712293943888088e-01,3.389247377149055135e-02,1.818022830967544190e-01,3.012713401437989713e-01,1.948743350508448380e-01,1.716883385427223352e-01
0.000000000000000000e+00,0.000000000000000000e+00,0.000000000000000000e+00,1.000000000000000000e+00,0.000000000000000000e+00,0.000000000000000000e+00
1.143341095303654492e-01,3.327058389092032303e-02,1.900262217362310158e-01,2.935744991464890874e-01,1.912986038201279493e-01,1.774959818758661545e-01
9.384962711672807656e-02,2.043982943348482406e-02,2.086320222001689095e-01,3.557940114761742878e-01,1.360466873117512909e-01,1.852378224616926805e-01
1.077016155242328660e-01,3.196947954219312577e-02,2.286574298614478806e-01,3.397210958164372241e-01,1.642634639519592599e-01,1.276869153037295257e-01
4.649999999999999967e-02,0.000000000000000000e+00,3.952999999999999847e-01,0.000000000000000000e+00,5.000000000000000000e-01,5.809999999999999887e-02
1.248096259305506300e-01,4.148687018117741543e-02,2.035318059122560030e-01,1.866952246472368404e-01,2.160376520097559150e-01,2.274388213190232100e-01
1.155256451734012202e-01,3.361731407260871302e-02,1.803263016794577900e-01,2.558979634592548624e-01,2.414441928136596416e-01,1.731885828016177797e-01
1.332960753594531478e-01,4.161734595092585892e-02,1.951284726334744368e-01,2.881228151425294648e-01,2.083023342735297878e-01,1.335329566400872414e-01
9.182464515164553975e-02,2.673472749663820258e-02,1.427685247205516816e-01,4.584306192456655826e-01,1.542370261461861181e-01,1.260044572393128337e-01
5.591296837830876665e-02,3.063607024348853625e-02,1.117751784117941155e-01,5.249231048955288470e-01,1.093902937923301871e-01,1.673623842785496585e-01
8.364522054608500290e-02,3.086027367943684763e-02,2.328217873493960699e-01,3.059218655653587748e-01,1.637923786569784323e-01,1.829584742027449140e-01
1.318550822238767350e-01,7.101121032265321487e-02,1.844074247977118275e-01,2.722657601948779149e-01,1.659407444329251691e-01,1.745197780279550970e-01
1.260395988361229513e-01,5.357272871612998172e-02,2.200936329752285481e-01,2.520011263325856454e-01,1.893993156038291936e-01,1.588935975361036035e-01
1.331921626356472876e-01,6.020619362024723364e-02,1.872249160781842003e-01,1.970780202117201618e-01,2.316567601380999097e-01,1.906419473161012623e-01
0.000000000000000000e+00,1.474000000000000032e-01,0.000000000000000000e+00,6.320000000000000617e-02,0.000000000000000000e+00,7.894999999999999796e-01
9.401110686013597340e-02,3.049008871139545149e-02,1.487491718820284914e-01,4.109418881954561842e-01,1.148937481554239276e-01,2.009139961955599685e-01
7.735222590805165832e-02,3.710580086583164378e-02,1.209718974936250940e-01,3.821125933145024800e-01,7.572698045234338426e-02,3.067305019656456633e-01
1.271405547226386878e-01,8.125134932533734089e-02,2.319805097451274334e-01,2.144101199400299806e-01,2.007961769115442219e-01,1.444212893553223631e-01
9.837695782216257512e-02,1.237089755092592863e-02,1.592579979006538138e-01,4.108676481797857161e-01,1.313713793795529827e-01,1.877551191669190322e-01
1.164712293943888088e-01,3.389247377149055135e-02,1.818022830967544190e-01,3.012713401437989713e-01,1.948743350508448380e-01,1.716883385427223352e-01
8.959976929892767006e-02,1.467928597397946330e-02,2.211063573804575577e-01,4.338986388171608977e-01,8.509737740323308763e-02,1.556185711262414173e-01
8.112646234486106667e-02,6.724028031985451563e-03,2.452503000907487185e-01,3.258085882427134705e-01,2.120915639315326395e-01,1.289990573581586697e-01
1.175637822905161861e-01,3.414780283491913176e-02,1.858532437923245684e-01,2.976828223680768049e-01,1.945196987323734306e-01,1.702326499817899408e-01
1.070123365179482255e-01,3.345584825155365621e-02,1.593996382524811573e-01,3.484115573694462897e-01,1.763200306094054315e-01,1.754005889991651912e-01
1.242381930796999379e-01,4.612021952958655219e-02,1.421923641666894278e-01,3.893084917403111245e-01,1.275493978837109188e-01,1.705913336000020042e-01
9.485110573363154940e-02,3.305750425575768037e-02,1.432255208055023543e-01,3.418850525576531685e-01,1.675066221879556450e-01,2.194741944594996996e-01
1.007412049609668209e-01,1.323027644314462604e-02,1.867171119312334981e-01,4.305044913306873000e-01,1.000077370037678881e-01,1.687991783301998061e-01
1.142010301602100347e-01,3.324960762033352807e-02,1.775592224790452645e-01,3.106343689388736395e-01,1.918224377088818267e-01,1.725333330926557829e-01
9.422917042486605999e-02,2.868944070149569148e-02,1.306461227146879511e-01,3.702381979466505268e-01,1.495737221468403655e-01,2.266233460654593079e-01
1.164712293943888088e-01,3.389247377149055135e-02,1.818022830967544190e-01,3.012713401437989713e-01,1.948743350508448380e-01,1.716883385427223352e-01
9.223898848753132873e-02,3.580027276398296127e-02,1.577032967870231339e-01,3.607189388109623418e-01,1.905848806467096979e-01,1.629536225037904740e-01
1.345817386233068014e-01,5.684375532616724874e-02,1.814473725401078430e-01,2.793526163292895936e-01,2.089161923600008630e-01,1.388583248211277543e-01
1.006680523470215027e-01,3.113209272273998254e-02,2.489211198410327397e-01,2.196199233202689172e-01,2.464808773063348890e-01,1.531779344626018613e-01
1.131581354044603749e-01,3.650540901596678600e-02,1.527216876027251424e-01,4.140219882033280840e-01,1.206889625646692665e-01,1.629038172088503045e-01
9.973671983893447890e-02,1.252417088873647444e-02,1.519210602004468780e-01,3.609070997145954474e-01,1.576034868028053926e-01,2.173074625544812732e-01
6.368014527845035355e-02,3.701815980629539343e-02,1.329849878934624419e-01,4.286113801452783867e-01,2.213861985472155014e-01,1.163191283292977912e-01
1.155264885371903305e-01,3.361755948673587902e-02,1.803276181029482839e-01,3.010955559559738148e-01,1.960677252772783929e-01,1.733650526398732572e-01
1.346379552544681446e-01,2.863573493769126441e-02,1.575303266487338427e-01,3.820228666951808183e-01,1.539295755519203279e-01,1.432435409120055569e-01
1.146447418832573367e-01,2.299564150956477648e-02,2.755295284034373071e-01,2.720695489554725288e-01,1.613728144622664784e-01,1.533877247860017112e-01
1.155098117218364279e-01,3.365459689149918887e-02,1.786158959321422490e-01,3.042086882210372489e-01,1.951569536877180155e-01,1.728540535457669669e-01
1.155264885371903305e-01,3.361755948673587902e-02,1.911100579209524253e-01,2.498990424531554178e-01,2.289625619867749762e-01,1.808842896151909296e-01
1.094621947841319526e-01,2.981382737221536725e-02,2.009542539704068653e-01,2.410979782735382382e-01,2.266968122951865394e-01,1.919749333045210615e-01
4.807857041765674355e-02,1.886047568324531257e-02,1.218057490186146702e-01,5.160017951716585616e-01,6.678262035471399516e-02,2.284707893541106372e-01
7.262946377972033518e-02,1.396769074395053101e-02,2.737077498422401667e-01,3.330405900109874029e-01,1.847042761077488660e-01,1.219502295153527399e-01
9.575681330040421158e-02,3.222835775165729805e-02,2.602114397836085002e-01,2.729861846136705794e-01,2.005084055979549362e-01,1.383087989527045925e-01
8.510714006898548178e-02,2.472038396772477387e-02,1.345434600991453344e-01,4.468473017242688972e-01,1.408173071982598834e-01,1.679644069416157126e-01
1.464486835659125907e-01,5.277655722056394383e-02,2.589251352293217012e-01,2.041768309620852762e-01,2.239316757324606166e-01,1.137411172896558992e-01
1.269412713553716987e-01,5.405417606083556814e-02,3.114599768426579707e-01,1.694282532886509096e-01,2.087251135659284329e-01,1.293912088865553922e-01
1.288701589939190983e-01,1.447520506540509594e-02,1.499421241800925619e-01,3.732336208096281860e-01,1.986653144252877035e-01,1.348135765256674445e-01
1.203335956971189891e-01,3.551825181233604634e-02,1.606606049999698416e-01,3.532367731150973245e-01,2.092257796989052121e-01,1.210249946765727114e-01
1.164712293943888088e-01,3.389247377149055135e-02,1.818022830967544190e-01,3.012713401437989713e-01,1.948743350508448380e-01,1.716883385427223352e-01
1.593044528546235516e-01,5.790630262317544158e-02,1.735659955227175089e-01,1.958381721010526710e-01,2.867781940267101204e-01,1.266068828717207828e-01
1.105877267404537373e-01,3.241190873283417151e-02,2.472865341251842541e-01,2.515524644263865683e-01,2.141494430483465994e-01,1.440119229267946277e-01
4.335605615310040434e-02,5.313017656623331836e-03,1.102855746990435010e-01,4.973129565874547797e-01,5.414926831502529792e-02,2.895831265887526262e-01
1.210106622345691746e-01,2.287150317306980291e-02,1.685597083135828844e-01,4.058719291824420261e-01,1.316438961657156459e-01,1.500423009306204591e-01
9.929818553975068574e-02,1.864460978701416860e-02,2.147693517218293713e-01,3.510818967800681811e-01,1.525573117765249842e-01,1.636486443948126923e-01
1.061730121322126963e-01,1.252425955802249045e-02,2.059555721538770534e-01,3.307778014756183604e-01,1.864266832571216670e-01,1.581426714231477515e-01
1.148105891203667350e-01,3.345087346368721959e-02,1.775346694150540805e-01,3.136845671011446735e-01,1.939755981749842761e-01,1.665437027247631263e-01
1.183734137156337435e-01,3.432355697890585727e-02,1.892410618066266148e-01,2.947987326495537519e-01,1.942268597051006185e-01,1.690363751441794626e-01
