1.630437385294287722e-01,4.403009145469732877e-02,2.807150734750391008e-01,1.882476558835667890e-01,1.633507941896054916e-01,1.606126464676626842e-01
6.528710855304731275e-02,1.063349578951900201e-02,2.086587433974685102e-01,4.900491535287343492e-01,1.089822205617029943e-01,1.163892781695275436e-01
1.497589892472125928e-01,1.399908611307273780e-02,3.044043503479386126e-01,2.114463568374589375e-01,1.269410481390708667e-01,1.934501693152463897e-01
1.934443658845965697e-01,6.273871325986915548e-02,2.500758794560539733e-01,2.208767629911769781e-01,1.460955853069302313e-01,1.267686931013732032e-01
5.755140223571488661e-02,1.516614269048359442e-02,1.921392045611901023e-01,4.124714764691255198e-01,1.906939973601839977e-01,1.319777766833018506e-01
8.160546337560868613e-02,8.108448134868213864e-02,1.366021326391207436e-01,3.769942079057006512e-01,9.887529174187033310e-02,2.248384229890174613e-01
9.681803395221630359e-02,3.650164459812768603e-02,2.928932878709382681e-01,2.175387655272955079e-01,1.345799346980084132e-01,2.216683333534139044e-01
1.628310344827586520e-01,2.744482758620690049e-02,2.377344827586207188e-01,3.512293103448276277e-01,1.219706896551724373e-01,9.878965517241380945e-02
1.487961599472933938e-01,2.041792730488457830e-02,2.856588227681556291e-01,2.240187610418181985e-01,1.147584378609118189e-01,2.063498910769363259e-01
7.461553661016785688e-02,2.146537058367108813e-02,2.780118507737461275e-01,3.312806932148416594e-01,6.386357393118938242e-02,2.307629748863838925e-01
4.741588151682497865e-02,1.758762427185120436e-02,1.976524487220119586e-01,5.515907614756649924e-01,4.482760945958916277e-02,1.409256745540574673e-01
2.649999999999999925e-02,4.420000000000000318e-02,2.477999999999999925e-01,2.649999999999999925e-02,5.574999999999999956e-01,9.729999999999999760e-02
2.835206376650207041e-02,6.809074125628214458e-02,2.110258025758619260e-01,2.766062506410350008e-01,2.505523890459933622e-01,1.653727527143254716e-01
4.341019021546405066e-02,1.925559227790464914e-02,1.869342118327919633e-01,2.180960013617214421e-01,2.629398998567355483e-01,2.693641044553823360e-01
1.939656697657315965e-01,3.281634386235905004e-02,3.270618679622942504e-01,1.328577296874831615e-01,2.264958514171952486e-01,8.680253730493657505e-02
1.551877095562657037e-02,0.000000000000000000e+00,1.095571228772941330e-01,6.387553554259982613e-01,1.179658024174596309e-01,1.182029483236212986e-01
1.237005080360399911e-01,0.000000000000000000e+00,1.509727615498268338e-01,4.438519470019958169e-01,1.102045242954468318e-01,1.712702591166905541e-01
1.780822591512445235e-02,0.000000000000000000e+00,1.595691140477279724e-01,5.194024908237554472e-01,2.044708270013557427e-01,9.874934221203642004e-02
1.931597947938438198e-01,6.258187745632368126e-02,2.513755412662379563e-01,2.203246097382921542e-01,1.461063831914957423e-01,1.264517935538065907e-01
1.522220838165348755e-01,1.887775600324921935e-02,3.487314533942240113e-01,1.346706831607258348e-01,2.626043232868348620e-01,8.289370033843114494e-02
1.500267354577477785e-01,1.258689023768025939e-01,2.723690064614091022e-01,1.661904625846452599e-01,1.978872865755347821e-01,8.765760654386044182e-02
4.302004293899913678e-02,1.057266217055218699e-02,2.996616065631265147e-01,4.634928458698465148e-01,7.996464404707176454e-02,1.032881984104039447e-01
1.224634225141925381e-02,0.000000000000000000e+00,1.865240234465145586e-01,6.312943276050401176e-01,6.087209033985138684e-02,1.090632163571747248e-01
7.586270558008584297e-02,3.816981799719994933e-02,2.192629886613640111e-01,3.606497792273727354e-01,7.655502392344497309e-02,2.294996846105324673e-01
1.412289105056382943e-01,0.000000000000000000e+00,2.178485530989008601e-01,3.965449153362853307e-01,8.952366150820138813e-02,1.548539595509740019e-01
7.563750965923725367e-02,3.836421763966120502e-02,2.170835921756390507e-01,3.617979060288792348e-01,7.618297246927983879e-02,2.309338020273034309e-01
7.867281601217927800e-02,3.477663845729039860e-02,2.106941894655144087e-01,3.563978566844281382e-01,1.032552724667532285e-01,2.162032269138345342e-01
4.300525123606376704e-02,2.923296604138662588e-02,1.074294059917115240e-01,4.266873491258018070e-01,5.421005874500574306e-02,3.394349688600306059e-01
7.406032727426656304e-02,3.380553931501809051e-02,2.485043538614408187e-01,1.525819796087015123e-01,4.448028610066979138e-01,4.624493893387500443e-02
1.680487179487179239e-01,2.003076923076923047e-02,3.425564102564102043e-01,1.447358974358974315e-01,2.045051282051282004e-01,1.201230769230769158e-01
8.343038890115210549e-02,5.315636902010666132e-02,1.384953480402499049e-01,4.736535293063098284e-01,1.010174675631145824e-01,1.502468971690669453e-01
9.714381669710646372e-02,4.115786931518014558e-02,3.030803308629303472e-01,1.489052995426483894e-01,3.157876862236041471e-01,9.392499735853043763e-02
8.084064081458240680e-02,3.098295301022628914e-02,2.162055092392882738e-01,2.702272593373120091e-01,2.974233467846517653e-01,1.043202908139390789e-01
1.265942874737328305e-01,8.326282699916708052e-02,1.579991026067825710e-01,3.411541634703063597e-01,1.362116584800369679e-01,1.547779609699741488e-01
1.355462633451957055e-01,5.736298932384341354e-02,3.055462633451956900e-01,2.352124555160142183e-01,1.517686832740213210e-01,1.145633451957295268e-01
1.237005080360399911e-01,0.000000000000000000e+00,1.509727615498268338e-01,4.438519470019958169e-01,1.102045242954468318e-01,1.712702591166905541e-01
1.049265446068376739e-01,7.068726945203811229e-02,1.482006966524946345e-01,3.117929317776428344e-01,2.447990168791555898e-01,1.195935406318313077e-01
1.354967853392850807e-01,4.711732261607348010e-02,1.415502440521449190e-01,4.018489687051184922e-01,1.156829580740656588e-01,1.583037212133125149e-01
7.563750965923725367e-02,3.836421763966120502e-02,2.170835921756390507e-01,3.617979060288792348e-01,7.618297246927983879e-02,2.309338020273034309e-01
1.612662955114821106e-01,1.394504397482030159e-02,3.293102824009338514e-01,1.339469060726804772e-01,1.558162109412042917e-01,2.057152610988791375e-01
1.471043671609000847e-01,2.974307049740539111e-02,2.075608494627184386e-01,3.798956531522030278e-01,1.062890929574471788e-01,1.294069667693259762e-01
1.452319567493242092e-01,1.278301223456616321e-02,2.591821747214799743e-01,2.609900154689916985e-01,1.095360865013515900e-01,2.122767543242863042e-01
1.647339566110841147e-01,2.056502847103483869e-02,1.799361558612684042e-01,3.804549875292160821e-01,1.262882555020470865e-01,1.280216160253493940e-01
1.460947479443663877e-01,1.364261674333851204e-02,2.459095162167521942e-01,2.824293477226280658e-01,1.687582245224445443e-01,1.431655468504702544e-01
2.020248977010438152e-01,6.311453699249178206e-02,2.802558960415574285e-01,1.747055357654448693e-01,1.816813245620199357e-01,9.821780893744222474e-02
4.704078852424167095e-02,1.652514588716462451e-02,3.267776676617034637e-01,2.122962894209723950e-01,2.435007230733762518e-01,1.538593854325415733e-01
1.236316192440506806e-01,0.000000000000000000e+00,1.519398740605321929e-01,4.605681338770918343e-01,1.156111814247097330e-01,1.482491913936155037e-01
7.133558446753329729e-02,2.593604806784301480e-03,1.466671916252538233e-01,3.465282073422743525e-01,2.999039505429129671e-01,1.329714612152411990e-01
8.294329514101211887e-02,5.290475308328264348e-02,1.388415742733813962e-01,4.736033627166658100e-01,1.004962433379290726e-01,1.512107714477288478e-01
1.052356971345898146e-01,1.284494218852074918e-02,2.690546352990794143e-01,2.820941484152251766e-01,1.117706715305775145e-01,2.189999054320072303e-01
1.529068181818181715e-01,1.475681818181818518e-02,3.069818181818182445e-01,2.295272727272727742e-01,1.809363636363636729e-01,1.148909090909090991e-01
1.931597947938438198e-01,6.258187745632368126e-02,2.513755412662379563e-01,2.203246097382921542e-01,1.461063831914957423e-01,1.264517935538065907e-01
1.153645667312935136e-01,9.150263070063264928e-04,2.577261596270892796e-01,3.528813953401160330e-01,1.815602198563208702e-01,9.155263213817396717e-02
1.517745532365971095e-01,1.415442463273898326e-02,2.513755412662380118e-01,3.418342550276508574e-01,1.170555116653499705e-01,1.238057141714251352e-01
2.444727862034387633e-02,0.000000000000000000e+00,1.829943053156323773e-01,5.773385261767804977e-01,8.649289911079634241e-02,1.287269907764470311e-01
1.647136844432202374e-01,1.418989689166168071e-02,3.527315726960277842e-01,1.346706831607258348e-01,2.313753217201215129e-01,1.023188410882429761e-01
7.563750965923725367e-02,3.836421763966120502e-02,2.170835921756390507e-01,3.617979060288792348e-01,7.618297246927983879e-02,2.309338020273034309e-01
1.801534046021380508e-01,2.361870856125683829e-02,3.384021520645619785e-01,2.018300549016470713e-01,1.321899656989709848e-01,1.238057141714251352e-01
5.100691447820525359e-02,4.603424857248773067e-02,2.598991766803764314e-01,2.695847943019659132e-01,1.058425069708900379e-01,2.676323589960746263e-01
1.536926908793189994e-01,0.000000000000000000e+00,1.793890768236829636e-01,2.570063066472320634e-01,1.977169160020202099e-01,2.121950096477457359e-01
9.870999747058328833e-02,3.429614567871702019e-02,1.295257441681258170e-01,4.950911668454252013e-01,5.636873797791760315e-02,1.860082078592311117e-01
1.011902066446285914e-01,0.000000000000000000e+00,1.286208093707074673e-01,5.229475161889236556e-01,1.622005615179096805e-01,8.504090627783060519e-02
4.573568603529052506e-02,1.044015660234903428e-02,2.063230948464226666e-01,3.704655569833547601e-01,1.517722765841487687e-01,2.152632289484342210e-01
7.582464448006588642e-02,4.328004823600346829e-02,2.290960161178841048e-01,3.123987117457609486e-01,8.028059236165237256e-02,2.591199870586332055e-01
6.405045619489398157e-02,1.033678718000762171e-02,2.094268726763268418e-01,3.322673109006568648e-01,1.075164482640831171e-01,2.764021247840313666e-01
0.000000000000000000e+00,0.000000000000000000e+00,4.328000000000000180e-01,5.672000000000000375e-01,0.000000000000000000e+00,0.000000000000000000e+00
4.073678831856807070e-02,8.144754849112098571e-02,1.782777312772011458e-01,5.110804557391376290e-01,8.492573074019939272e-02,1.035317454337727622e-01
1.646143163581920421e-01,1.601410706212261920e-02,2.747877109686069352e-01,2.514933119624111479e-01,1.829777225038345112e-01,1.101128311448325708e-01
5.729350035705639554e-02,1.016059630242859176e-02,1.966143511123492893e-01,3.702113992839407008e-01,1.870498625910737567e-01,1.786702903531512954e-01
1.497566851954133804e-01,1.399887073622151784e-02,2.452287066852723296e-01,2.630753822034798128e-01,1.151079800794177210e-01,2.128323751001952036e-01
1.963659510872072522e-01,5.062612433923448230e-02,2.318957166711256290e-01,2.087349280884157610e-01,1.568360747991180693e-01,1.555412050148989311e-01
7.114899608594520142e-02,3.907454704365861259e-02,2.510835151692123457e-01,3.665551317718447888e-01,7.751908526719374082e-02,1.946187246621453037e-01
1.519554091964146481e-01,1.418989689166168244e-02,2.684764282443511396e-01,2.460564613330573358e-01,1.491833966977962889e-01,1.701384076367190024e-01
8.294329514101211887e-02,5.290475308328264348e-02,1.388415742733813962e-01,4.736033627166658100e-01,1.004962433379290726e-01,1.512107714477288478e-01
4.091827077865694412e-02,1.018566397065279877e-02,2.055169907411923957e-01,4.268295657433875956e-01,4.618671766002907519e-02,2.703627911060811351e-01
1.146927238801489883e-02,3.215526743624780043e-03,2.516905272496422485e-01,4.673193320294663500e-01,1.394270303908959618e-01,1.268783111983557699e-01
8.711692307692306403e-02,2.733846153846153371e-02,2.649215384615384306e-01,2.551599999999999424e-01,2.720169230769230451e-01,9.344615384615383158e-02
1.835766666666666935e-01,2.046000000000000249e-02,2.790116666666666578e-01,1.756633333333333380e-01,1.874533333333333329e-01,1.538349999999999995e-01
1.931597947938438198e-01,6.258187745632368126e-02,2.513755412662379563e-01,2.203246097382921542e-01,1.461063831914957423e-01,1.264517935538065907e-01
1.230881625804874646e-01,0.000000000000000000e+00,1.595693261554359255e-01,4.376878503530614029e-01,1.107629571603971352e-01,1.688917037506180441e-01
1.388621774889400029e-01,1.664014922916552328e-02,1.959964488246707104e-01,3.467795029352060410e-01,1.552083073562198212e-01,1.465134141657979949e-01
1.118213942115601767e-01,5.925663238978221697e-02,2.603197470339742581e-01,2.421375881997344104e-01,1.703595167677125211e-01,1.561051213972363960e-01
1.479630166004358982e-01,1.727414559947970663e-02,1.908793952536167182e-01,1.936605640385028748e-01,1.611407071498619781e-01,2.890821713581027685e-01
1.207984939515213546e-01,0.000000000000000000e+00,3.222660915988636021e-01,3.393540062903387944e-01,1.322002760167505231e-01,8.538113214252572580e-02
1.927825724963777576e-01,6.237397874819470417e-02,2.530983494849843862e-01,2.195926853602550854e-01,1.461206966722249923e-01,1.260317172379630257e-01
7.586270558008584297e-02,3.816981799719994933e-02,2.192629886613640111e-01,3.606497792273727354e-01,7.655502392344497309e-02,2.294996846105324673e-01
1.234359749755995911e-01,0.000000000000000000e+00,1.546864749835997199e-01,4.411890590249443189e-01,1.104457671322741086e-01,1.702427238835821088e-01
8.466954189827734234e-02,5.156121105066246296e-02,1.735399839503886654e-01,3.395268371977441246e-01,2.085176038508707030e-01,1.421848220520566253e-01
4.033088235294118168e-02,0.000000000000000000e+00,1.643529411764705905e-01,5.686838235294118249e-01,1.013749999999999929e-01,1.252573529411764863e-01
1.105242795268576994e-01,4.568360931115018897e-02,2.286896345201964165e-01,2.135621302551178047e-01,1.558412177632736428e-01,2.456991286234042338e-01
3.938083634980774073e-02,9.802954971196774919e-03,1.635515993183002115e-01,5.615008662093832204e-01,4.445133030042676403e-02,1.813124128508852018e-01
1.325870824401541859e-01,0.000000000000000000e+00,1.671341214118824969e-01,3.249178005719041140e-01,1.915697661798101137e-01,1.837912293962490617e-01
8.900162083103868582e-02,5.587304972067668948e-03,1.003542416591881870e-01,2.699241477915326759e-01,3.558595078455734084e-01,1.792731769005993514e-01
1.931597947938438198e-01,6.258187745632368126e-02,2.513755412662379563e-01,2.203246097382921542e-01,1.461063831914957423e-01,1.264517935538065907e-01
1.520945639775621305e-01,1.421740964702573190e-02,2.548367943249112977e-01,2.489663900998452806e-01,1.438772480820012523e-01,1.860075938686541752e-01
1.493354115551662753e-01,1.394523632589231114e-02,2.664974663050468928e-01,2.466003313890234860e-01,1.276175336173646646e-01,1.960040208075064516e-01
1.512599475409334981e-01,2.981045690853293892e-02,2.622959695181995010e-01,2.051062875719910916e-01,2.121305540304180837e-01,1.393967844299248415e-01
4.194062910943664735e-02,1.044015660234903428e-02,2.008030120451806955e-01,4.526367895518432771e-01,4.734071011065166257e-02,2.468387025805387214e-01
1.224634225141925208e-02,0.000000000000000000e+00,1.485361313250972981e-01,3.587932122032647109e-01,3.445099155371621480e-01,1.359143986830566309e-01
9.832883704968033156e-02,0.000000000000000000e+00,1.327543847288479573e-01,5.579838770162252048e-01,6.453739036757404068e-02,1.463955108376724101e-01
1.555843064090965122e-01,1.421760958528456124e-02,2.746269029861824196e-01,2.364398318075068006e-01,1.785021742832990366e-01,1.406291749286306958e-01
3.919273864788722778e-02,0.000000000000000000e+00,1.565100134220637207e-01,4.426218493697567369e-01,1.907167444542188783e-01,1.709586541060733600e-01
1.164047945959671981e-01,8.848294722933206175e-04,3.841676760276943048e-01,1.131991838220588187e-01,2.741263502778645278e-01,1.112171658041217759e-01
1.797686348520084743e-02,0.000000000000000000e+00,1.477617751753749487e-01,6.003089407714582437e-01,1.366509713974463358e-01,9.730144917051956888e-02
3.203756183557503190e-02,0.000000000000000000e+00,1.382100707913501980e-01,4.814424725520209392e-01,1.658491816816695663e-01,1.824607131393842507e-01
1.801534046021380508e-01,2.361870856125683829e-02,3.384021520645619785e-01,2.018300549016470713e-01,1.321899656989709848e-01,1.238057141714251352e-01
1.673172828732156503e-01,1.305721966276690571e-02,3.181087049976107362e-01,1.239208928429757356e-01,2.905529345995103152e-01,8.704296502392069868e-02
2.988479102212876840e-02,0.000000000000000000e+00,1.595429039043243513e-01,3.905909896945423676e-01,2.518091238493500028e-01,1.681721915296545689e-01
1.078302013453890512e-01,5.044514507145932830e-02,2.129233276388098062e-01,2.774344088112334905e-01,1.594207326953615000e-01,1.919461844377467752e-01
1.547645238860828054e-01,0.000000000000000000e+00,3.424623181292991703e-01,1.468427538651129738e-01,2.214957052590768027e-01,1.344346988604282200e-01
1.790630165145769975e-02,2.857063488756475880e-02,1.206355820381404820e-01,4.299345806075253185e-01,1.487450866008306061e-01,2.542078142144811315e-01
1.519532764552423143e-01,2.004242172244825523e-02,2.730481709360323417e-01,1.492935853373123789e-01,2.356107377134024905e-01,1.700518078355623408e-01
4.668140044201325722e-02,5.227656829704890179e-02,2.365820974629238571e-01,3.671110133303998602e-01,6.391691750752521994e-02,2.334320029600887858e-01
8.846601264426459665e-02,3.414719224481312793e-02,2.312607984431994945e-01,3.355140135978333382e-01,1.897988050532508075e-01,1.208131780166386282e-01
1.300312733410864396e-01,7.129742264875391089e-02,2.423240143994072060e-01,2.113939173004875660e-01,1.349330253217974340e-01,2.100203469884674157e-01
1.920382796094916023e-02,0.000000000000000000e+00,2.643164304050122926e-01,5.066376575695274997e-01,1.529293204000288231e-01,5.691276366448218271e-02
6.695638973093585855e-02,4.445485958833139684e-02,1.674433847236345418e-01,3.928574870961989429e-01,2.032908909526402463e-01,1.249969879082588886e-01
5.328546229808747703e-02,1.408352893790191553e-02,2.458464700898623789e-01,5.021458631369879466e-01,5.819803052820177874e-02,1.264406450089584633e-01
1.799098609731651643e-01,2.485982540393238960e-02,3.096000563653016902e-01,1.965876264525997508e-01,1.407859777675249391e-01,1.482566530374761216e-01
1.931597947938438198e-01,6.258187745632368126e-02,2.513755412662379563e-01,2.203246097382921542e-01,1.461063831914957423e-01,1.264517935538065907e-01
1.938451700684104551e-01,6.295960866448162274e-02,2.482453706377230618e-01,2.216544433004356274e-01,1.460803770252359635e-01,1.272150303037132002e-01
1.123479652255476857e-01,1.045923381715479876e-02,2.131383563864088226e-01,1.695254549404620337e-01,8.686716117841392082e-02,4.076618284520127089e-01
4.632400245781328335e-02,1.005347855024572683e-02,1.796048165140163300e-01,4.750313060077534510e-01,1.563922589992966516e-01,1.325941374708745901e-01
1.756143431830582136e-01,1.971933284093481051e-02,3.202724917061258170e-01,2.569688718752138334e-01,1.052914127919522685e-01,1.221335476027151090e-01
1.934443658845965697e-01,6.273871325986915548e-02,2.500758794560539733e-01,2.208767629911769781e-01,1.460955853069302313e-01,1.267686931013732032e-01
7.016694029039437230e-02,1.979265147126079566e-02,2.543989658720340330e-01,3.692635920809210770e-01,1.225646226767785896e-01,1.638132276086111949e-01
1.525286296937967134e-01,1.366278991196892729e-02,3.684142244373389552e-01,1.803866664144028187e-01,1.722727801007073178e-01,1.127349094417851305e-01
1.195829800781529270e-02,3.927676606977859031e-02,1.950106685972975984e-01,4.219001165571379941e-01,1.752159857940202847e-01,1.566381649739502779e-01
1.517766781738396631e-01,1.986687414246226732e-02,2.985191348419330426e-01,2.232678237842465052e-01,1.341939045317994128e-01,1.723755845257191055e-01
9.643615975745747915e-02,6.866868236520271181e-03,1.586971124272650024e-01,5.077968969899403495e-01,4.647464086668350036e-02,1.837283217221332976e-01
1.647136844432202374e-01,1.418989689166168071e-02,3.527315726960277842e-01,1.346706831607258348e-01,2.313753217201215129e-01,1.023188410882429761e-01
1.413068965517241538e-01,0.000000000000000000e+00,3.243241379310345396e-01,2.674965517241379431e-01,1.446120689655172598e-01,1.222603448275862148e-01
9.948732853006574117e-02,2.987588694039354162e-02,2.457713588372154867e-01,2.739034440084939792e-01,2.239394607027396233e-01,1.270225209810916245e-01
4.910438720055712580e-02,0.000000000000000000e+00,1.666322541471282892e-01,3.319594704452812350e-01,2.294564452610723670e-01,2.228474429459610939e-01
9.801304635455929115e-02,0.000000000000000000e+00,1.513004046216095688e-01,1.325501161556331686e-01,4.711399406144710089e-01,1.469964922537269902e-01
6.281999999999999806e-01,0.000000000000000000e+00,0.000000000000000000e+00,0.000000000000000000e+00,1.794999999999999929e-01,1.922999999999999987e-01
4.116870432448085232e-02,1.024800365158750649e-02,2.423133837553436420e-01,3.451615238506579031e-01,1.206790774833494395e-01,2.404293069345806166e-01
1.552466573997219879e-01,1.415442463273898152e-02,2.768283048491454457e-01,2.353890616718501416e-01,1.783773513205396122e-01,1.400042001260037861e-01
1.487944094008027407e-01,1.680003294124106025e-02,2.404965499932352202e-01,3.267633858105604139e-01,1.078806036874582069e-01,1.592650181667022713e-01
1.626990763649781013e-01,4.671624214858507290e-02,2.469176245838297368e-01,2.525418497873243018e-01,1.978082418520287489e-01,9.331696526325408692e-02
1.658869766092982978e-01,1.415442463273898326e-02,3.219656589697691418e-01,2.018300549016470713e-01,1.499984999549986708e-01,1.461643849315479304e-01
4.044856627992791942e-02,6.930097021358298803e-02,1.393509509133127877e-01,2.542895600538407352e-01,2.707587906230686792e-01,2.258511619162668072e-01
7.563750965923725367e-02,3.836421763966120502e-02,2.170835921756390507e-01,3.617979060288792348e-01,7.618297246927983879e-02,2.309338020273034309e-01
1.576998505530647632e-01,1.404190069834497165e-02,2.993494336016710999e-01,2.002255593148774826e-01,1.928615476924615268e-01,1.358217081395800829e-01
7.602784932210056301e-02,3.802725820179424232e-02,2.208612133966528224e-01,3.598078192327436309e-01,7.682786176673860046e-02,2.284479980799701271e-01
6.463368667210266094e-02,4.711034015907937522e-02,1.638794442991430844e-01,5.396256096247634693e-01,9.733418975676549900e-02,8.741672948814596666e-02
1.931597947938438198e-01,6.258187745632368126e-02,2.513755412662379563e-01,2.203246097382921542e-01,1.461063831914957423e-01,1.264517935538065907e-01
5.794602575168360248e-02,3.975276028035973526e-03,2.258999073018692072e-01,4.087279102132815312e-01,1.498289844124572612e-01,1.536218962926724496e-01
4.106074285006983127e-02,1.022112912147660896e-02,1.759718149707093782e-01,4.414183704795664465e-01,4.634753377497152771e-02,2.849804088032062421e-01
6.162174563326965060e-02,0.000000000000000000e+00,2.347085390406355720e-01,4.194664184207855806e-01,8.227556763450204202e-02,2.019277292708071270e-01
9.900141430591866132e-02,2.757182245460649064e-02,1.891455592222746340e-01,3.462620894584207965e-01,2.007314390205574284e-01,1.372876755382219927e-01
1.458474268851044364e-01,0.000000000000000000e+00,4.097767581399452408e-01,1.316999519593713419e-01,1.865466631371510975e-01,1.261291998784277724e-01
0.000000000000000000e+00,0.000000000000000000e+00,3.309999999999999748e-02,4.966999999999999749e-01,9.270000000000000462e-02,3.775000000000000022e-01
4.505619936672228959e-02,1.019808610056543476e-02,2.698060458825959906e-01,2.732607208112753372e-01,1.479425800864785645e-01,2.537363677523623573e-01
1.512018422785140759e-01,1.404209573070288285e-02,2.554911400070557503e-01,3.250932667387059216e-01,1.173202514521276968e-01,1.368514037928936777e-01
1.648798948718790125e-01,1.421760958528456124e-02,3.519166975269578113e-01,1.349336933440211661e-01,2.315334361488856907e-01,1.025186685229717704e-01
3.648891712173348706e-02,1.727540216544666205e-02,2.201504572734866161e-01,3.575085672754725885e-01,2.059385691487938264e-01,1.626380870150668789e-01
2.795719284022784787e-02,2.820120325133872521e-02,1.643630128218803998e-01,5.091363898192989845e-01,1.679071640389989961e-01,1.024350372282550742e-01
1.291866028708134051e-01,0.000000000000000000e+00,2.139097011748898602e-01,3.660517854120832193e-01,1.562549680251490991e-01,1.345969425170643330e-01
1.780845946907413241e-02,0.000000000000000000e+00,1.257215270389235307e-01,6.151730107493389443e-01,1.353708497338484973e-01,1.059261530088148606e-01
4.507636363636363663e-02,1.101090909090909030e-02,2.367854545454545490e-01,4.524272727272727335e-01,1.155490909090909346e-01,1.391509090909091029e-01
3.198597081117117436e-02,0.000000000000000000e+00,1.379875070653197866e-01,4.819823475702546545e-01,1.655821098856505025e-01,1.824620646676038405e-01
1.338296628740790750e-01,0.000000000000000000e+00,1.995255098786015424e-01,4.174926852313226022e-01,8.113229343213945732e-02,1.680198485838573230e-01
8.294329514101211887e-02,5.290475308328264348e-02,1.388415742733813962e-01,4.736033627166658100e-01,1.004962433379290726e-01,1.512107714477288478e-01
1.070852208231332925e-01,1.952435139944931966e-02,3.251355210455453837e-01,2.382163376542535127e-01,1.369500850233992817e-01,1.730884840542191994e-01
3.081650767968899599e-02,5.265109380793473598e-03,2.098864057707216513e-01,5.025336793968606663e-01,1.142593903439287073e-01,1.372389074280064292e-01
1.519532764552422865e-01,1.418969773206945305e-02,2.350405532718937707e-01,3.765954199276830283e-01,1.069490570903751103e-01,1.152719955227363147e-01
9.336017128424722866e-02,2.474390697316632484e-02,1.832741445403146263e-01,3.196938422287465276e-01,1.959178963832869935e-01,1.830100385902383442e-01
6.245305543461468489e-02,1.289869524304433808e-02,2.011432423701914329e-01,3.674122554458504886e-01,2.117374755972528388e-01,1.443552759090462045e-01
2.022110150747462587e-01,6.191077507098150662e-02,2.780651461199391550e-01,1.774459207203250288e-01,1.806087154308302911e-01,9.975842758317776671e-02
8.294329514101211887e-02,5.290475308328264348e-02,1.388415742733813962e-01,4.736033627166658100e-01,1.004962433379290726e-01,1.512107714477288478e-01
6.178991633577049503e-02,1.019795161833872942e-02,1.756406687277469458e-01,3.737289191050418569e-01,4.624243578660492543e-02,3.324001084264970873e-01
9.365023603592978474e-02,2.365103094237441111e-02,1.886992509929920070e-01,4.331791385778354653e-01,1.380944810414813095e-01,1.227258624093870709e-01
1.029567427519954559e-01,0.000000000000000000e+00,2.326530989027219554e-01,3.984633184198703160e-01,1.281809062544232436e-01,1.377459336709888904e-01
1.520945639775621305e-01,1.421740964702573190e-02,3.051110173596462416e-01,2.574743355364927377e-01,1.462819731558305525e-01,1.248207003234425433e-01
8.119312344882134713e-02,5.181777684845950693e-02,1.364891769775539443e-01,4.194005291053392592e-01,9.840995663518095626e-02,2.126894369846450694e-01
1.338296628740790750e-01,0.000000000000000000e+00,2.588919483233360075e-01,4.077166714655917068e-01,1.034774677538099624e-01,9.608424958318319276e-02
1.487964517090464012e-01,1.387668826177665404e-02,3.589526894539522006e-01,2.048326248254874471e-01,1.049585091530847447e-01,1.685830365966525246e-01
8.308343190329182948e-02,4.529146441419995561e-02,2.210124566251282230e-01,3.451615238506579031e-01,8.219998331263773939e-02,2.232511398940842939e-01
2.022110150747462587e-01,6.191077507098150662e-02,2.780651461199391550e-01,1.774459207203250288e-01,1.806087154308302911e-01,9.975842758317776671e-02
4.505560521033274285e-02,1.019795161833872768e-02,2.056081407786194415e-01,3.893818957054315244e-01,1.184412958431625001e-01,2.313151108441149351e-01
1.931597947938438198e-01,6.258187745632368126e-02,2.513755412662379563e-01,2.203246097382921542e-01,1.461063831914957423e-01,1.264517935538065907e-01
8.784411205874369244e-02,8.637266246660664504e-02,1.309447277818254485e-01,3.886626951813597075e-01,1.111730167573822398e-01,1.950027857540821974e-01
4.030582295692367728e-02,4.703656514403382893e-02,1.729420091438818308e-01,3.665037711733142856e-01,1.379959408689056533e-01,2.352158907129406895e-01
1.669376013097887412e-01,1.410720639638319250e-02,3.469056473012350761e-01,1.338859004681471065e-01,2.186082099010913937e-01,1.195554346233543147e-01
1.780845946907413588e-02,0.000000000000000000e+00,1.463775695051238723e-01,6.035744789677225386e-01,1.353708497338485528e-01,9.686864232423103571e-02
1.927825724963777576e-01,6.237397874819470417e-02,2.530983494849843862e-01,2.195926853602550854e-01,1.461206966722249923e-01,1.260317172379630257e-01
1.922586523477106124e-01,6.208523038203945382e-02,2.554911400070557503e-01,2.185761231593187914e-01,1.461405765176158056e-01,1.254482775862595656e-01
3.668222267312096219e-02,1.498594162149627547e-02,1.825850024638395463e-01,4.197585437259050978e-01,1.949621728166033852e-01,1.510261166990347625e-01
7.738589244776283849e-02,8.278649579748856291e-02,2.286148870254693932e-01,2.259641300756801141e-01,2.587483541219498528e-01,1.265002405316491274e-01
2.430152880825195774e-02,0.000000000000000000e+00,1.696002531347061970e-01,5.241679465193231913e-01,2.100018059728447628e-01,7.192846556487399179e-02
2.022110150747462587e-01,6.191077507098150662e-02,2.780651461199391550e-01,1.774459207203250288e-01,1.806087154308302911e-01,9.975842758317776671e-02
2.988479102212876840e-02,0.000000000000000000e+00,1.595429039043243513e-01,3.905909896945423676e-01,2.518091238493500028e-01,1.681721915296545689e-01
1.520967028708664626e-01,1.421760958528455951e-02,2.490605189841573197e-01,3.433601935057446486e-01,1.169065956645587989e-01,1.243583793893881101e-01
1.645009350280508265e-01,1.415442463273898152e-02,3.537746132383970954e-01,1.343340300209006355e-01,2.311729351880556504e-01,1.020630618918567656e-01
1.927825724963777576e-01,6.237397874819470417e-02,2.530983494849843862e-01,2.195926853602550854e-01,1.461206966722249923e-01,1.260317172379630257e-01
1.922586523477106124e-01,6.208523038203945382e-02,2.554911400070557503e-01,2.185761231593187914e-01,1.461405765176158056e-01,1.254482775862595656e-01
9.832883704968033156e-02,0.000000000000000000e+00,1.224860395506292138e-01,6.401033652808112429e-01,4.840531553911085055e-02,9.067644257976831268e-02
1.520945639775621305e-01,1.421740964702573190e-02,3.051110173596462416e-01,2.574743355364927377e-01,1.462819731558305525e-01,1.248207003234425433e-01
9.272526455618740338e-02,5.620531649726114021e-02,2.239540888669980245e-01,2.722801832863177007e-01,1.196510395677547328e-01,2.351841072254809706e-01
1.468022285639516977e-01,4.088736768775044425e-03,2.392723070253837403e-01,3.913447360767163818e-01,9.365346992014578209e-02,1.248385216450273866e-01
1.931597947938438198e-01,6.258187745632368126e-02,2.513755412662379563e-01,2.203246097382921542e-01,1.461063831914957423e-01,1.264517935538065907e-01
1.931597947938438198e-01,6.258187745632368126e-02,2.513755412662379563e-01,2.203246097382921542e-01,1.461063831914957423e-01,1.264517935538065907e-01
1.648798948718790125e-01,1.421760958528456124e-02,3.519166975269578113e-01,1.349336933440211661e-01,2.315334361488856907e-01,1.025186685229717704e-01
4.402857142857143080e-02,2.992857142857142591e-02,1.975142857142856978e-01,3.460857142857142188e-01,1.654428571428571415e-01,2.170000000000000262e-01
2.726999999999999980e-01,2.172000000000000042e-01,2.172000000000000042e-01,0.000000000000000000e+00,2.172000000000000042e-01,7.580000000000000626e-02
1.931597947938438198e-01,6.258187745632368126e-02,2.513755412662379563e-01,2.203246097382921542e-01,1.461063831914957423e-01,1.264517935538065907e-01
0.000000000000000000e+00,0.000000000000000000e+00,0.000000000000000000e+00,1.000000000000000000e+00,0.000000000000000000e+00,0.000000000000000000e+00
1.487984940733551309e-01,1.387687873172740484e-02,2.684078943498338088e-01,2.919929017520123682e-01,1.147602380462170724e-01,1.621635930468543207e-01
1.852475110188290391e-02,0.000000000000000000e+00,1.600431828421321201e-01,6.219759376085349789e-01,9.866999856989093487e-02,1.007861298775589998e-01
1.458474268851044364e-01,0.000000000000000000e+00,2.524858574271792166e-01,3.672068786336852853e-01,1.272508014941615695e-01,1.072090355598693950e-01
4.649999999999999967e-02,0.000000000000000000e+00,3.952999999999999847e-01,0.000000000000000000e+00,5.000000000000000000e-01,5.809999999999999887e-02
1.738904649371657285e-01,3.063908026617964339e-02,3.027047795491508153e-01,2.023330192932871197e-01,1.663184155539298159e-01,1.241142404002870403e-01
1.931597947938438198e-01,6.258187745632368126e-02,2.513755412662379563e-01,2.203246097382921542e-01,1.461063831914957423e-01,1.264517935538065907e-01
1.894735063007130793e-01,3.066201501692255443e-02,2.557031770467282361e-01,2.503806343389216038e-01,1.758086983221102961e-01,9.797196897460418163e-02
1.018985085584064726e-01,9.515484427335605538e-03,1.676962951023726334e-01,5.592205961766294475e-01,7.843921584314039741e-02,8.322989989211548867e-02
6.586422794863620866e-02,3.289950433345893710e-02,1.409316212064117835e-01,4.534769123742717900e-01,1.133728513869967369e-01,1.934548827502246271e-01
4.749994062507421899e-02,1.943747570315536993e-02,1.966560041799947367e-01,3.397858252677184443e-01,2.094647381690772636e-01,1.871560160549799179e-01
1.448411568953553996e-01,6.005560162527828066e-02,2.043675122811282330e-01,3.082890115249523055e-01,9.939213607782382276e-02,1.830545815954620348e-01
1.418832361191811609e-01,0.000000000000000000e+00,2.274362878044659253e-01,3.681522644316894688e-01,1.043188601202432592e-01,1.582093515244202275e-01
1.750087742933270352e-01,4.352240581886928500e-02,2.485007264668994131e-01,2.161629171292678286e-01,1.701773394559109864e-01,1.466278368357254724e-01
0.000000000000000000e+00,1.474000000000000032e-01,0.000000000000000000e+00,6.320000000000000617e-02,0.000000000000000000e+00,7.894999999999999796e-01
1.168968215617152522e-02,0.000000000000000000e+00,1.228934131200528079e-01,6.482538088554680167e-01,3.752968866442560336e-02,1.796334072038820173e-01
2.756600355626359633e-02,5.224630282918391044e-02,1.181625351992457301e-01,3.509182709774590903e-01,6.646663274499550744e-02,3.846402546928522348e-01
1.758203124999999645e-01,9.583281250000000306e-02,3.109687500000000160e-01,1.405015624999999824e-01,1.989390624999999857e-01,7.793749999999999289e-02
3.425531069646254451e-02,0.000000000000000000e+00,1.778026792184539684e-01,5.111693463874112942e-01,1.011754971650257601e-01,1.755971665326463427e-01
1.931597947938438198e-01,6.258187745632368126e-02,2.513755412662379563e-01,2.203246097382921542e-01,1.461063831914957423e-01,1.264517935538065907e-01
1.206078879983030032e-02,0.000000000000000000e+00,1.856134183851270714e-01,6.317580569402566626e-01,6.101153047773450605e-02,1.095562053970514649e-01
1.689796620406758959e-02,0.000000000000000000e+00,2.539274921450156985e-01,3.734492531014937389e-01,2.127535744928509831e-01,1.429717140565718858e-01
1.922586523477106124e-01,6.208523038203945382e-02,2.554911400070557503e-01,2.185761231593187914e-01,1.461405765176158056e-01,1.254482775862595656e-01
1.448000604463249852e-01,1.620272630704066436e-02,2.275693021560670493e-01,3.732716128946234058e-01,1.024387425386567713e-01,1.357175556572871034e-01
8.152973613908769124e-02,6.258660838011970151e-02,1.332019028843269004e-01,3.987056957956542358e-01,1.088158402262889568e-01,2.151602165745225004e-01
6.419212047235989260e-02,1.888263062692098482e-02,2.051250753687554607e-01,3.753702260327357876e-01,8.197179370284857214e-02,2.544581537963793716e-01
3.409108062008483347e-02,0.000000000000000000e+00,1.467795740313061204e-01,5.857050672462981167e-01,8.729943093480653504e-02,1.461248471675043736e-01
1.493354115551662753e-01,1.394523632589231114e-02,2.457640999822408578e-01,3.237956974600979532e-01,1.149550935113615446e-01,1.522044611652410562e-01
6.305944240667783751e-02,1.050581895575782194e-02,1.807857477093993692e-01,3.458655979712901285e-01,4.763845492007426352e-02,3.521449380368005255e-01
1.931597947938438198e-01,6.258187745632368126e-02,2.513755412662379563e-01,2.203246097382921542e-01,1.461063831914957423e-01,1.264517935538065907e-01
5.928108836759513056e-02,2.420914592155196457e-02,2.327404064528418304e-01,3.552110653635950355e-01,1.216556286538996862e-01,2.069026652405163424e-01
1.826539523948150223e-01,4.754962854977744235e-02,2.323325029500458438e-01,3.020024755940647343e-01,1.380888147148955913e-01,9.737262579640126869e-02
2.365047525132567621e-02,0.000000000000000000e+00,2.704324369469626177e-01,3.413530926135672772e-01,2.329167405392970902e-01,1.316472546488473561e-01
8.294329514101211887e-02,5.290475308328264348e-02,1.388415742733813962e-01,4.736033627166658100e-01,1.004962433379290726e-01,1.512107714477288478e-01
1.235458103724444839e-01,0.000000000000000000e+00,1.637131112596514615e-01,4.106871862889062696e-01,1.269493728848350433e-01,1.751045191941627277e-01
3.485633802816901633e-02,0.000000000000000000e+00,2.145507042253520791e-01,3.037887323943661566e-01,2.957183098591549819e-01,1.510859154929577453e-01
1.517745532365970818e-01,1.415442463273898152e-02,2.513755412662379563e-01,3.063851915557466721e-01,1.223756712701381116e-01,1.539346180385411378e-01
9.900141430591866132e-02,2.757182245460649064e-02,1.891455592222746340e-01,3.462620894584207965e-01,2.007314390205574284e-01,1.372876755382219927e-01
1.711772553158459609e-01,3.479371496144378212e-02,3.469863362364203896e-01,1.406248251390064263e-01,1.475681875376444463e-01,1.588496808096390156e-01
1.938451700684104551e-01,6.295960866448162274e-02,2.482453706377230618e-01,2.216544433004356274e-01,1.460803770252359635e-01,1.272150303037132002e-01
1.517745532365971095e-01,1.415442463273898326e-02,2.720541616248487449e-01,2.082002460073802408e-01,1.854615638469153949e-01,1.683550506515195389e-01
7.602784932210056301e-02,3.802725820179424232e-02,2.208612133966528224e-01,3.598078192327436309e-01,7.682786176673860046e-02,2.284479980799701271e-01
3.924265603727771640e-02,9.768558155202177601e-03,1.629777260031719799e-01,5.350899661749638492e-01,4.429535853134780599e-02,2.086257350980364744e-01
8.861432473789584985e-02,2.384890370582467070e-02,3.983989939575582340e-01,1.536761484344255357e-01,2.291617056390606866e-01,1.062999235252348601e-01
2.436447233958407774e-02,3.995774973169041733e-02,2.466606589472000177e-01,3.656346370688366432e-01,2.224131710947181984e-01,1.009693108179706283e-01
8.923275665626756448e-02,8.287034684232010007e-03,1.507797681597536632e-01,5.279931277449265714e-01,6.923731411550043680e-02,1.544699986393197055e-01
1.645009350280508265e-01,1.415442463273898152e-02,3.537746132383970954e-01,1.343340300209006355e-01,2.311729351880556504e-01,1.020630618918567656e-01
7.374755366139469637e-02,4.493079644320942256e-02,3.854945138054814979e-01,2.454425980282167741e-01,1.598226302034133905e-01,9.056190785828437118e-02
9.900141430591866132e-02,2.757182245460649411e-02,1.891455592222745785e-01,3.462620894584207965e-01,2.007314390205574284e-01,1.372876755382219649e-01
1.018665279979199950e-01,0.000000000000000000e+00,1.278169172537588494e-01,5.236328544928174900e-01,1.615607567446845083e-01,8.512294351081933774e-02
1.931597947938438198e-01,6.258187745632368126e-02,2.513755412662379563e-01,2.203246097382921542e-01,1.461063831914957423e-01,1.264517935538065907e-01
2.164014259500917359e-01,6.156684516041938116e-02,2.077527286544970653e-01,1.599874004409845563e-01,2.561590344337947855e-01,9.813256536021237875e-02
1.492710682494483576e-01,0.000000000000000000e+00,3.251006119411213313e-01,2.582114600815152428e-01,1.691755013288853415e-01,9.824135839902971290e-02
6.262592096942601327e-02,1.023544463889174659e-02,2.069442197679377538e-01,4.482742393270489623e-01,1.043177105545669697e-01,1.676024647421285596e-01
1.647339566110841147e-01,2.056502847103483869e-02,1.799361558612684042e-01,3.804549875292160821e-01,1.262882555020470865e-01,1.280216160253493940e-01
2.400216511693267080e-02,6.976033523623715975e-03,2.258353767615739471e-01,4.816321948129388963e-01,9.535734095089676288e-02,1.661968888340339678e-01
1.363058196472526074e-01,0.000000000000000000e+00,2.169380490295323982e-01,3.548597063421189413e-01,1.741385269385227197e-01,1.177578980425731947e-01
1.522101357927487797e-01,1.423985779861094286e-02,2.482453706377230618e-01,3.289533915791875152e-01,1.168541604751689861e-01,1.394970837165606103e-01
1.914818046077291780e-01,6.165708590956270330e-02,2.590390736264228666e-01,2.170688055836215713e-01,1.461700535533861367e-01,1.245831767192775025e-01
