1.404442839806484267e-01,5.960136884475249197e-02,2.615742455438372915e-01,2.156148532452078492e-01,1.639278266913153093e-01,1.588374216942386730e-01
1.204265256116273941e-01,8.497061250985107894e-03,1.812801426711704578e-01,4.430952928139416658e-01,9.826474311338113943e-02,1.484362345388942905e-01
1.376776264802529459e-01,4.145707702925341409e-02,2.621158447897822263e-01,1.766728418441260440e-01,2.081222002869679011e-01,1.739544095696173576e-01
1.463900840328748454e-01,4.182889023080953173e-02,2.176921023279435041e-01,1.727901980674921567e-01,2.805331563051616794e-01,1.407655690357182410e-01
9.253965758059015667e-02,1.098968750923601245e-02,1.270856300158764718e-01,4.728619830232095866e-01,1.373880023919430426e-01,1.591350394791447298e-01
5.649451413617634365e-02,5.556568103935071584e-02,1.210418709611036370e-01,4.758890783919085821e-01,1.009575078443118307e-01,1.900513476271488145e-01
8.460527505245191149e-02,5.256085641326162933e-02,2.330859734488278101e-01,2.290997246762068451e-01,2.282544270196936731e-01,1.723937433895580962e-01
1.317666532402752277e-01,5.215951280749242525e-02,1.950452303538673660e-01,3.654227041703194123e-01,1.140987239986651358e-01,1.415071754293804052e-01
1.381214461717140130e-01,4.558147622791187265e-02,2.221156585947382245e-01,1.877438259968773893e-01,2.242480511008943245e-01,1.821895419078641276e-01
8.178473414050498047e-02,3.118452885127238547e-02,1.977851166594318255e-01,3.741222498593799739e-01,5.863240311132870280e-02,2.564909673780820798e-01
5.411424454787203825e-02,4.098185559184813059e-02,1.781794021568735564e-01,3.640718748228500834e-01,1.734818910883625664e-01,1.891707317921936249e-01
2.649999999999999925e-02,4.420000000000000318e-02,2.477999999999999925e-01,2.649999999999999925e-02,5.574999999999999956e-01,9.729999999999999760e-02
9.615665583019264440e-02,4.201092587868346384e-02,1.816621550002076035e-01,3.272264827778332830e-01,1.875573211810280805e-01,1.653864593320550358e-01
5.162183502648005906e-02,4.190166470292978895e-02,1.683603814228146756e-01,2.298398820275799337e-01,3.071129936832372453e-01,2.011632431369582974e-01
1.608569696767358781e-01,6.048246035125106473e-02,2.538158433135535574e-01,2.008826141892813832e-01,2.047030356303455867e-01,1.192590768388325645e-01
9.547527164357641483e-02,8.609725520273676935e-03,1.499496138771720111e-01,4.734774103950477597e-01,1.432787521515586915e-01,1.292092264123713419e-01
1.121475593864415393e-01,1.107822241978971903e-02,1.820917582879648944e-01,3.981824486407098407e-01,1.159177451542734022e-01,1.805822661108206495e-01
8.924138503129644406e-02,0.000000000000000000e+00,1.474781081904849023e-01,5.066762491082892339e-01,1.593124607120733616e-01,9.729179695785594717e-02
1.389888329028274583e-01,4.181935687005312180e-02,2.531644625075906707e-01,1.727390807953595175e-01,2.502484459406191797e-01,1.430398209835500867e-01
1.406309901835120779e-01,5.345217651684174009e-02,2.678126068956486194e-01,1.923175315781022465e-01,2.304468071693746845e-01,1.153398876565206316e-01
1.189863460172583404e-01,9.001599611422050895e-02,2.278934034753632709e-01,2.484922487608803854e-01,1.522038789222029953e-01,1.624081267100744574e-01
8.242415056475935198e-02,6.539287285661267608e-03,1.910143976120950438e-01,5.350048459984579896e-01,7.019144999950947816e-02,1.148258685395169149e-01
8.617770737775358458e-02,3.720879434383380247e-03,1.877980246756010552e-01,5.052064333632082516e-01,6.618921298643616613e-02,1.509077421626176252e-01
1.065853474373236742e-01,3.684344589889848587e-02,1.622174064958067652e-01,2.834372346993489500e-01,1.923962884796942829e-01,2.185202769889277863e-01
1.176062124636416129e-01,1.503091012463483346e-02,2.528076984687800954e-01,3.070956605013567819e-01,1.455275494096937572e-01,1.619319690318930249e-01
1.066391246408446153e-01,3.689826966092704663e-02,1.613137866465512438e-01,2.834822216701001762e-01,1.927466770344569702e-01,2.189199203471199340e-01
7.754849276638471622e-02,5.207601349732197266e-02,2.086976144636928376e-01,2.323905680522544703e-01,2.596582118404038297e-01,1.696290993799422220e-01
5.317592171642674531e-02,3.385538331398684625e-02,9.911670564985131104e-02,4.770208374490644831e-01,8.419430261514394831e-02,2.526368492555267076e-01
6.554202371334168220e-02,2.701395994661751412e-02,2.104316540481022679e-01,1.711796282280443615e-01,3.796980685187358318e-01,1.461346655451583876e-01
1.294883111121220287e-01,2.313583141924255987e-02,3.047805443403852621e-01,1.402484308886118303e-01,2.557821823907394099e-01,1.465646998488988328e-01
1.127409560250888509e-01,3.706177740466909398e-02,1.214584715360802897e-01,4.558103321526898455e-01,1.176660589789549766e-01,1.552624039025169433e-01
1.028904465910229354e-01,4.717105530541560593e-02,2.517202619367581717e-01,2.316213646481717348e-01,2.500741139279700209e-01,1.165227575906615104e-01
1.253484296990173552e-01,1.752501863007708410e-02,1.928969656677045341e-01,2.493848923587411170e-01,2.734672582809088981e-01,1.413774353635509629e-01
8.501141998793219912e-02,5.672103629697971411e-02,1.346207461827116647e-01,4.538702502411518513e-01,1.247106101011750262e-01,1.450659371900495376e-01
9.375811617871759873e-02,5.535694485284212152e-02,2.180563709008150608e-01,2.569399223377880070e-01,2.001863020301611062e-01,1.757023436996760224e-01
1.121475593864415393e-01,1.107822241978971903e-02,1.820917582879648944e-01,3.981824486407098407e-01,1.159177451542734022e-01,1.805822661108206495e-01
7.099472181143229310e-02,4.827263239694203067e-02,1.182908187310695441e-01,4.549421499722566820e-01,1.732522967019449189e-01,1.342473803863546700e-01
1.219316988084618858e-01,3.864973946450633163e-02,1.932524823834442795e-01,3.039289017254753755e-01,1.737061476943841665e-01,1.685310299237280096e-01
1.066391246408446153e-01,3.689826966092704663e-02,1.613137866465512438e-01,2.834822216701001762e-01,1.927466770344569702e-01,2.189199203471199340e-01
1.448949517709323120e-01,4.140772125055089403e-02,2.580257834650372950e-01,1.702167564110594056e-01,1.861119662950538045e-01,1.993428208073663721e-01
1.494696564811790751e-01,6.568789416080958454e-02,2.229232230296913086e-01,2.999514968731308850e-01,1.290359133418525761e-01,1.329318161133364873e-01
1.299276669394929529e-01,4.866161495826770017e-02,2.679641847462130300e-01,2.346595334453441262e-01,1.325448234567209727e-01,1.862421764539611835e-01
1.381421567475969170e-01,2.357244011674021131e-02,1.897190497159068623e-01,3.721568129042260864e-01,1.198689865866881810e-01,1.565405539288416414e-01
1.318268316864806000e-01,3.993051010423780828e-02,1.796338999133366143e-01,3.278590214526883040e-01,1.586700268952267456e-01,1.620797099480299208e-01
1.656197535542586197e-01,7.003112864110219715e-02,1.939162476859594142e-01,2.702427211524356387e-01,1.632994590206664487e-01,1.368906899455777093e-01
4.611435627935370207e-02,1.086793809238249461e-02,3.333943008600007696e-01,2.553350295274707804e-01,1.782719653731411336e-01,1.760164098676511024e-01
1.121309929158236796e-01,1.107282748941886691e-02,1.726823601049208845e-01,4.219344337695959402e-01,1.129116772606683361e-01,1.692677084595722303e-01
1.344747423817214960e-01,1.066274149576759527e-02,1.745784960938124297e-01,2.658809352748055521e-01,2.546205986375879027e-01,1.597824861163051058e-01
1.123749071140872219e-01,3.709644164072335715e-02,1.216914590483296893e-01,4.559220750694595314e-01,1.173797763418160806e-01,1.555353407855842029e-01
1.002491765097861809e-01,1.932494905459264736e-02,2.585052128048450082e-01,2.939421693048307471e-01,1.169714302155550750e-01,2.110070621103904420e-01
1.396760796401313731e-01,4.064361850514274649e-02,2.086155925109350884e-01,2.334288270097845952e-01,2.056884819932074115e-01,1.719474003407988894e-01
1.397144649613186185e-01,4.203768711556002402e-02,2.002799309513070836e-01,2.486992989601284065e-01,2.268344080268985818e-01,1.424342099847872301e-01
1.076777825809602934e-01,9.653313659277512962e-03,2.796592388575582233e-01,2.705670166911549601e-01,1.983166668282729805e-01,1.341259813827760383e-01
1.253696161699590361e-01,4.406966632060847766e-02,2.155924322840580276e-01,3.171606613061257463e-01,1.601780017937568523e-01,1.376296221254919017e-01
9.465939957909480507e-02,3.741211630237644553e-03,2.057133161067688787e-01,4.032001179072556285e-01,9.647736631971845500e-02,1.962085884569245986e-01
1.385153255514178505e-01,4.129162553322330426e-02,2.821973181335199476e-01,2.332565463393098670e-01,1.873288386631469515e-01,1.174103457793820443e-01
1.066391246408446153e-01,3.689826966092704663e-02,1.613137866465512438e-01,2.834822216701001762e-01,1.927466770344569702e-01,2.189199203471199340e-01
1.565833712207384820e-01,4.771051821220445577e-02,2.568433745595599116e-01,2.454638855946970344e-01,1.640537473557783510e-01,1.293451030570216542e-01
7.119661917338838963e-02,5.375127173989073526e-02,2.073789219563598463e-01,3.298732220359286149e-01,1.392815506042016649e-01,1.985184144902307213e-01
1.280747471058291675e-01,8.912241390411008643e-03,2.328065971839123338e-01,2.144428882518478463e-01,2.078512716413826455e-01,2.079122544266169270e-01
1.233433356493376515e-01,6.124169803846297999e-02,1.618298138548710241e-01,3.774086188325793678e-01,9.802352545475531698e-02,1.781530081699935486e-01
1.257305007609833547e-01,3.964181196104115540e-02,1.619845331684684753e-01,3.937975224392811224e-01,1.642916991188036469e-01,1.145539325514222939e-01
5.255000818647705130e-02,3.667517707100959035e-02,1.775567201868599732e-01,3.848496965775615175e-01,1.631105461187415118e-01,1.852578518593503698e-01
7.194892715395374838e-02,5.755979317015802454e-02,1.933511813119879463e-01,2.873939856198281517e-01,1.965092192381783509e-01,1.932368935058936810e-01
6.491621540239192467e-02,2.485687514066658305e-02,1.594155533975540884e-01,4.116654488993471972e-01,9.129675120501995478e-02,2.478491559550202727e-01
0.000000000000000000e+00,0.000000000000000000e+00,4.328000000000000180e-01,5.672000000000000375e-01,0.000000000000000000e+00,0.000000000000000000e+00
1.048312099996814156e-01,5.460026373317066611e-02,2.027681018036757987e-01,3.618259732085328806e-01,9.549876476214121113e-02,1.804756864927980209e-01
1.473811273270725364e-01,4.159726259610004029e-02,2.225288763821095250e-01,2.450491481265031635e-01,2.122076613638085307e-01,1.312359242044061625e-01
6.146063032190043907e-02,2.140889020160748404e-02,1.461850391727372855e-01,3.985473347090276452e-01,1.501064060282510937e-01,2.222916995664761530e-01
1.328059473838149041e-01,4.024134110540861231e-02,1.648765938294655398e-01,3.237504277285358500e-01,1.158298408050401906e-01,2.224958491477348477e-01
1.663129120181949527e-01,6.122974946004969971e-02,1.945591631552339440e-01,1.809189972210493158e-01,2.468725393936083423e-01,1.501066387518636969e-01
4.639162672601947202e-02,4.178167562475228192e-02,1.635766579484575489e-01,4.033285400331469983e-01,5.380406295221541735e-02,2.911174367154082399e-01
1.363002065990115419e-01,4.272015122497922757e-02,2.716642014822816531e-01,2.094598398791733262e-01,1.909724833073092043e-01,1.488831175072450608e-01
1.123749071140872219e-01,3.709644164072335715e-02,1.216914590483296893e-01,4.559220750694595314e-01,1.173797763418160806e-01,1.555353407855842029e-01
5.795147666029229483e-02,3.664178110051259651e-02,2.190287259123543939e-01,3.599389829596155166e-01,1.342657867170180264e-01,1.921732466502070746e-01
6.328945070155053698e-02,1.981169233968585030e-03,1.627620176634984595e-01,5.476209321537822694e-01,1.103088172061295891e-01,1.140376130410706013e-01
9.555549451211084455e-02,3.817530603814228013e-02,2.234203310529356556e-01,3.224522573832991346e-01,2.220407643574180689e-01,9.835584665609399535e-02
1.562325798622448969e-01,5.262814375300911562e-02,2.814930945301659104e-01,1.810090906757282903e-01,1.812306140987220426e-01,1.474064770801297442e-01
1.441813037166647660e-01,4.203768711556002402e-02,2.215210832599667223e-01,1.814643387351490555e-01,2.458378376450187086e-01,1.649577495276406403e-01
1.120108015893878789e-01,1.103166273992171355e-02,1.845625290947724706e-01,3.965089628922515708e-01,1.160627307858574514e-01,1.798233128978088402e-01
1.121624067464530861e-01,1.185384143727772829e-02,1.829019519115052950e-01,3.949260661635439207e-01,1.174138152758919112e-01,1.807419184653280830e-01
1.536998622085783972e-01,4.167132712717627058e-02,2.362276878808868275e-01,2.699453107727592949e-01,1.495389477919386867e-01,1.489168642186605995e-01
1.314380451699586339e-01,1.961793065056889954e-02,2.408825768656066846e-01,1.690405268172965048e-01,1.873227930223345938e-01,2.516981274742347008e-01
1.398362641396541095e-01,3.891975607606591725e-02,2.825831028802045508e-01,2.747646050703894671e-01,1.483202881681387197e-01,1.155759836655471939e-01
1.442756594734004860e-01,4.205193679083256419e-02,2.222083974983788124e-01,1.814496125571307128e-01,2.453676688128608729e-01,1.646467248673966488e-01
1.241011419929461540e-01,4.450827907428295954e-02,1.775470728465756987e-01,2.336738183790705303e-01,2.411157170450018428e-01,1.790539706621227800e-01
1.120880767736006228e-01,1.105797135205352846e-02,1.831664165998586336e-01,3.974545683515056105e-01,1.159808064522528243e-01,1.802521604707287561e-01
5.597318192934043479e-02,3.413659556504930470e-02,1.566304354339333738e-01,4.695680124004885103e-01,1.576376652635168019e-01,1.260541094076716440e-01
3.445531034481799648e-02,0.000000000000000000e+00,1.458781877392946458e-01,5.780796163201006310e-01,1.067924594505248320e-01,1.347944261452618253e-01
1.138998162211560250e-01,6.146527128454283562e-02,2.063824561284328674e-01,2.332447625765497745e-01,2.081779192671882606e-01,1.768297745221303063e-01
4.635354373829704555e-02,2.545705245446419629e-02,1.059144726267424730e-01,6.074235095951292518e-01,5.050365440357157398e-02,1.643477671817953345e-01
1.340628507672174952e-01,2.926042745508304274e-02,1.985593393241225912e-01,2.521269809961356190e-01,2.005175248914362884e-01,1.854728765660050294e-01
1.048453990334062141e-01,4.801706986937457310e-03,9.174364962256280343e-02,3.951362855541043495e-01,2.279212447924498786e-01,1.755517140105393170e-01
1.441813037166647660e-01,4.203768711556002402e-02,2.215210832599667223e-01,1.814643387351490555e-01,2.458378376450187086e-01,1.649577495276406403e-01
1.389337043813367034e-01,4.183530346757338009e-02,2.020037257232907002e-01,2.026969217217896857e-01,2.437603124318017678e-01,1.707700322742076449e-01
1.326972983618704416e-01,4.019417553510942764e-02,1.881034299051599634e-01,3.157798137670380645e-01,1.303976525370176831e-01,1.928276298938042810e-01
9.677554781692934704e-02,2.119203964030020107e-02,1.921410991038535465e-01,4.000006225179010833e-01,1.527673676345835119e-01,1.371233232864324525e-01
1.060401968246525578e-01,3.667517707100959728e-02,1.740848790374243116e-01,2.935650892815593327e-01,1.915532771561613834e-01,1.980813806291928381e-01
9.695784441250906993e-02,9.101565068807182871e-03,1.750494608203183033e-01,2.765660470967066797e-01,2.787832429351442820e-01,1.635418396665144491e-01
9.669122460172104028e-02,1.279565433815404128e-02,1.875698700625311743e-01,4.130839654353699042e-01,8.467269481742663306e-02,2.051865907447973092e-01
1.411880066404163914e-01,4.183568353456935257e-02,2.147879293491498365e-01,1.946041716533791488e-01,2.661294005406831809e-01,1.414548082818020136e-01
6.092974852630302779e-02,1.622521965011439540e-02,1.292829135530672025e-01,3.688506871931959141e-01,1.802134250321031916e-01,2.444980060452162374e-01
1.392175981360373183e-01,4.686425530468581874e-02,3.220846026359664993e-01,1.359355553575595232e-01,2.265885300456616791e-01,1.293094585200892377e-01
9.854654136475633763e-02,8.868102706158776521e-03,1.743086965816465217e-01,4.365114144288274045e-01,1.451889340829166930e-01,1.365763108356944089e-01
7.587985789974159567e-02,0.000000000000000000e+00,8.886549086484460402e-02,5.686667298296653739e-01,1.224324184517484038e-01,1.441555029539999810e-01
1.573966149605033893e-01,4.795831132046700362e-02,2.556890621188555590e-01,1.727390807953595175e-01,2.354731813092236503e-01,1.307437494955909218e-01
1.626871485525523131e-01,4.475129935440841367e-02,2.922717078510499444e-01,1.388507882374458158e-01,2.625172851120496365e-01,9.892177089249397370e-02
1.066490040461983563e-01,9.031343700569422622e-03,1.819399179511055342e-01,2.974625361291156067e-01,2.216880936542896252e-01,1.832291045187214862e-01
8.211916691665524515e-02,3.168687805238590977e-02,2.202115869917493918e-01,3.286636853683256310e-01,1.710154450681389826e-01,1.663032376027448744e-01
1.428007157049376863e-01,4.111495734886451425e-02,2.648836662938496289e-01,2.001207317359301741e-01,2.039974520360848809e-01,1.470824768803331017e-01
3.183579760025478933e-02,4.446088761224287200e-02,7.750647508795997787e-02,5.138858420756128309e-01,1.121586004351477761e-01,2.201523971887816011e-01
1.334238662863579394e-01,4.418444263923854837e-02,1.880485418016993593e-01,2.197016484824016458e-01,1.992977203971402766e-01,2.153437803931622374e-01
1.090224802810518118e-01,6.298817612187335158e-02,1.965876607290929501e-01,2.397726822668382607e-01,2.019801405069483191e-01,1.896488600941953762e-01
1.345400901654969505e-01,2.335331189646620495e-02,1.950356175019677951e-01,3.480433329714330837e-01,1.477250806384395043e-01,1.513025668261964718e-01
1.044836864990339037e-01,7.403826556030633499e-02,2.016223040028256586e-01,2.271441058794319012e-01,2.280982082960540391e-01,1.646134297623481901e-01
1.132846037638967213e-01,1.033767170543920672e-02,2.234434171718268636e-01,4.067683641280468443e-01,1.678319359888642837e-01,7.833400724192607356e-02
4.874925673060272885e-02,2.861887126481071561e-02,1.494859951569595391e-01,4.979801266987790020e-01,1.535111381962316612e-01,1.216546119526164121e-01
8.502367664293275507e-02,7.619833625334048767e-03,1.474987704702243607e-01,5.701330382070349811e-01,5.534644143069623184e-02,1.343782396237776788e-01
1.892379173501245182e-01,7.395821828665795350e-02,2.385779634606580712e-01,1.685836419594048119e-01,1.967992211272828751e-01,1.328430378158717562e-01
1.441813037166647660e-01,4.203768711556002402e-02,2.215210832599667223e-01,1.814643387351490555e-01,2.458378376450187086e-01,1.649577495276406403e-01
1.427567461514181735e-01,4.184069596571227123e-02,2.107188246510941498e-01,1.920550089272426708e-01,2.406637101892369068e-01,1.719650141152957445e-01
1.288390974333412375e-01,3.874315230214860767e-02,1.963822145008235764e-01,1.688803299641764011e-01,2.086845903492240972e-01,2.584706154502861009e-01
3.785708713103332762e-02,2.591794736140973221e-02,1.837091695468402730e-01,3.244529856791545930e-01,2.276084300108393021e-01,2.004543802707228484e-01
1.588282587721715766e-01,5.311668786050307428e-02,2.459010859895566781e-01,2.488844567530091312e-01,1.417581140007066476e-01,1.515113966240528298e-01
1.557118816635682801e-01,4.394072697426434915e-02,2.840688676157571702e-01,1.701030529411130809e-01,2.147239832582129859e-01,1.314514875470842170e-01
1.323661424738787895e-01,2.203998515430200672e-02,2.444124211398211455e-01,2.844667243944989932e-01,1.363690184485968349e-01,1.803457083889022095e-01
1.404616783990266515e-01,4.115108239838998622e-02,2.833707031439967050e-01,1.992193956345298667e-01,1.951913972273718045e-01,1.406057431966850901e-01
9.651797408712159410e-02,3.238533127575492221e-02,1.969633822015719460e-01,3.439049264215899293e-01,1.647283455828172372e-01,1.655000404311444684e-01
1.382719484996968173e-01,4.528971569657007368e-02,2.286310965310388854e-01,1.838059576793772409e-01,1.653471563508285280e-01,2.386541252424885518e-01
1.141917691744390312e-01,1.917361052109996938e-02,2.360144029263076537e-01,3.747757243975733954e-01,8.301746276398352942e-02,1.728270302165964001e-01
1.385153255514178505e-01,4.129162553322330426e-02,2.821973181335199476e-01,2.332565463393098670e-01,1.873288386631469515e-01,1.174103457793820443e-01
1.378403019270454111e-01,4.019343077388625590e-02,2.737004183588146455e-01,2.290528882502321228e-01,1.852408492713241706e-01,1.339721114186973316e-01
8.580196775498921680e-02,2.542513923108545223e-02,2.028559046655961096e-01,3.604976193478359181e-01,1.713339741210935518e-01,1.540853948793996508e-01
3.183252559714554175e-02,0.000000000000000000e+00,1.216848142013585155e-01,4.295777005319184605e-01,1.950694758472638068e-01,2.218354838223137171e-01
9.695203987414155455e-02,9.021205455586210273e-03,2.439003242649531722e-01,1.417800658224735721e-01,3.553335802874145188e-01,1.530127842954309980e-01
6.281999999999999806e-01,0.000000000000000000e+00,0.000000000000000000e+00,0.000000000000000000e+00,1.794999999999999929e-01,1.922999999999999987e-01
1.051340884516472063e-01,3.634178799554077521e-02,1.990348577544071018e-01,2.304921312448293957e-01,2.336811001744353578e-01,1.953160343791401354e-01
1.433854492146895698e-01,4.390744430188121827e-02,2.428332575274498584e-01,1.916297944623873428e-01,2.364392714149238239e-01,1.418047830786682562e-01
1.233422282475046261e-01,4.204493706007626092e-02,1.711836512010725397e-01,3.620177250252555323e-01,1.181607606528746746e-01,1.832506978132164288e-01
1.370508401640609386e-01,4.191437300284915624e-02,2.678526288654761722e-01,2.217513563470545623e-01,1.813407731585279514e-01,1.500900284620313996e-01
1.481427768170540671e-01,4.181935687005312180e-02,2.450276234727226110e-01,1.727390807953595175e-01,2.470245867247953531e-01,1.452465753200154475e-01
2.588032241361009136e-02,4.370025911947993807e-02,1.352575841712282678e-01,4.109604883956379240e-01,1.983808121113951883e-01,1.858205337886485731e-01
1.066391246408446153e-01,3.689826966092704663e-02,1.613137866465512438e-01,2.834822216701001762e-01,1.927466770344569702e-01,2.189199203471199340e-01
1.542912198914094257e-01,4.693005359746407756e-02,2.508358814342263043e-01,1.695682789288820991e-01,2.445603726082545837e-01,1.338141935397635929e-01
1.065457798630410902e-01,3.680310829979536319e-02,1.628822615490207737e-01,2.834041347017589030e-01,1.921384836058700196e-01,2.182262319805138018e-01
1.289510297820933293e-01,4.212641188340194437e-02,1.994002302966337570e-01,3.618013336461697871e-01,1.141185146051417049e-01,1.536024797865595259e-01
1.441813037166647660e-01,4.203768711556002402e-02,2.215210832599667223e-01,1.814643387351490555e-01,2.458378376450187086e-01,1.649577495276406403e-01
4.994653746481648310e-02,1.305220551151545054e-02,2.215943272443204881e-01,4.295995638509734760e-01,1.522523807158799314e-01,1.335549852124941761e-01
1.053539271836861496e-01,3.643782311133597629e-02,1.597981341176452075e-01,2.867073237830031762e-01,1.903135850141590979e-01,2.213892067901703231e-01
1.203557839885813219e-01,2.608637334330248404e-03,2.511037432495482058e-01,3.050662821608484676e-01,1.350666805848058094e-01,1.857988726818858571e-01
8.775251957806358416e-02,1.777132416349365071e-02,1.442567652728396765e-01,4.703170441936169732e-01,1.453417616803197310e-01,1.345605851116662699e-01
1.315081400120760580e-01,4.379726004510355736e-02,3.256144020705002973e-01,1.550412231362952309e-01,1.832862685613170506e-01,1.607527061747077990e-01
0.000000000000000000e+00,0.000000000000000000e+00,3.309999999999999748e-02,4.966999999999999749e-01,9.270000000000000462e-02,3.775000000000000022e-01
6.761857936309167982e-02,3.220374113716213682e-02,2.133357139951085890e-01,3.320834793148653152e-01,1.645954389019793906e-01,1.901630472877927636e-01
1.390608556028720411e-01,4.178365610130890806e-02,2.009138924884797950e-01,2.541288353846079540e-01,2.245534316831148958e-01,1.395593287396165172e-01
1.385503219195350910e-01,4.131615653937714683e-02,2.819075323436258107e-01,2.333951220843860364e-01,1.873507688384203895e-01,1.174800982746554839e-01
8.581784162245761904e-02,2.542892800528252090e-02,2.027137935902843247e-01,3.252447106114285114e-01,1.712690872069672909e-01,1.895256389635796568e-01
9.642625677360720793e-02,1.881047621619791679e-02,1.542436945939116011e-01,4.687659605609021396e-01,1.449235679860416404e-01,1.168300438693394422e-01
1.156452480494660345e-01,1.108247786642643437e-02,2.130782316761798967e-01,3.607781152496958299e-01,1.390368990144315309e-01,1.603790281438002008e-01
9.918626576619199442e-02,8.944373856466377240e-03,1.514871294133479651e-01,4.832479967922519437e-01,1.385409821119008567e-01,1.185932520598408646e-01
5.040156271558988293e-02,2.496232425694456039e-02,1.788987239272866181e-01,4.603394070067157728e-01,9.262522616686344468e-02,1.927727559265998980e-01
2.054300459269179160e-02,0.000000000000000000e+00,8.862254042909765983e-02,6.313271041814343398e-01,1.063451868923895316e-01,1.531621639043865835e-01
1.234704109143554690e-01,4.019381411291258338e-02,1.916356772411689779e-01,3.220114461930467797e-01,1.505895226000468767e-01,1.720991289384692091e-01
1.123749071140872219e-01,3.709644164072335715e-02,1.216914590483296893e-01,4.559220750694595314e-01,1.173797763418160806e-01,1.555353407855842029e-01
1.279475746416825765e-01,1.572785166806254728e-02,2.328016997728008519e-01,2.688866071499707577e-01,1.979760200395057346e-01,1.566602467279776256e-01
9.829543222848749484e-02,2.628806546515622712e-03,1.858987570069123574e-01,4.455985625324532240e-01,1.052221187658888696e-01,1.623563229197423630e-01
1.241486969172396759e-01,4.410347040750237091e-02,2.550824538956971699e-01,3.231632519014672744e-01,1.154956954922559675e-01,1.380064313858376523e-01
8.258421075564015279e-02,3.548900520457555496e-02,1.207122070547031190e-01,4.324526130543936975e-01,1.495162240197706049e-01,1.792457399109168015e-01
1.224656623831896912e-01,1.682299266547232844e-02,2.099600898493584888e-01,2.521104719848809572e-01,2.404932713032512659e-01,1.581475118138471747e-01
1.655034261088250691e-01,6.970012840902289897e-02,1.928449022037748151e-01,2.715237708670807382e-01,1.628881703375973378e-01,1.375396020736991409e-01
1.123749071140872219e-01,3.709644164072335715e-02,1.216914590483296893e-01,4.559220750694595314e-01,1.173797763418160806e-01,1.555353407855842029e-01
1.195212436087497720e-01,3.651217300156502782e-02,1.596258290619378961e-01,2.386479935575991917e-01,1.907298115068861988e-01,2.549629492632618510e-01
1.249032785484592151e-01,1.518463113999281647e-02,1.590659673209090241e-01,4.241193336894834021e-01,1.488752736799877630e-01,1.278515156211679216e-01
1.230832072509645270e-01,1.917540415089940631e-03,1.523336250521156177e-01,4.589633462483067028e-01,1.006425606160414599e-01,1.630597204174818460e-01
1.334558375722731116e-01,4.043826340648013634e-02,2.770198227036820837e-01,2.602342472373171400e-01,1.529539335786492538e-01,1.358978955015983370e-01
5.647191691565010829e-02,3.688968909589625950e-02,1.210739440580287096e-01,5.025140612387912764e-01,1.007979279663730188e-01,1.822524607252606621e-01
1.326961051604065855e-01,4.019381411291259032e-02,2.081448143130498751e-01,3.429027053054001795e-01,1.409861683556194456e-01,1.350763927526114072e-01
1.374135439555450033e-01,4.134537943399598653e-02,2.780266691573466398e-01,2.146555105331322266e-01,1.533311454619797898e-01,1.752277514580003193e-01
1.084563761864907744e-01,3.911943839680341595e-02,1.635488077707255294e-01,2.795779722057440408e-01,1.926087475756039225e-01,2.166886578646325112e-01
1.655034261088250691e-01,6.970012840902289897e-02,1.928449022037748151e-01,2.715237708670807382e-01,1.628881703375973378e-01,1.375396020736991409e-01
1.079813165619112614e-01,3.651217300156502782e-02,1.776448771924625247e-01,2.548331186843988960e-01,2.341420396761370037e-01,1.888864748835252516e-01
1.389888329028274583e-01,4.181935687005312180e-02,1.992397413144581242e-01,2.354000063986964320e-01,2.256563029647008500e-01,1.588957595492640207e-01
8.207287719695871564e-02,7.074820304210251154e-02,1.133530567530760952e-01,4.516228136493308232e-01,1.211936369457929374e-01,1.610094124127388338e-01
2.586738190277180355e-02,2.917600458713551226e-02,1.627786242621334367e-01,4.360561732343486430e-01,1.214654315287578418e-01,2.246563844848528113e-01
1.481760249774673466e-01,4.156168904015478116e-02,2.691254333844635416e-01,1.698027399786041503e-01,2.263420313098452874e-01,1.449920813094650596e-01
9.918714328042664563e-02,8.944452988544982289e-03,1.741010751906658383e-01,4.361301994959750350e-01,1.448590618419924314e-01,1.367780672023949373e-01
1.442756594734004860e-01,4.205193679083256419e-02,2.222083974983788124e-01,1.814496125571307128e-01,2.453676688128608729e-01,1.646467248673966488e-01
1.443925671156743584e-01,4.206679692667707887e-02,2.231481973473164460e-01,1.814147827180787320e-01,2.447490047243970068e-01,1.642286511678563710e-01
1.112550775066681735e-01,1.855234711259376446e-02,1.886595553866745878e-01,3.567936256816649498e-01,1.775612974768879804e-01,1.471780968355105579e-01
1.047858820986218020e-01,5.213554424284218280e-02,1.528877553448656501e-01,3.617875670757216278e-01,1.876742755508696570e-01,1.407289756870790942e-01
1.040568310001385860e-01,9.013695892880362048e-03,1.898664396659267839e-01,3.817115262308118928e-01,1.939353212221257838e-01,1.214161859881165428e-01
1.655034261088250691e-01,6.970012840902289897e-02,1.928449022037748151e-01,2.715237708670807382e-01,1.628881703375973378e-01,1.375396020736991409e-01
1.066490040461983563e-01,9.031343700569422622e-03,1.819399179511055342e-01,2.974625361291156067e-01,2.216880936542896252e-01,1.832291045187214862e-01
1.389349665716708704e-01,4.183568353456935257e-02,1.982716920710071440e-01,2.636762024706061913e-01,2.263378057781611774e-01,1.309436495739851325e-01
1.092081113969906592e-01,1.536760550565842605e-02,3.414804559497217062e-01,1.302406825217941599e-01,2.728661881690771507e-01,1.308369564567579968e-01
1.442756594734004860e-01,4.205193679083256419e-02,2.222083974983788124e-01,1.814496125571307128e-01,2.453676688128608729e-01,1.646467248673966488e-01
1.443925671156743584e-01,4.206679692667707887e-02,2.231481973473164460e-01,1.814147827180787320e-01,2.447490047243970068e-01,1.642286511678563710e-01
9.669122460172101252e-02,1.279565433815403955e-02,1.808225817455633710e-01,4.670443508866048976e-01,7.407237333140684332e-02,1.685738150965497839e-01
1.383500435013348129e-01,4.165955324090404172e-02,2.431855709944571453e-01,2.490345671260816851e-01,1.796504247000189902e-01,1.481198404372034427e-01
8.243296006859929248e-02,6.570766130773153524e-02,1.900715951053492392e-01,2.621084148463979635e-01,2.221851765495101438e-01,1.774941921224119368e-01
1.236638968830023472e-01,1.777682884681814832e-02,2.555603911589077737e-01,3.235472180919128915e-01,1.407452438592530497e-01,1.387064211601058139e-01
1.441813037166647660e-01,4.203768711556002402e-02,2.215210832599667223e-01,1.814643387351490555e-01,2.458378376450187086e-01,1.649577495276406403e-01
1.441813037166647660e-01,4.203768711556002402e-02,2.215210832599667223e-01,1.814643387351490555e-01,2.458378376450187086e-01,1.649577495276406403e-01
1.385515753503596958e-01,4.500760637720863794e-02,2.731075900276914159e-01,2.062841086659520096e-01,1.950150652828734621e-01,1.420340542959146746e-01
5.365986343164922540e-02,3.414604343602029718e-02,1.449999053153314121e-01,4.722610195497255470e-01,1.362163786874116544e-01,1.587167895798619333e-01
2.726999999999999980e-01,2.172000000000000042e-01,2.172000000000000042e-01,0.000000000000000000e+00,2.172000000000000042e-01,7.580000000000000626e-02
1.441813037166647660e-01,4.203768711556002402e-02,2.215210832599667223e-01,1.814643387351490555e-01,2.458378376450187086e-01,1.649577495276406403e-01
0.000000000000000000e+00,0.000000000000000000e+00,0.000000000000000000e+00,1.000000000000000000e+00,0.000000000000000000e+00,0.000000000000000000e+00
1.381227787422429354e-01,4.155877602154998268e-02,2.115052020897901508e-01,2.295496312765253344e-01,2.242502146052040846e-01,1.550133972646875746e-01
1.013503137876362037e-01,1.289332972240753682e-02,1.981006830665151541e-01,4.083697797205480540e-01,1.167241316484657621e-01,1.625617620544272668e-01
1.049657260892124383e-01,9.077128905053190658e-03,2.387489357932209566e-01,3.283135283372159985e-01,1.772136013348200589e-01,1.416810795404773726e-01
4.649999999999999967e-02,0.000000000000000000e+00,3.952999999999999847e-01,0.000000000000000000e+00,5.000000000000000000e-01,5.809999999999999887e-02
1.475539592382060783e-01,5.101010262280142316e-02,1.974677077991371654e-01,2.258566773520387649e-01,1.482044456508409547e-01,2.299071073369757801e-01
1.389875707158957918e-01,4.181897709964545878e-02,1.992379319763084022e-01,1.843342186856056220e-01,2.855539221250689708e-01,1.500673793974756920e-01
1.555553655345718322e-01,5.188843883386800443e-02,2.042391522922340219e-01,2.665742523938452457e-01,2.040095252292842554e-01,1.177332657161966195e-01
1.261146596059000424e-01,3.796229372298292465e-02,1.803313866475525773e-01,3.316932847804675011e-01,2.051388427306347351e-01,1.187595325124621709e-01
6.826692278058553442e-02,3.593873388673127917e-02,1.085322607310674203e-01,5.263706721750034401e-01,1.038669693860933135e-01,1.570244410405189917e-01
8.189017159463807261e-02,2.059975462665849383e-02,2.820844474338801700e-01,2.761715874255245007e-01,1.726763961070950371e-01,1.665776428122037189e-01
1.304922953336829228e-01,7.826072196294149574e-02,1.747973897798369980e-01,3.137098111180692261e-01,1.233649644079992391e-01,1.793748173974701321e-01
1.466468891415291242e-01,4.627234170582733563e-02,2.351898498094142087e-01,2.947019451308998117e-01,1.269222688067355720e-01,1.502667054055939477e-01
1.605229161259464910e-01,7.318806579175927973e-02,2.105669730215831981e-01,1.810886755859390240e-01,2.029493927614523241e-01,1.716839767133198358e-01
0.000000000000000000e+00,1.474000000000000032e-01,0.000000000000000000e+00,6.320000000000000617e-02,0.000000000000000000e+00,7.894999999999999796e-01
9.522447655851860870e-02,8.934514619572538410e-03,1.597344750024773663e-01,4.599664800862378056e-01,8.324946444129323331e-02,1.928905892919004772e-01
7.356524361509630960e-02,2.837441146104680706e-02,8.688604196550631098e-02,4.298066850000034078e-01,6.519671168961907459e-02,3.161709062687280691e-01
1.180392569015403931e-01,6.491133606186536009e-02,2.278313648648725154e-01,2.736035798749202885e-01,1.430088815510444922e-01,1.726055807457568814e-01
1.010804380378934331e-01,1.910927169524616115e-03,1.630037159310348260e-01,4.543599076872862352e-01,9.389192454107754549e-02,1.857530866331834341e-01
1.441813037166647660e-01,4.203768711556002402e-02,2.215210832599667223e-01,1.814643387351490555e-01,2.458378376450187086e-01,1.649577495276406403e-01
8.641738772405149760e-02,3.735831974514550874e-03,1.875213721669032607e-01,5.048432364659132254e-01,6.625372762629445911e-02,1.512284440423228571e-01
7.367709467774827270e-02,0.000000000000000000e+00,2.050910957192790818e-01,4.111331493500227086e-01,1.917420271539020948e-01,1.183566330990478838e-01
1.443925671156743584e-01,4.206679692667707887e-02,2.231481973473164460e-01,1.814147827180787320e-01,2.447490047243970068e-01,1.642286511678563710e-01
1.314297764003693469e-01,4.145016980516254973e-02,1.642596192728396909e-01,3.653952706989335164e-01,1.148171111615951256e-01,1.826480526610996524e-01
7.795705577749098558e-02,5.528046766284447355e-02,1.147072308627841986e-01,4.584894172636491128e-01,1.197297202950377004e-01,1.738361081381935846e-01
6.455087238719865728e-02,4.204351901333541752e-02,1.781061379873219996e-01,3.274426209058525217e-01,1.975847897794891783e-01,1.902720599268022117e-01
1.008855662988005497e-01,1.906531422874174850e-03,1.437010785829269943e-01,5.019270406032991794e-01,8.557332208078020919e-02,1.660064610113190509e-01
1.381984213556610441e-01,4.159967667478619430e-02,1.976099609153065817e-01,2.489941287590866914e-01,2.247943602487799120e-01,1.488034520463795696e-01
6.214973732979607590e-02,2.468993687654893673e-02,1.368450719566643159e-01,4.679383254251446300e-01,4.836706834283444750e-02,2.600098600690116113e-01
1.441813037166647660e-01,4.203768711556002402e-02,2.215210832599667223e-01,1.814643387351490555e-01,2.458378376450187086e-01,1.649577495276406403e-01
6.084444198054968916e-02,4.493692047733286593e-02,1.939591528925964370e-01,3.960102584513253143e-01,1.388957015868893530e-01,1.653535246113061741e-01
1.552442834577168473e-01,6.934157225958575976e-02,1.850763014574473009e-01,3.217539713643069454e-01,1.390878254565472982e-01,1.294960460043958206e-01
1.035367701718294814e-01,8.962681543238816897e-03,2.802552826216787585e-01,2.258408493260043448e-01,2.359569304559658021e-01,1.454474858812827565e-01
1.123749071140872219e-01,3.709644164072335715e-02,1.216914590483296893e-01,4.559220750694595314e-01,1.173797763418160806e-01,1.555353407855842029e-01
1.121116832527665891e-01,1.106625330017590308e-02,1.798449031343365423e-01,3.901306341142894984e-01,1.201939123241409918e-01,1.866526138742904406e-01
6.772851099709083222e-02,3.362309754389505856e-02,1.541785417523478530e-01,3.780526069442369241e-01,2.382461300671860072e-01,1.281711126952433111e-01
1.389888329028274583e-01,4.181935687005312180e-02,1.992397413144581242e-01,2.405581811440145878e-01,2.291071945196672399e-01,1.502866932489794749e-01
9.450472809696956744e-02,3.634012982498933259e-02,1.543895786703310125e-01,3.997603047189320358e-01,1.672917961462717373e-01,1.477134625425063352e-01
1.368226573852346362e-01,2.870117631379174791e-02,3.317805600676429489e-01,1.726041497070750219e-01,1.910007792619459188e-01,1.390906772643097367e-01
1.439851938035144607e-01,4.200317019702214799e-02,2.202471977490782495e-01,1.814658739326669989e-01,2.467517213332180714e-01,1.655468429845000089e-01
1.389888329028274583e-01,4.181935687005312180e-02,2.126528119109985238e-01,1.768710693677534862e-01,2.700275033267159341e-01,1.596404256216514828e-01
1.065457798630410902e-01,3.680310829979536319e-02,1.628822615490207737e-01,2.834041347017589030e-01,1.921384836058700196e-01,2.182262319805138018e-01
3.995848121179645246e-02,6.411618522529706141e-03,1.302787302167685013e-01,5.040782185912402458e-01,6.730807896186487282e-02,2.519648724958002961e-01
6.869750318688293278e-02,1.816926792410035810e-02,2.531385822766522020e-01,3.591265003774934406e-01,1.711715494113606462e-01,1.296965968235102573e-01
9.447844777054235921e-02,2.354773135468225462e-02,2.381726316544137134e-01,3.077536942039290069e-01,2.078123435170660116e-01,1.282351514993665398e-01
1.228973858312926298e-01,3.692701359460461713e-02,1.775610545252073458e-01,3.161792619534216642e-01,1.984528975724971500e-01,1.479823865229766833e-01
1.443869691024889379e-01,4.125997664744136123e-02,2.761588617660915013e-01,1.921701255239161577e-01,2.306822404091788958e-01,1.153418265508832363e-01
1.358331107388863201e-01,3.774980196461091148e-02,3.523390504243822385e-01,1.593873949814010593e-01,1.952572385608908057e-01,1.194334033298287967e-01
8.774322083217378498e-02,1.782377630619184916e-02,1.444321454513275982e-01,4.697038035415588841e-01,1.455918714064381725e-01,1.347051824623096972e-01
1.142763628435891493e-01,1.384066471161639333e-02,1.618351327554153063e-01,4.061403304377942391e-01,1.860711662858816895e-01,1.178363429657032918e-01
1.441813037166647660e-01,4.203768711556002402e-02,2.215210832599667223e-01,1.814643387351490555e-01,2.458378376450187086e-01,1.649577495276406403e-01
1.609552959160812646e-01,5.758464069682310560e-02,1.866395712881942504e-01,2.604844136720319003e-01,2.141262798531948786e-01,1.202097985736745173e-01
1.056793211175021119e-01,9.154158067989909622e-03,2.794358201803054387e-01,2.567148264526705748e-01,1.800125504040526736e-01,1.690033237774793973e-01
5.457895064062665696e-02,6.509539971759216448e-03,1.363368747149427684e-01,4.102145731192716749e-01,6.833604165391218843e-02,3.240240198994873699e-01
1.381421567475969170e-01,2.357244011674021131e-02,1.897190497159068623e-01,3.721568129042260864e-01,1.198689865866881810e-01,1.565405539288416414e-01
1.175924103515837704e-01,1.453949442276247089e-02,1.990011435337244450e-01,4.044279151502463421e-01,1.250419832952668620e-01,1.393970532464162138e-01
1.101688521227711243e-01,1.925762470516962114e-03,2.214176833127495247e-01,3.541685129462955883e-01,1.632398587422480007e-01,1.490793304054187363e-01
1.389133988346980264e-01,4.184069596571227817e-02,1.979258387836190514e-01,2.540755497876014957e-01,2.265896085495217593e-01,1.406549080788474515e-01
1.445391556546020972e-01,4.207952712307054532e-02,2.245128646798645322e-01,1.813360912385778845e-01,2.438969993904605282e-01,1.636353619134243986e-01
