3.691996885010654511e-02,1.498330264413586799e-01,2.190510486242756294e-01,2.786642251743594034e-01,1.055665282957174156e-01,2.099652026141823058e-01
6.563870528462703580e-02,5.638338268941412573e-02,2.419023532297766010e-01,1.714802906299213447e-01,1.381162189634217163e-01,3.264790492028392110e-01
3.089808091516896629e-02,3.089808091516896629e-02,2.661368955383623947e-01,9.733433567469794434e-02,2.514790350987688439e-01,3.232535718578328776e-01
9.385649891416697477e-02,5.471814585431849370e-02,2.482574405621625069e-01,1.010851548975243985e-01,3.281219064200854851e-01,1.739608533517422173e-01
3.557615088040531892e-02,1.906647407265040298e-02,1.851544881342098992e-01,3.548482627264718525e-01,1.686588970339475968e-01,2.366957271523149331e-01
4.571999999999999675e-02,8.190000000000000058e-02,0.000000000000000000e+00,5.193999999999999728e-01,4.761999999999999567e-02,3.053600000000000203e-01
1.500903786239594917e-01,6.494967407747760657e-02,3.025284403993988014e-01,1.534933518012434328e-01,2.064614133636767379e-01,1.224767417342437492e-01
2.117283034953535911e-02,2.891629077228171155e-02,8.475661942009302119e-02,6.339493220542107288e-01,4.968425091185392495e-02,1.815206864920252683e-01
8.929571414878961777e-02,1.156112135178176403e-01,2.861729166345803321e-01,8.909989753360680886e-02,1.418042678153763891e-01,2.780159903498293228e-01
1.211816034151051574e-01,3.118966550434613960e-02,2.120663657478971953e-01,1.820448999973674209e-01,1.211075073446056943e-01,3.324099579906783508e-01
1.024395382986695822e-02,1.024395382986695822e-02,1.600187728605604598e-01,5.731569594718330940e-01,2.071296650636432826e-02,2.256233935015081460e-01
2.649999999999999925e-02,4.420000000000000318e-02,2.477999999999999925e-01,2.649999999999999925e-02,5.574999999999999956e-01,9.729999999999999760e-02
1.609035678565872984e-01,1.262144675064640897e-01,1.116262507857964797e-01,4.003294645559177418e-03,4.219101030379047157e-01,1.753423161676883058e-01
4.114001393845932025e-02,2.528017531637103549e-02,9.346808769281357565e-02,1.536661696275870015e-01,4.206785329997584366e-01,2.657670204250106027e-01
1.483774381167087819e-01,1.029147220511935495e-01,1.666685077106778989e-01,3.316413688490817413e-01,1.615100782313389771e-01,8.888788504099899568e-02
7.512471655937243489e-03,0.000000000000000000e+00,2.465925378501690468e-02,6.438832393543328925e-01,1.633567354175361475e-01,1.605882997871768136e-01
3.272130885235408765e-02,1.090043601744069592e-02,0.000000000000000000e+00,3.972558902356093657e-01,1.689267570702827903e-01,3.901956078243129511e-01
7.807153608073809890e-03,0.000000000000000000e+00,8.121542333662788715e-02,5.007321582003855243e-01,2.914452275076775400e-01,1.188000373472352517e-01
9.307717427390577170e-02,3.973470012862643889e-03,2.859737541347168732e-01,8.756131277481050967e-02,1.323884269492935084e-01,3.970258618544105778e-01
8.557936425494740151e-02,1.245285915954569417e-01,1.923111771546436866e-01,2.327941162056186564e-01,1.770157208380946923e-01,1.877710299512386494e-01
1.819501282551257149e-01,1.518680166797322373e-01,2.992379173585753560e-01,5.266827190955377519e-02,2.488583761581666942e-01,6.541728963884607673e-02
4.111507833163894482e-02,1.371178734691066818e-02,2.058664461111585631e-01,4.005642877543783564e-01,6.834242067836020229e-02,2.703999797775531455e-01
1.167506295726893767e-01,2.764641271006625795e-02,9.336072653659564791e-03,4.832795673846905782e-01,2.064884469859502580e-01,1.564988706929439921e-01
1.111026550466647639e-01,9.444208274169120509e-02,2.014546537678481297e-01,2.009574540056279779e-01,2.378658031615992763e-01,1.541773512765685916e-01
6.511989953496168104e-02,4.586393655851644241e-02,1.394644404370811719e-01,2.420288688135062705e-01,1.784051651304265074e-01,3.291176895255078505e-01
1.210737158280296155e-01,6.636320207882766276e-02,2.537781047207341989e-01,1.923904306944268505e-01,2.459201535009258588e-01,1.204743931770557025e-01
1.244147210912395773e-01,6.931538793114748465e-02,2.300985991320914359e-01,1.567997579020283527e-01,2.432382674106155496e-01,1.761332665328776970e-01
7.066831264751025077e-02,6.700913067707107984e-02,2.866598948129590527e-02,3.837955554082298493e-01,7.428123697666580427e-02,3.755797748092270516e-01
8.603668277420498112e-02,4.394258256555270276e-02,2.010745645166884255e-01,6.425864988862448057e-02,5.746896775030244653e-01,2.999784275190490665e-02
7.700656347010600977e-02,3.055902999082235616e-02,3.197919874741723678e-01,2.896198180351944665e-02,4.000904048307195593e-01,1.435900324306603471e-01
6.844481023164714073e-02,4.639262368175502138e-02,3.489981215228132871e-02,4.658863868582376333e-01,1.583781421895827102e-01,2.259982248864961518e-01
1.576879688858928152e-01,1.262961914923920737e-01,2.776088194839067547e-01,5.073866296948668919e-02,3.374444213287904337e-01,5.022393583953121965e-02
1.042025322113136060e-01,5.033924668994167739e-02,1.337251770305769305e-01,2.197801171905073014e-01,3.433556367977586565e-01,1.485972900799018281e-01
1.070600000000000024e-01,8.456000000000001016e-02,2.934000000000000150e-02,4.714000000000000412e-01,9.828000000000002012e-02,2.093600000000000461e-01
1.462051446564075763e-01,7.015145990950683030e-02,2.595787244074872491e-01,3.412527515043755483e-02,4.478045586448566873e-01,4.213483723130406755e-02
1.129740537142847751e-01,1.426532039446051954e-02,3.872015535639283107e-02,3.219594699309548669e-01,9.083437116900813790e-02,4.212466294348988227e-01
1.245163943569796289e-01,9.598851967240791538e-02,2.920011187030779193e-02,4.263050572126197979e-01,1.669643150531006093e-01,1.570256018345842497e-01
1.082034791770227627e-01,8.687057237867520931e-02,1.115512111294610226e-01,2.231768498599613626e-01,2.636338912545140301e-01,2.065639962003656127e-01
9.707795963327633948e-02,4.851583584693981710e-02,2.934464912431497541e-01,1.886460846687194326e-01,2.371538577734384201e-01,1.351597708344761672e-01
6.309317250638574182e-02,2.930648081754333098e-02,2.966494640357365542e-01,8.297692277547799589e-02,1.840429379872601245e-01,3.439310218775963879e-01
7.648684169611996708e-02,1.023642450209296811e-01,1.532005734403793507e-01,3.451809791542951311e-01,2.058468122811114298e-01,1.169205484071646345e-01
5.302110403906151043e-02,1.822592219046574591e-02,2.956930177420201700e-01,2.045553995457992935e-01,1.722119868678722576e-01,2.562925696147811405e-01
3.515330469324932233e-02,3.171268482674002159e-02,2.668707458472817651e-01,2.635283288116097578e-01,1.930100807371372962e-01,2.097248550839818926e-01
7.159213126078103895e-02,9.554596179549545987e-02,8.507006595265403925e-02,3.522404306279713349e-01,2.672366427360349794e-01,1.283147676270630644e-01
7.105818106159007830e-02,6.367891087019397767e-02,6.617524921726888887e-02,5.570290922652677557e-01,1.024552703180096058e-01,1.396032962676697076e-01
6.171208348614977413e-02,3.474943128428568864e-03,3.979973905810105239e-01,1.960713944286536226e-01,1.664247494232705127e-01,1.743194389524871102e-01
0.000000000000000000e+00,0.000000000000000000e+00,4.729654129221268211e-02,5.063813132809014128e-01,2.365074361649039877e-02,4.226714018103955306e-01
3.104005928566840739e-02,3.200376046316993212e-02,7.330112151169397572e-02,5.932634968637252593e-01,6.888197978912558028e-02,2.015095820866168452e-01
4.895583207814398208e-02,4.526389253179635697e-02,6.921727652967397948e-02,3.183766296748257729e-01,8.184012941310234157e-02,4.363462397724576225e-01
2.595233219060854093e-02,1.093398645379158318e-01,2.410850540278462392e-02,1.327632119977835146e-01,1.781166835298377271e-01,5.297194023410696229e-01
3.164125995069916319e-02,1.946645239151081550e-02,1.218106095636688757e-01,2.902084679887908525e-01,2.431283831921771943e-01,2.937448269131531231e-01
6.499759726542256831e-03,0.000000000000000000e+00,0.000000000000000000e+00,8.360775124263833957e-01,0.000000000000000000e+00,1.574227278470743674e-01
9.080107769451091493e-02,1.013630614632292891e-02,2.855625874315003698e-01,3.746527331426347529e-01,1.190569021647012865e-01,1.197903934203299325e-01
2.788097478087817830e-03,8.183768137121077632e-03,1.299173191767971081e-01,5.356537377376984210e-01,1.485313800376999449e-01,1.749256974325956449e-01
7.774936569688011001e-02,4.961997318188916123e-02,1.810460337845169743e-01,2.976618820191033743e-01,1.856142615678727792e-01,2.083084837497375941e-01
9.981461904901928195e-02,1.202957679951969228e-01,2.185131492478191717e-01,1.976968237461785294e-01,2.457184928331561935e-01,1.179611471286299146e-01
8.650313155668599985e-02,3.166252086291963808e-02,3.455166730755498405e-01,1.614614267807785164e-01,2.041125024579029112e-01,1.707437452661631772e-01
1.337972673849239513e-01,1.790808966723359541e-01,2.572729452855494481e-01,1.840052930502822648e-01,1.946218702368077980e-01,5.122172737010064619e-02
5.193733974070923604e-02,6.442923515167917059e-02,9.865842773998088899e-02,2.908577166496050248e-01,2.364641199719099696e-01,2.576531607461157725e-01
2.016163542876725501e-01,1.004293109109317822e-01,0.000000000000000000e+00,1.071565819853254886e-01,2.664819491288676900e-01,3.243158036872025862e-01
9.048219122480569143e-02,8.509040611560456102e-02,1.210612672992391337e-01,3.907590285036185440e-01,8.990447578105417725e-02,2.227026310756779759e-01
8.307774874164210177e-03,0.000000000000000000e+00,1.661554974832842035e-02,6.960611061031649616e-01,1.550582507535611942e-01,1.239573185207812206e-01
3.556057140255606402e-02,6.042471899433028010e-02,1.870417304084944499e-01,1.531838256417859812e-01,2.748958420099826272e-01,2.888933115428506393e-01
9.271722170978639876e-02,1.167772242535367599e-01,2.278537431219459786e-01,2.962641947504434103e-01,1.013229971157963982e-01,1.650646190484910958e-01
2.027383440409043919e-02,4.942623938077506107e-02,1.699297389081555476e-01,2.998452571942673006e-01,1.359837977014392574e-01,3.245411324112725260e-01
0.000000000000000000e+00,0.000000000000000000e+00,4.328000000000000180e-01,5.672000000000000375e-01,0.000000000000000000e+00,0.000000000000000000e+00
6.749128758692760077e-02,1.260645355787767263e-01,7.330637855086193089e-02,1.975195930510841580e-01,2.449244025227008403e-01,2.906938027096486743e-01
7.125227383268925574e-02,2.531946204107747827e-03,2.337878135909770838e-01,2.280525279935734229e-01,3.494311514778579708e-01,1.149442869007945012e-01
9.557818896409175924e-02,3.897931792098777853e-02,2.016572233548662996e-01,2.797925410765992882e-01,2.100057144871210479e-01,1.739870141963337224e-01
0.000000000000000000e+00,0.000000000000000000e+00,2.475901679498599545e-02,5.216142309752783701e-01,0.000000000000000000e+00,4.536267522297355859e-01
1.647441685265238209e-01,5.313357424080589891e-02,1.725765547726070548e-01,8.079661754109687677e-02,3.335407781194594801e-01,1.952083067995069587e-01
1.340591323367281706e-01,9.680912992163204223e-02,1.908056504808014753e-01,2.167544043919192032e-01,1.180663085741969764e-01,2.435053742947221878e-01
1.081527095064519217e-01,2.173932502008438933e-02,3.569146661410978472e-01,8.771713798149879948e-02,3.026101101306968855e-01,1.228660512201701777e-01
5.924939431768689452e-02,6.878083024314475546e-02,1.336515819147148995e-02,5.399191616900331780e-01,9.121796914799158718e-02,2.274674864096719595e-01
3.731521685823760426e-02,6.461670428309070069e-02,2.477464704161217723e-01,2.654375227258080061e-01,1.998385906155483449e-01,1.850454951011935856e-01
0.000000000000000000e+00,6.583469139865627540e-02,1.204784906672581174e-01,4.114365835017906869e-01,1.229992287843916648e-01,2.792510056479032277e-01
1.638614143997257078e-01,6.899980954737783279e-02,2.613798045828451544e-01,3.328695208288182800e-02,3.182808057640011956e-01,1.541912136231683161e-01
8.852171365139989423e-02,2.635097361297760246e-02,3.404424104534608531e-01,8.496148473325164374e-02,2.980995747285172803e-01,1.616238428203928545e-01
5.448172391785074259e-02,6.084727842088558797e-02,9.548966381872377174e-02,5.033696711655262224e-01,2.693852487499480072e-02,2.588731378020187046e-01
3.272130885235409459e-02,1.090043601744069765e-02,0.000000000000000000e+00,3.972558902356094213e-01,1.689267570702828181e-01,3.901956078243130621e-01
2.315383115270229844e-02,2.082608834108720663e-02,6.249886451716971797e-02,3.401319179711846385e-01,1.376064652716819381e-01,4.157828327461741691e-01
8.425797960510578166e-02,6.013907097768996651e-03,1.985172741352131676e-01,3.732170597866239503e-01,1.349260808431196612e-01,2.030676985321683836e-01
1.302612321011145380e-01,7.378539214605248087e-02,1.408685555572875281e-01,9.304173725274100804e-02,1.602371494898433557e-01,4.018059334529611171e-01
6.170047328387064101e-02,0.000000000000000000e+00,4.195617086912786231e-01,3.112192888090459797e-01,1.327036568763550473e-01,7.481487233944962567e-02
1.567922792752668715e-01,6.921655382822321234e-02,1.699599349630342704e-01,2.129069519181364945e-01,2.054716708247619483e-01,1.856526091905772446e-01
1.194002016796178733e-01,4.664527075303857850e-02,2.099492818765745783e-01,1.556214090324563870e-01,3.625986925093931945e-01,1.057851441489194577e-01
4.165964822629832781e-02,0.000000000000000000e+00,0.000000000000000000e+00,3.371846483958070850e-01,1.114629942136785151e-01,5.096927091642160512e-01
1.080775410774473394e-01,4.110296945606606300e-02,8.609164285017377460e-02,3.414769374922515532e-01,1.913732248911051703e-01,2.318776842329561272e-01
8.975878141128683374e-02,5.346406128703129479e-02,2.336704412991669477e-01,2.888644247720930092e-01,2.116898273617028314e-01,1.225524638687189999e-01
1.487204509811849706e-01,1.069942367553453760e-01,1.936414103491672922e-01,6.521116202252649763e-02,3.806471445756158811e-01,1.047855953161600101e-01
1.596164578607219553e-01,4.163130747934501441e-02,5.781133399134606027e-02,3.507143962270011239e-01,3.861368290287366112e-02,3.516128215387122058e-01
1.689813950524461095e-01,7.618334285234382164e-02,1.715372661998127435e-01,1.008135191237203437e-01,1.573184371807681281e-01,3.251660395909087842e-01
7.992394832846172470e-02,4.209718865701566476e-02,1.204862964824816723e-01,2.478659526196450302e-01,3.140057315957541784e-01,1.956208823166418198e-01
1.742066604801252028e-01,1.812523187842691175e-01,1.857245321148004724e-01,1.766810537449305385e-01,2.347640971491329331e-01,4.737133772674172183e-02
1.730555073571169722e-01,1.496938832495229577e-01,1.241110160115350691e-01,8.406023889182018261e-02,3.254534323728693335e-01,1.436259221171355682e-01
2.097058695481874083e-02,0.000000000000000000e+00,1.863690016775022551e-01,4.900996564500630925e-01,6.338738409656403949e-02,2.391733708210519449e-01
1.475330467159251535e-01,3.953161233597902308e-02,2.107863903612545164e-01,2.670077768074959335e-01,1.147290054923620906e-01,2.204121682869833176e-01
9.656113750477796076e-02,4.825075155638366975e-02,2.110617917036672619e-01,3.294582987801373264e-01,1.511824036531430882e-01,1.634856168018906375e-01
5.590916228048582043e-02,1.074891418384408132e-01,1.762142599347382987e-01,9.919664985760738574e-02,2.557191352333785805e-01,3.054716508553489973e-01
4.036586164894539336e-02,3.747831851174900086e-02,1.777133445264867662e-01,3.799347853767349181e-01,1.106227732905237515e-01,2.538849166455603434e-01
1.422412677585585816e-01,8.501118027883328154e-02,1.475230195712915193e-01,1.609060929120366690e-01,3.075763572768888121e-01,1.567420822023911919e-01
9.435406349170580298e-02,4.252866233293577103e-02,1.455629286876862216e-01,2.298036522995122455e-01,1.127953450550355230e-01,3.749553481331244775e-01
7.154712431882043200e-02,4.791559887936068518e-02,4.156031515396491627e-01,1.571664510803921474e-03,3.224301836988944236e-01,1.409322770524714663e-01
8.254859548417099735e-03,0.000000000000000000e+00,4.462846208414306126e-02,6.672955720516009492e-01,1.540706267540330465e-01,1.257504795618056836e-01
9.000414091009815987e-02,8.048272212180211660e-02,8.236006366358321340e-02,3.229629522943212039e-01,1.047186012850811754e-01,3.194715197251141725e-01
1.417837906280428328e-01,1.739581350370058843e-01,2.431145605521597142e-01,1.681619019683478766e-01,2.178577690294853375e-01,5.512384278495843781e-02
1.363586400994676040e-01,4.261342942705481640e-02,3.403247394246442514e-01,0.000000000000000000e+00,4.389708833706355562e-01,4.173230767819764708e-02
2.125093414148946508e-02,0.000000000000000000e+00,5.900082688347099702e-02,3.688703745709949744e-01,3.241116006268693339e-01,2.267662637771751533e-01
1.949532608685151103e-01,7.528854505530903352e-02,1.695749363436414581e-01,1.340100592824969017e-01,2.435716942518792727e-01,1.826015041981582376e-01
9.672699110681390322e-02,5.967630563530496729e-02,2.437504092310615322e-01,2.189828122954140532e-01,2.230722441023462732e-01,1.577912376290591390e-01
1.266107639071880654e-02,7.784997317759148605e-02,7.952652229650356008e-02,7.820068944688758628e-02,1.880046077349794009e-01,5.637571309533191410e-01
5.951430318501341882e-02,8.385283654460182548e-03,1.309894661651794523e-01,1.954807139689497542e-01,2.081808777169835700e-01,3.974493553094136100e-01
6.522151836095516075e-02,9.409016131068094480e-02,1.932156030155985360e-01,1.741545632597195636e-01,3.153695940624706706e-01,1.579485599905751103e-01
7.284389160165448407e-02,4.568174095568602183e-02,1.075957376559191908e-01,3.329351154097612286e-01,1.431194933907995182e-01,2.978240209861796051e-01
1.860558212492340602e-01,1.015325268676995352e-01,2.821848181656390619e-01,8.167140823647808801e-02,2.480486240091809291e-01,1.005068014717683533e-01
8.266869461745633696e-02,4.713323752459505633e-02,3.949524235944441020e-01,2.877154472082472103e-01,1.170059543308719224e-01,7.052424272438544139e-02
9.733572266746516599e-02,6.283807348062959985e-02,1.205518689537025262e-01,3.849257935642790285e-01,1.320797420422178126e-01,2.022687992917058530e-01
5.261407302455849144e-02,1.541824545045788163e-02,1.941102671305327543e-01,5.096435619327366329e-01,5.081382952676977149e-02,1.774000229349443070e-01
2.729354910995262506e-01,1.370196583935522350e-01,2.592678993370317597e-01,0.000000000000000000e+00,2.590546459415463687e-01,7.172230522834328881e-02
2.012186485018287174e-01,8.270486297826770694e-02,1.947381205494386758e-01,2.823970950785453793e-01,1.371081891821336052e-01,1.018330837097859848e-01
1.806497116585921436e-01,9.622432422703304511e-02,1.673282346545267585e-01,1.485234808251081062e-01,2.052862662525321014e-01,2.019879823822079146e-01
1.094144773920184555e-01,3.185811228903365905e-02,1.348908852907524381e-01,1.963183113652069711e-01,1.116495311413840258e-01,4.158686825216043603e-01
3.713913218991057169e-02,3.465830697474654894e-03,2.863389622604957663e-01,9.284465319863532962e-02,3.635390961896065587e-01,2.166723254638771023e-01
1.029759033658827344e-01,1.276527479300388068e-01,2.323542693515214808e-01,1.685251688436428807e-01,2.166685165423145598e-01,1.518233939665994403e-01
6.314281730577424312e-02,2.429486791496609371e-02,2.868895808691850347e-01,2.023542063175545053e-02,5.706527667091250144e-01,3.478454656919419130e-02
8.517976279447976584e-02,7.900734452632760668e-03,2.159173987162915642e-01,3.623019089221045652e-01,1.331075733678080131e-01,1.955926217466832373e-01
1.134881061962183246e-01,2.839567499270714834e-02,3.196902406578577271e-01,1.694848199073808181e-01,1.772289276042017803e-01,1.917122306416341460e-01
1.477173419275036419e-02,1.210543079069389405e-01,8.769484719961428976e-02,1.506132395836785876e-01,2.433039407857233438e-01,3.825619303312944863e-01
1.073510900499463072e-01,2.975605501974084091e-02,3.019342262957714906e-01,5.175758066840342037e-02,1.163737650869658691e-01,3.928272828791721238e-01
1.297451226458231320e-02,9.165265685977153076e-02,1.862708872378845137e-01,1.979914939266919915e-01,7.125565928991088593e-02,4.398547904211587145e-01
1.046820936418728226e-01,5.988119762395247014e-02,2.852857057141142683e-01,2.012440248804975851e-01,2.698253965079301375e-01,7.908158163163261922e-02
6.913677489165580281e-02,7.878742989079449976e-02,2.234524813840797486e-01,1.576174211254670054e-01,3.249191779221869414e-01,1.460867147858161685e-01
1.435400809242259046e-01,4.475842680553807074e-02,3.570080960164219164e-01,1.424953176856743053e-01,1.689083104006972036e-01,1.432897681674426826e-01
2.943590832106550079e-02,1.863097370128483825e-03,1.452017784292716496e-01,4.134970110431622770e-01,1.421754643801245444e-01,2.678267404562474918e-01
3.563299489197659792e-02,1.589949664620885980e-02,2.954049680837865233e-01,2.835399725261259982e-02,5.037590194523502429e-01,1.209495236730652318e-01
6.281999999999999806e-01,0.000000000000000000e+00,0.000000000000000000e+00,0.000000000000000000e+00,1.794999999999999929e-01,1.922999999999999987e-01
6.310269808197813135e-02,3.064604846527191340e-02,2.428844176165835256e-01,1.614915131737563458e-01,3.716374245364571505e-01,1.302378981259530721e-01
4.900802062980354895e-02,8.465954008281683860e-03,1.916854088714254334e-01,1.514728547894422239e-01,4.091426280931869108e-01,1.902251336078601973e-01
0.000000000000000000e+00,2.162070283544143684e-02,3.356408093121564934e-02,6.129203302374230944e-01,7.402462205126204842e-02,2.578702639446576739e-01
1.815590348073232996e-01,1.229600427270396007e-01,1.809845001857131042e-01,1.661870491633311575e-01,2.200917351375100417e-01,1.282176379790827270e-01
1.548961711050101386e-01,7.807690836919393973e-02,3.029887255504896681e-01,1.086056654654703607e-01,2.540754512181903624e-01,1.013570782916455582e-01
3.235368088058875741e-02,1.582605494373090782e-01,1.559554026843364971e-01,9.699762086878167822e-02,2.388351977555081274e-01,3.175975483734758686e-01
1.282746168213386717e-01,5.351001062580158785e-02,2.719677219626583375e-01,1.897125913060515590e-01,2.377375222489284956e-01,1.187975370352212373e-01
1.180192493112840607e-01,7.823260120971567422e-02,2.809893250536249498e-01,0.000000000000000000e+00,4.043657667711097470e-01,1.183930576542655266e-01
1.210360799556323003e-01,6.630683287201177833e-02,2.536742928467476954e-01,1.927761162023691466e-01,2.456284775332307768e-01,1.205782005900082748e-01
8.226425220661608140e-02,6.395433349562014425e-02,1.145355038835652872e-01,2.977718834314063145e-01,1.870825034000909715e-01,2.543915235827012289e-01
9.073386630292236410e-02,8.575605709902552054e-02,5.963563310293046316e-02,3.195694608213560384e-02,2.910458713396727459e-01,4.408716260733133163e-01
4.698728480293030974e-02,9.406710565308133709e-02,6.711369753997580012e-02,4.148102147875466494e-01,1.419084242693458564e-01,2.351132729471200888e-01
9.606068713866164344e-02,4.800068090782088487e-02,1.794726769737961802e-01,3.107889007768011580e-01,1.503988659772864944e-01,2.152781882256336599e-01
8.863633579183952116e-02,4.032701913359003354e-02,1.136459344305230101e-01,4.268213858113208969e-01,5.761854532689871661e-02,2.729507795058277453e-01
1.715189192676409569e-01,3.872947512337526765e-02,1.849582055669936054e-01,2.737752482425951928e-01,1.251387210363500979e-01,2.058794307630447962e-01
1.211065744063737210e-01,7.505415475907699363e-02,3.325377259066820690e-01,2.226905043046161492e-01,1.068198136197651971e-01,1.417912270034858702e-01
0.000000000000000000e+00,0.000000000000000000e+00,3.309999999999999748e-02,4.966999999999999749e-01,9.270000000000000462e-02,3.775000000000000022e-01
1.130414558776815931e-01,1.109168120081200359e-01,1.743209017837487051e-01,1.036478632173695458e-01,3.022454400694750687e-01,1.958275270436052040e-01
1.210277341291644410e-01,3.523953352315237209e-02,1.248882982442210687e-01,4.128180705199651079e-01,1.235000165673780376e-01,1.825263470161189450e-01
1.046820936418728365e-01,5.988119762395247708e-02,2.852857057141142127e-01,2.012440248804975851e-01,2.698253965079301930e-01,7.908158163163261922e-02
1.332271072497228925e-01,2.121137067486957364e-02,2.821085904069258743e-01,2.396346040699241786e-01,1.371489487361758630e-01,1.866693788623815797e-01
2.505899857915976081e-02,8.838403916173511940e-03,1.679827600089974782e-01,4.281175975237517806e-01,1.242550657012748555e-01,2.457471742706426321e-01
3.914034869741156442e-02,3.201897217832343212e-02,2.123073045717521201e-01,4.476159749907464569e-01,1.175507446279302620e-01,1.513666549338363032e-01
8.249528017442924605e-03,0.000000000000000000e+00,1.649905603488584921e-02,7.049447378812859766e-01,1.539711178146099257e-01,1.163355602517752718e-01
4.537220240031624580e-02,1.491391976423768993e-02,1.690375582261022247e-01,4.996027996596406062e-01,1.268766754051396661e-01,1.441968445445635516e-01
8.823185238481640047e-02,7.897720982533966427e-02,8.073513316472957779e-02,3.305068945679302539e-01,1.026002934138230266e-01,3.189486166433612158e-01
0.000000000000000000e+00,0.000000000000000000e+00,6.450490639987460639e-02,5.423136845617673174e-01,1.046585629941740592e-01,2.885228460441840448e-01
4.934478845626526222e-02,4.062534139710769626e-02,5.615917164349414764e-02,4.670925098124825148e-01,2.020075533319119210e-01,1.847706353587384720e-01
8.426115304650091953e-02,5.994609245518769947e-03,1.985378428929327477e-01,3.732837758307116505e-01,1.348358539932474898e-01,2.030867649910883255e-01
8.401786582302307738e-02,7.880002514474052089e-02,1.327672786247827419e-01,3.436691201208595392e-01,1.667344530742335407e-01,1.940112572123605383e-01
0.000000000000000000e+00,7.989699990299669805e-03,2.238682605125142666e-01,5.075550081128444857e-01,4.821235631401418059e-02,2.123746750703273956e-01
1.357954599119110817e-01,3.659456022952330828e-02,2.078535963816478260e-01,2.748974640151205517e-01,1.162005075488225930e-01,2.286584119129746184e-01
6.145131047862190110e-02,1.761704112361385868e-02,1.280229441194379314e-01,3.550839855651429788e-01,2.327911502905606334e-01,2.050335684226227140e-01
1.641508607885489301e-01,1.699458472796228081e-01,8.998756985236210093e-02,2.449987939126882230e-01,2.029446456008099919e-01,1.279722825659679319e-01
5.924939431768689452e-02,6.878083024314475546e-02,1.336515819147148995e-02,5.399191616900331780e-01,9.121796914799158718e-02,2.274674864096719595e-01
7.938797475833674067e-02,1.604007550624454367e-02,8.073126756407730809e-02,3.344652770193314861e-01,9.477109612476879164e-02,3.946043090272411957e-01
1.520221943128248210e-01,6.486711157236681180e-02,1.655589165476154256e-01,2.882062914217426997e-01,1.965957306750045486e-01,1.327497554704456240e-01
2.772760887324893925e-02,0.000000000000000000e+00,4.515235934493942033e-02,5.665835363896710719e-01,1.607086628331727551e-02,3.444656291088233346e-01
4.026897366157391328e-02,4.717887229281177847e-02,3.003447382570785251e-01,1.995427696804346340e-01,2.839735823460417530e-01,1.286910637620594100e-01
4.351529356896564893e-02,3.987950132413956017e-02,6.246569259424634112e-03,5.381846129713093729e-01,4.739920930034605823e-02,3.247748135758147248e-01
0.000000000000000000e+00,4.522179311171690974e-02,9.718937856606563175e-02,5.588010679335934094e-01,1.669151182215305451e-01,1.318726421670936289e-01
1.203768476289163308e-01,3.837605253545403432e-03,3.489438485515882205e-01,1.444098879661105395e-01,1.424080381545833884e-01,2.400237724452561894e-01
1.505156312170239374e-01,9.359561550300159183e-02,2.373232223468155211e-01,1.864474905840516616e-01,1.966182570870054214e-01,1.354997832621019915e-01
7.071524420968125502e-02,6.336224251376731953e-02,6.604788685181690877e-02,5.580421278915606020e-01,1.020374363381963551e-01,1.397950621949775041e-01
1.315410555297557849e-01,7.032610464082270085e-02,2.402206930624850023e-01,2.065570553193859238e-01,2.586891436612190343e-01,9.266594778633163720e-02
4.006037549632422007e-02,1.715385921833413249e-02,5.823601735662926882e-02,6.363217057927111897e-01,3.340702167652313814e-02,2.148210204594781514e-01
4.606221990362448920e-03,4.215342200141065920e-02,1.246851469398744389e-01,4.477278314828584405e-01,1.533303508560826534e-01,2.274970267294114390e-01
1.597200298150104614e-02,6.501333902446487789e-02,8.941222541532835300e-02,2.308022426651780701e-01,2.890031646516712516e-01,3.097970252618564291e-01
3.946432108165347924e-02,3.466735414986194582e-03,3.842127481321495064e-01,2.177109840611329838e-02,3.725518171674279122e-01,1.785332797976697250e-01
8.249528017442926339e-03,0.000000000000000000e+00,4.459963808943596952e-02,6.674706045271109334e-01,1.539711178146099535e-01,1.257091115514002155e-01
1.262798740719170698e-01,5.737728748991079847e-02,2.367765683644505181e-01,1.322471613711227179e-01,2.966323157066966254e-01,1.506867929959021246e-01
9.982550020019218678e-03,2.720734221142493553e-02,5.511933501249827866e-02,6.070226272955252522e-01,0.000000000000000000e+00,3.006681454605323878e-01
2.148009187396670086e-02,2.626491935235539602e-02,1.012619548873864711e-01,4.743292943356502422e-01,1.187526084588254038e-01,2.579111310918157374e-01
6.675106070063353825e-02,5.408832272396115609e-02,7.406500133467514013e-02,2.379940526282109392e-01,2.350471026070554970e-01,3.320544600054635698e-01
3.748287576967062468e-02,3.305560070198462763e-02,8.898935194914407709e-02,4.634158189690406049e-01,2.220267292488728450e-01,1.550296233612871721e-01
7.071524420968125502e-02,6.336224251376731953e-02,6.604788685181690877e-02,5.580421278915606020e-01,1.020374363381963551e-01,1.397950621949775041e-01
2.081169683432499903e-02,0.000000000000000000e+00,4.170803505535875672e-02,5.179923994592955383e-01,1.726363481697331947e-01,2.468515204812873620e-01
5.906523819760586130e-02,6.813989746722111385e-02,0.000000000000000000e+00,6.273099596413574952e-01,6.360256783241348411e-02,1.818823368614020108e-01
1.292689098627014810e-01,8.817969916406291631e-02,2.344696054002570751e-01,1.940939644100046491e-01,2.536140407234399596e-01,1.003737804395339744e-01
1.272774544509109873e-01,3.705925881482370621e-02,1.313373732525349447e-01,3.343333133337333396e-01,1.298774024519509518e-01,2.401151976960461121e-01
4.537462017909432016e-02,3.612595719199923616e-02,4.065061469915084991e-02,4.210044178389551472e-01,5.131875433543549303e-02,4.055256357553649327e-01
4.036586164894539336e-02,3.747831851174900086e-02,1.777133445264867662e-01,3.799347853767349181e-01,1.106227732905237515e-01,2.538849166455603434e-01
1.356892199995857022e-02,1.274897363902491587e-01,5.527565981595731343e-02,2.775934719905588377e-01,1.538419885665297249e-01,3.722302212367463170e-01
1.450650041289350822e-01,9.779077001144891035e-02,1.709756970571767454e-01,1.621627112320592201e-01,2.990708190435657499e-01,1.249349985268143753e-01
9.739365488722102893e-02,6.004052643407124801e-02,2.638675118182083335e-01,1.955430152763660834e-01,2.574755428307163307e-01,1.256797487534170032e-01
1.588736668227543058e-01,6.370174313242318864e-02,1.626812039055401948e-01,2.570392773329480129e-01,1.169392400306226570e-01,2.407648687757115991e-01
1.708110599295401266e-01,1.082672929274506590e-01,3.108920927222237340e-01,6.487696388962087279e-02,2.302584147456419872e-01,1.148941757855225787e-01
1.244424888497770026e-01,8.528170563411269223e-02,2.573451469029380823e-01,2.594451889037781012e-01,1.342426848536970863e-01,1.392427848556971048e-01
2.567021964636104214e-02,2.567021964636104214e-02,1.918774351814366841e-01,2.952313032749002697e-01,2.422066188140992449e-01,2.193442034368418558e-01
2.726999999999999980e-01,2.172000000000000042e-01,2.172000000000000042e-01,0.000000000000000000e+00,2.172000000000000042e-01,7.580000000000000626e-02
2.233593304380398215e-01,1.402305517150947631e-02,3.257375446459548907e-01,7.639835554758200864e-02,1.583984742059182937e-01,2.020832399909956723e-01
0.000000000000000000e+00,0.000000000000000000e+00,0.000000000000000000e+00,1.000000000000000000e+00,0.000000000000000000e+00,0.000000000000000000e+00
1.040660932083887213e-01,2.195329070146638875e-02,6.976714981171722174e-02,3.401644508973607484e-01,1.001803804786592922e-01,3.638686349024076172e-01
4.042660643836148288e-02,3.753471796595772569e-02,1.779807774326284953e-01,3.446399448908324947e-01,1.107892445807094478e-01,2.886287086915102496e-01
8.615928600776849577e-02,5.964413926179397418e-02,1.334522675065991371e-01,4.712915381305679552e-01,1.444089397156795296e-01,1.050438293775908388e-01
4.649999999999999967e-02,0.000000000000000000e+00,3.952999999999999847e-01,0.000000000000000000e+00,5.000000000000000000e-01,5.809999999999999887e-02
5.910945736100873399e-02,5.056001052218718483e-02,1.085930195439815393e-01,2.868036995196469041e-01,1.034764707964514890e-01,3.914573422567241279e-01
3.861490021612811775e-03,1.156466755190708670e-02,2.090551290162382392e-01,3.183837855946456963e-01,2.899233763706122180e-01,1.672115514449840357e-01
6.929861402771944623e-02,2.525949481010379694e-02,1.066978660426791403e-01,4.362112757744845415e-01,2.449151016979660422e-01,1.176176476470470467e-01
2.414985601009365934e-02,3.456744095562425470e-03,5.813191536536434223e-02,5.411097515240169686e-01,1.234582679588860643e-01,2.496934650460764515e-01
2.359463861011943386e-01,7.421309588285196490e-02,2.075323487346933393e-01,6.660589638292215009e-02,2.077285009718705111e-01,2.079737719264676543e-01
8.750400135956327985e-02,4.769637578757572605e-02,3.545906103672908372e-01,2.017286956535664921e-01,1.284282593187063004e-01,1.800520575132974199e-01
6.804773127552812828e-02,1.057616656500594832e-01,7.899038050524836985e-02,3.923001507546310385e-01,1.287405671671459084e-01,2.261595046473871551e-01
5.092355872301704278e-02,6.036001281594692569e-02,1.739455243132710938e-01,3.387367379966760850e-01,1.911281416035176817e-01,1.849060245475712405e-01
6.681381302795691424e-02,7.100189299325218584e-02,3.323485926158245563e-02,2.873859326587827612e-01,1.122772862427736662e-01,4.292862158156520169e-01
0.000000000000000000e+00,1.474000000000000032e-01,0.000000000000000000e+00,6.320000000000000617e-02,0.000000000000000000e+00,7.894999999999999796e-01
0.000000000000000000e+00,0.000000000000000000e+00,0.000000000000000000e+00,7.533506290487659296e-01,0.000000000000000000e+00,2.466493709512340982e-01
3.525110301758159481e-02,1.727954976562568745e-01,4.429882470165507485e-02,1.243182797437882431e-01,2.819351156136949699e-02,5.951427833193486672e-01
1.848561025868249164e-01,8.706203253137209663e-02,2.760071875961940813e-01,3.408981069072872239e-02,3.758819633542430649e-01,4.210290324063722944e-02
4.962057766988319657e-02,2.170548520380146187e-02,9.580474304961786314e-02,3.836175296928905354e-01,8.483168545594145515e-02,3.644199789278654844e-01
2.527182075211543144e-01,9.523798063284506787e-02,3.487547269577846998e-01,0.000000000000000000e+00,2.471329175590762650e-01,5.615616732913975701e-02
1.169948584829779703e-01,2.770397455767233119e-02,9.341395292748657514e-03,4.826505420433801485e-01,2.066061692359953683e-01,1.567030603872253958e-01
6.400413599227476429e-03,0.000000000000000000e+00,3.113376885509515635e-01,3.495630609518424747e-01,1.419590415581157561e-01,1.907397953398627666e-01
1.215477530184506660e-01,3.539094694267584662e-02,1.254249047882095569e-01,3.920842979599553080e-01,1.240306580926804902e-01,2.015214391980280351e-01
0.000000000000000000e+00,3.564984922583387932e-03,1.070084236138268280e-01,5.740711660521822246e-01,5.688042311962278330e-02,2.584750022917847723e-01
2.041483706016621880e-01,9.638971476926933013e-02,1.587106982883197126e-01,2.105264066624396302e-01,1.796373460814229550e-01,1.505874635968861008e-01
8.285000120335377083e-02,3.285863702080592252e-02,2.648758466563601588e-01,1.621052668356067761e-01,3.046089277103943282e-01,1.527013205734789880e-01
4.760341693721578671e-02,3.290502272285841801e-02,1.110466982244522477e-01,4.540841542355982807e-01,1.342485762187107246e-01,2.201121316611645007e-01
1.528230147979170624e-02,5.094100493263902657e-03,1.555280216489912937e-01,4.571636419973372223e-01,1.982157939995206064e-01,1.687161403810953086e-01
1.052256355295347751e-01,2.675480934819118861e-02,1.280324507584040261e-01,1.764964473163468939e-01,1.918937551043427558e-01,3.715969019431802911e-01
1.227937503266878644e-01,3.575374282767954104e-02,1.267106471394341960e-01,3.876976943440631485e-01,1.253021078915007858e-01,2.017420574706345893e-01
5.199658025217430979e-02,7.699934280235265494e-02,1.418387974791207318e-01,3.107761703876462667e-01,2.403856826177292738e-01,1.780034264609766659e-01
7.015670009104882365e-02,6.286565168029988049e-02,1.148744094146237626e-01,4.480683581635890311e-01,1.051539399551247034e-01,1.988809406953138126e-01
6.770839674810466557e-02,5.381377925356906067e-02,2.261962571515159226e-01,2.336785737758625414e-01,2.589825920319180352e-01,1.596204010390298300e-01
5.924939431768689452e-02,6.878083024314475546e-02,1.336515819147148995e-02,5.399191616900331780e-01,9.121796914799158718e-02,2.274674864096719595e-01
7.315396471619185770e-02,9.853141371422383457e-03,7.700108524186588532e-02,5.118052975301294882e-01,1.028956265486200561e-01,2.252908845917704628e-01
6.333062372074656221e-02,3.609735325013464086e-02,2.738026212840802276e-01,4.710071312243445212e-03,4.882135476256506124e-01,1.338457828071444589e-01
1.241182232870450819e-01,3.964521664292304688e-03,2.387758177071712951e-01,1.978266663754485177e-01,2.616248037084205613e-01,1.736899672576222853e-01
1.400966128221217688e-01,3.832204274040590386e-02,2.112720781436570605e-01,2.708951446152111919e-01,1.144514600456516956e-01,2.249626616329523376e-01
1.660610397838063745e-01,2.829229165563403384e-02,3.510298770040954364e-01,1.601470836175512280e-01,1.420976753529841485e-01,1.523720325859287961e-01
6.281499040836863168e-02,8.627269907163240270e-03,3.119907789119124586e-01,1.045072254493142477e-01,3.647201695180101177e-01,1.473395658052314428e-01
1.331069187489362093e-01,5.595552288465380913e-02,7.984871780167512867e-02,1.833917815899493986e-01,3.259599920421978880e-01,2.217370669325876009e-01
9.900462788665718994e-02,4.945160784584149566e-02,1.849846215133524319e-01,2.180928155005478764e-01,2.856962574003428235e-01,1.627700698532580925e-01
0.000000000000000000e+00,0.000000000000000000e+00,3.853956078458842249e-02,6.252229372207357416e-01,1.651412249668835278e-02,3.197233794979874033e-01
1.081705114246083038e-01,1.999869031518265033e-02,3.183755168428862858e-01,2.476545782207417168e-01,1.521070973217432398e-01,1.536936058748378242e-01
4.694328152572934537e-03,1.127542472965226555e-01,4.852120695516563137e-02,4.190568034808864195e-02,4.649191426755324708e-01,3.272053945721175583e-01
1.142911491418091563e-01,2.553940186655746791e-02,1.033083603881107537e-01,4.470678069077397288e-01,3.053764067982926017e-02,2.792556410159537927e-01
9.959800803983917539e-02,5.987880242395151459e-02,2.669946601067977876e-01,2.012359752804943613e-01,2.824943501129977275e-01,8.979820403591926015e-02
1.272550100510686788e-01,1.089964137094035085e-01,2.551650296668650508e-01,2.514766180809305252e-01,1.341940554481504677e-01,1.229128730435818662e-01
1.714741392428772160e-01,3.874446354096033884e-02,1.848527521104631199e-01,2.738812000462808038e-01,1.251336222309834267e-01,2.059138228284351224e-01
1.418078928024046198e-02,1.011643299670970386e-01,1.148991800989180440e-01,3.437302753322219462e-01,6.685229232113359954e-02,3.591731330003888889e-01
1.124299184619540620e-01,1.140658025590002705e-01,7.662710722620397208e-02,3.094855359500419678e-01,9.310916367264152060e-02,2.942824721301581237e-01
9.839396421773514978e-02,3.306496989890289617e-02,1.113643395702622330e-01,2.939304828540011960e-01,3.493754894753729467e-01,1.138707539837256894e-01
3.911514628762383788e-02,4.364028337023558024e-02,7.867245247896090254e-02,3.062960331811490078e-01,3.231704483464407085e-01,2.091056363355899561e-01
6.379155973193087470e-02,0.000000000000000000e+00,7.988882009923692351e-02,2.866404002613314739e-01,4.892479823239309633e-02,5.207544216751076593e-01
3.515330469324932233e-02,3.171268482674002159e-02,2.668707458472817651e-01,2.635283288116097578e-01,1.930100807371372962e-01,2.097248550839818926e-01
1.345502619944165257e-01,5.933279161653023936e-02,1.483898645373887548e-01,1.357747174572087323e-01,2.227164562056837827e-01,2.992359081887718264e-01
1.557810845901713703e-01,1.102071855535795564e-01,2.601753495563001728e-01,1.073571083759153055e-01,2.341070464045935939e-01,1.323722255194399455e-01
1.354875405395940813e-01,4.054830932333607606e-03,1.113643577637149218e-01,3.588040276659442140e-01,1.073391019576492994e-01,2.829501411407638889e-01
1.272774544509109873e-01,3.705925881482370621e-02,1.313373732525349447e-01,3.343333133337333396e-01,1.298774024519509518e-01,2.401151976960461121e-01
