1.116148661343512039e-01,4.525377468334144254e-02,2.379879399588361866e-01,2.112134633571252640e-01,2.152016767241834161e-01,1.787282791421626327e-01
1.070258669749185459e-01,1.667534008917287078e-02,1.760641170971249947e-01,3.768300537708335063e-01,1.321053258323031665e-01,1.912992962356468707e-01
1.064072021684222824e-01,3.099285429779204473e-02,2.154855703532931599e-01,2.353651313036631831e-01,2.203996130167608924e-01,1.913496288600684270e-01
1.137425073697651834e-01,3.148763699985383802e-02,1.824476082131107624e-01,2.817852908973891291e-01,2.226835774536894685e-01,1.678533790661915770e-01
1.027011063751424730e-01,1.876968098530882798e-02,1.559782680351079476e-01,3.936549371530532193e-01,1.656963978884181121e-01,1.631996095629694721e-01
1.050753537128439608e-01,4.818367750245833997e-02,1.418129177113169603e-01,4.015917574014417624e-01,1.120682608050374562e-01,1.912680328669014440e-01
1.218645021826477992e-01,3.942448757178186602e-02,2.223890562218935885e-01,2.185818477954957761e-01,2.164024934281043588e-01,1.813376128000766252e-01
1.115977514800762793e-01,3.981255689406573706e-02,1.926188878331417387e-01,2.994586342766397125e-01,1.927845035515186323e-01,1.637276659645579280e-01
1.074337034831163024e-01,3.449797126855494445e-02,1.870921106468718398e-01,2.908280519576803003e-01,1.797531599621850495e-01,2.003950026815914387e-01
6.382471011767748559e-02,3.195142719588404956e-02,1.718042285333786778e-01,4.402585527560677336e-01,7.956284715818318087e-02,2.125982342388088864e-01
9.781959662244640863e-02,3.015081051024986331e-02,1.774725172744679447e-01,3.259333286802780227e-01,1.730882946888619711e-01,1.955354522236958381e-01
2.649999999999999925e-02,4.420000000000000318e-02,2.477999999999999925e-01,2.649999999999999925e-02,5.574999999999999956e-01,9.729999999999999760e-02
1.095030877423651544e-01,6.615793725547797210e-02,2.013367739028193715e-01,2.771631130831718748e-01,1.872406827614776503e-01,1.585984052546879630e-01
9.555488108688482696e-02,3.090548003845641073e-02,1.696494361363939385e-01,2.188622376297377770e-01,2.802756510572004256e-01,2.047523140513267115e-01
1.539824274935199799e-01,6.460381567335604647e-02,2.323243899002978285e-01,2.329061497933183067e-01,1.981246455242809956e-01,1.180585716152267595e-01
1.012130823336256230e-01,3.672904345230321860e-02,1.221701897423459332e-01,4.347864698968264552e-01,1.554588705013153493e-01,1.496423440735834831e-01
9.316482656266453222e-02,1.171547230439830105e-02,1.358498088371350720e-01,3.760805685414733146e-01,1.412638272706260856e-01,2.419254964837026789e-01
9.745270165945195406e-02,3.089302242976149637e-02,1.753236623303687791e-01,4.168310011832085382e-01,1.590019448140026492e-01,1.204976675832066108e-01
1.084866861482731426e-01,3.156901651982917806e-02,2.100462846842690579e-01,2.806180504283795063e-01,2.000793265189423631e-01,1.692006357003068007e-01
1.376392074216409300e-01,5.913510609723342248e-02,2.603913303993884432e-01,1.909196471001466944e-01,2.366924936465629736e-01,1.152222153350276057e-01
1.326649661848105510e-01,8.442793774454063205e-02,1.983254142671085352e-01,2.144656492574196216e-01,2.074514167072852855e-01,1.626646158388354302e-01
8.442653237253164300e-02,1.428742958867780521e-02,2.297454084364234650e-01,4.153833838850518045e-01,8.906278912073652132e-02,1.670944565965787054e-01
8.340301022699389555e-02,1.875118635906980469e-02,2.069945415908554243e-01,4.067732422209567877e-01,1.083644680250188674e-01,1.757135515771052481e-01
1.097278793776660932e-01,3.446484672670992871e-02,2.067325988264803738e-01,2.253270604880189820e-01,2.314983624984838229e-01,1.922492520826407925e-01
1.170483899007832562e-01,3.325153732897840470e-02,2.069111726162362608e-01,2.935000638470378620e-01,1.476408134881868062e-01,2.016480228187775003e-01
1.098305143699379594e-01,3.453480763391857805e-02,2.056124678351216040e-01,2.250356703157031513e-01,2.322827770165051264e-01,1.927037628288137128e-01
1.168943287009559101e-01,3.867988394236254041e-02,2.011130943259670789e-01,2.234167074940341668e-01,2.389577258688675709e-01,1.809382596678127120e-01
1.025566062819266988e-01,3.320670498850579466e-02,1.388039209688539111e-01,3.797397393393364684e-01,1.094478313964569044e-01,2.362451970249201672e-01
6.729943724544111550e-02,4.229417514434252040e-02,1.933506446752387975e-01,1.832215758747563761e-01,3.925083707786098941e-01,1.213257962816114005e-01
1.254111313868613298e-01,4.064215328467152971e-02,2.626941605839416272e-01,1.321886861313868733e-01,2.946448905109488869e-01,1.444189781021897878e-01
1.064049690084042377e-01,3.408399054810742207e-02,1.497567320028447557e-01,4.177968290159220222e-01,1.179745373025635202e-01,1.739829421221581462e-01
1.048486734561851069e-01,5.343088297848050394e-02,2.210893320896500369e-01,2.328102788224021558e-01,2.399191042097776894e-01,1.479017284435044377e-01
1.295191260130185706e-01,4.728323532042683769e-02,1.876784886352578507e-01,2.205281978513517760e-01,2.704978888045755925e-01,1.444930633753694349e-01
1.272182047437513952e-01,4.892855013721249952e-02,1.522869712542845033e-01,3.843680949032332594e-01,1.303842527094742632e-01,1.568139262520440724e-01
1.284691783638701457e-01,6.312693718273085230e-02,2.002573302748488493e-01,1.893374017832099021e-01,2.635317200600917897e-01,1.552774323352485164e-01
9.316482656266453222e-02,1.171547230439830105e-02,1.358498088371350720e-01,3.968624521430572094e-01,1.412638272706260856e-01,2.211436128821187841e-01
1.175455209692105041e-01,4.318809059385829430e-02,1.474157564697576028e-01,3.353579329807440668e-01,2.072541919699201485e-01,1.492385070165092309e-01
1.327124544361392711e-01,5.929879810588766648e-02,1.611446313948217968e-01,3.089137542817939064e-01,1.777849180854613187e-01,1.601454436958961447e-01
1.098305143699379594e-01,3.453480763391857805e-02,2.056124678351216040e-01,2.250356703157031513e-01,2.322827770165051264e-01,1.927037628288137128e-01
1.198517150497944855e-01,3.735609011240060423e-02,2.333381874993160632e-01,1.773439518915674862e-01,2.259783178715520646e-01,2.061317375753693171e-01
1.200098237316650635e-01,6.451676946290070547e-02,1.961077139823466653e-01,2.957818249199248850e-01,1.785750000735309151e-01,1.450088678296317934e-01
1.101625861962459429e-01,3.693462241786774070e-02,2.468743976149594954e-01,2.012338334148297825e-01,2.075821640508989929e-01,1.972123963051981010e-01
1.130939140804764348e-01,2.137520584535382642e-02,1.575322109426549044e-01,3.811377430190153737e-01,1.466553517922798422e-01,1.802055743202196636e-01
1.046722044846233185e-01,3.047529188647942269e-02,1.760987112052476988e-01,3.003977930821276621e-01,2.081518687742534846e-01,1.802041305672684723e-01
1.330384053353455553e-01,5.520195621195196634e-02,1.902186348921539039e-01,2.491086223976954894e-01,2.133651582284701309e-01,1.590672229343828015e-01
8.629351585014410908e-02,2.208825648414985618e-02,2.966596541786743479e-01,2.630015129682997110e-01,1.667767291066282742e-01,1.651803314121037258e-01
9.315485907062792670e-02,1.170685867061968533e-02,1.491810125502583684e-01,3.641302909177542291e-01,1.473787695629027450e-01,2.344482092278370455e-01
1.214018759057226005e-01,3.110815269554998916e-02,1.562688718470191529e-01,3.091211963974702659e-01,2.339137114491979252e-01,1.481861917050401600e-01
1.059166404663103300e-01,3.416926470199994209e-02,1.498028373185875117e-01,4.183816899909839071e-01,1.175351984786992821e-01,1.741943690434189784e-01
1.000100511588680186e-01,3.709030685626792112e-02,1.978231332778563889e-01,3.121634838847269777e-01,1.167939558351058921e-01,2.361190689871748294e-01
1.114990740885175718e-01,3.126149032751193713e-02,2.025339445166207120e-01,2.222889512353286023e-01,2.462350723236033101e-01,1.861814675084179083e-01
1.093193813724216285e-01,3.181132615449899087e-02,1.706388197632311143e-01,3.363227416195305741e-01,1.829081899786893506e-01,1.689995411116282931e-01
1.090835172632185490e-01,3.033890718267035630e-02,2.809549830117834546e-01,2.516815596301879010e-01,2.109592449469877562e-01,1.169817879651521425e-01
1.069946217312695569e-01,3.359824848548356724e-02,2.089661925995745795e-01,2.626370697877044025e-01,2.270897507570587281e-01,1.607141166389091380e-01
8.982332206287879650e-02,1.375200250464227864e-02,2.451059146029403168e-01,3.296264801867239691e-01,1.298845263173719067e-01,1.918077543254426975e-01
1.440431266128759658e-01,5.468632354377546412e-02,2.649686622220662202e-01,2.021771298698683827e-01,2.157655138515358062e-01,1.183592438998781748e-01
1.098305143699379594e-01,3.453480763391857805e-02,2.056124678351216040e-01,2.250356703157031513e-01,2.322827770165051264e-01,1.927037628288137128e-01
1.214573862577909974e-01,3.592957348730245470e-02,2.122140009600572141e-01,2.866519112319672047e-01,1.874974419173497664e-01,1.562496861455323349e-01
9.488998139024162892e-02,4.963564802601087844e-02,1.730352801089490855e-01,2.794027051886287527e-01,2.068902452067394315e-01,1.961461400794301257e-01
1.302532292363828559e-01,3.287789150670369920e-02,1.960171396707899305e-01,2.536479752474092852e-01,2.051463536502367846e-01,1.820574106884773335e-01
1.302252727123193454e-01,5.968175462994115832e-02,1.870051364870017607e-01,3.096368944814539836e-01,1.419758278566568555e-01,1.714751138326267854e-01
1.061617716483115453e-01,3.000197003784437280e-02,1.670537282578401783e-01,3.245591329351547594e-01,2.296216131248988435e-01,1.426017839959502764e-01
9.620150468834047508e-02,2.689051775375789557e-02,1.669302438485440743e-01,3.189345729122227691e-01,2.010514592444622439e-01,1.899917015526725872e-01
1.122300873577668362e-01,4.278244844606032132e-02,1.898192129943784556e-01,2.646797477124835929e-01,1.918656561832584595e-01,1.986228473060522026e-01
4.958969464304913144e-02,2.715024748837910340e-02,1.372028813159067162e-01,4.080795343096405570e-01,1.639672131301470048e-01,2.140104291128774872e-01
0.000000000000000000e+00,0.000000000000000000e+00,4.328000000000000180e-01,5.672000000000000375e-01,0.000000000000000000e+00,0.000000000000000000e+00
9.759542575977527001e-02,5.261252098912454905e-02,2.428555275010637615e-01,2.980132147332052450e-01,1.291367938617963285e-01,1.797865171550349084e-01
1.167768463143746410e-01,3.185860731219348346e-02,2.089377389030789567e-01,2.331135127588188916e-01,2.511218301606039094e-01,1.581914645509301109e-01
6.341813079730218572e-02,3.762330513279556893e-02,1.515877124073944648e-01,2.937650743811461296e-01,2.577260444765117064e-01,1.958797328048499098e-01
1.057593313310978278e-01,3.080415122078412546e-02,1.657676787462741552e-01,2.921700718611499048e-01,1.782099490459020663e-01,2.272888177947918475e-01
1.329303454845986998e-01,4.947492465665014050e-02,1.626489295156233750e-01,2.810255788517083131e-01,1.992491741888080536e-01,1.746710473026114041e-01
6.763224213122956407e-02,5.444182879140638254e-02,1.542357844362223507e-01,4.234758107041088904e-01,7.370205817378538971e-02,2.265122757632473949e-01
1.088360209953835450e-01,3.278315310187820270e-02,2.465318408904066394e-01,2.062249204241236311e-01,2.348312569826514207e-01,1.707928076055566236e-01
1.059166404663103300e-01,3.416926470199994209e-02,1.498028373185875117e-01,4.183816899909839071e-01,1.175351984786992821e-01,1.741943690434189784e-01
9.990911577591303494e-02,2.681643445600350242e-02,1.958357966193421396e-01,3.040544952396078693e-01,1.772195309903439042e-01,1.961646269187894975e-01
6.971775428965990007e-02,1.078142059570310653e-02,1.994599264712583198e-01,4.414533152806193184e-01,1.139253898851003699e-01,1.646621934776589247e-01
7.870972406248882836e-02,2.879306815026125288e-02,1.933209189944115614e-01,2.879310193383959326e-01,2.147194375169340363e-01,1.965258319375084994e-01
1.305544191845401381e-01,3.986714199442854129e-02,2.622346573679049664e-01,1.547396411665010740e-01,2.608964993279176969e-01,1.517076409587075070e-01
1.093200526458394106e-01,3.181152149129438250e-02,1.942561516365090557e-01,2.874957140001506151e-01,1.876313418406021505e-01,1.894852183856043371e-01
9.307564369776205604e-02,1.163840291374555226e-02,1.400213688709235627e-01,3.736065496115708040e-01,1.413240278742710354e-01,2.403340070317269983e-01
9.342448063753966414e-02,1.289158044811845524e-02,1.868710782500954404e-01,3.543288033170706730e-01,1.513277914060094376e-01,2.011562659411665066e-01
1.221063517107735391e-01,3.816083733840811704e-02,2.386152508668402672e-01,2.639861117003402535e-01,1.701672490495452772e-01,1.669641993340924557e-01
1.265102222665575593e-01,4.243152563869619781e-02,2.326194303224485560e-01,1.980955790928750071e-01,1.889965653960235248e-01,2.113466772833990370e-01
1.234762208593504357e-01,2.887413341023776711e-02,2.697534426151904641e-01,2.301246487200524493e-01,2.207101194764178598e-01,1.270614349187511316e-01
1.098528957402858386e-01,3.194287047096657645e-02,1.957214704240869130e-01,2.862112408730010937e-01,1.875736106571034845e-01,1.886979118345560591e-01
1.151658473757846274e-01,3.347966062931539283e-02,1.982029612990382494e-01,2.253270604880190098e-01,2.479548592174622423e-01,1.798696109903805407e-01
9.312646111523069370e-02,1.168231793490053655e-02,1.376443662038268623e-01,3.750162739226663433e-01,1.412897248810824347e-01,2.412408559422931642e-01
9.947270599261855140e-02,2.719439460271886461e-02,1.728315987140728871e-01,3.909548911358478041e-01,1.651921925913958367e-01,1.443542169633459382e-01
6.829258188088352388e-02,0.000000000000000000e+00,1.380980306301969052e-01,5.298734063290406748e-01,1.110121422209142811e-01,1.527238389389646012e-01
1.318301060233854349e-01,6.744027255992568470e-02,1.823549168250243602e-01,1.825639548477870633e-01,2.659144407664377208e-01,1.698963089774396806e-01
6.266063995132355180e-02,2.964593713273632608e-02,9.423982164149415086e-02,5.100335221295713151e-01,5.859437652434934529e-02,2.448257026205252485e-01
1.269792483281880768e-01,8.161126813898945953e-02,1.779981427553806728e-01,2.169018626553987361e-01,2.320356901060044441e-01,1.644737880160386800e-01
1.031105751434304441e-01,9.487572373344868581e-03,1.038406458175065439e-01,3.553865802301657828e-01,2.456890832571146654e-01,1.824855431784376814e-01
1.093200526458394106e-01,3.181152149129438250e-02,1.942561516365090557e-01,2.874957140001506151e-01,1.876313418406021505e-01,1.894852183856043371e-01
1.078723546491393015e-01,3.141960414586188882e-02,1.700143832930504917e-01,3.051537951011344396e-01,1.948568872679255493e-01,1.906829755428882944e-01
1.057988670331737602e-01,3.080331946738017190e-02,1.835469804970839558e-01,2.866829156127845279e-01,1.886260164301093167e-01,2.045419009594682258e-01
1.331645284162684961e-01,1.686770128989565146e-02,1.631505882912811234e-01,4.187439482215354891e-01,1.378679004345383374e-01,1.302053333464810725e-01
1.016484690713460454e-01,2.770324814778077002e-02,1.950582218211466823e-01,2.704598955321738663e-01,2.112227509860895303e-01,1.939074144414632828e-01
1.105270803025735354e-01,3.380630826266933092e-02,1.977757355758948676e-01,2.307937117376080705e-01,2.791673753139642389e-01,1.479297888072900191e-01
1.100145980323635059e-01,4.142667233341341265e-02,1.864211124722414403e-01,3.337818903962773698e-01,1.289605179203619501e-01,1.993952088453424532e-01
1.095651894641349322e-01,3.141981852116270540e-02,1.796154748197269224e-01,2.990766028263260323e-01,2.116563911912997253e-01,1.686665231773497031e-01
4.566711853613589917e-02,1.218558947601289938e-02,1.035482895006164528e-01,4.137715203696186728e-01,1.812770975231718373e-01,2.435503845944443357e-01
1.125210682201640000e-01,3.438562047525822035e-02,2.930353461721342812e-01,1.224356683807702462e-01,2.849128447807699471e-01,1.527094519709033538e-01
1.009807031821128576e-01,2.931605422674265007e-02,1.609581882827030852e-01,3.592728599970078651e-01,2.125392710986995226e-01,1.369329232127339535e-01
7.881931740348877002e-02,9.066788996359475064e-03,1.433360608833611216e-01,4.581157047356987921e-01,1.237802414794485079e-01,1.868818865016432518e-01
1.223825377195421060e-01,3.620325216964557363e-02,2.119520798183651134e-01,2.806180504283795063e-01,1.889256262197540615e-01,1.599184536443135907e-01
1.344708890949097846e-01,3.354934845183483311e-02,2.667545931550497351e-01,1.276869746105105952e-01,3.084771164257227860e-01,1.290610782619723285e-01
1.098000704545591677e-01,3.433437617320072438e-02,1.836846344420139110e-01,2.418438328651429381e-01,2.679038017027481344e-01,1.624332843623352007e-01
1.191828016412388447e-01,2.529621905407272373e-02,1.999307012984734566e-01,3.318903413838248384e-01,1.470676342168917849e-01,1.766323024054982649e-01
1.389386060445030879e-01,4.992145824878173321e-02,2.579811850169200227e-01,1.963353995556113840e-01,2.173540773096092615e-01,1.394692738245745245e-01
5.109483093925962227e-02,5.341894800566745344e-02,7.911223418240347083e-02,5.009811664594482350e-01,1.369617466467557831e-01,1.784310737664653312e-01
1.066902308043201214e-01,3.387569636326996647e-02,1.841481707579282479e-01,2.138661346747803282e-01,2.410422409090181017e-01,2.203775264906832343e-01
1.039427737320462453e-01,4.794635440608392002e-02,2.123702610504923649e-01,2.290760409358140459e-01,2.192445100363712984e-01,1.874200598391922989e-01
1.173670734756158823e-01,2.795033233427108785e-02,1.752184670381300435e-01,3.025283841916360239e-01,1.886882782124927604e-01,1.882474647478540875e-01
1.383157801342859705e-01,5.681563589536680475e-02,1.975575047360923209e-01,2.155001819095646587e-01,2.160317345448742044e-01,1.757791627798160894e-01
1.099318674865297357e-01,3.617390411357938179e-02,2.141292177521378348e-01,3.384314898802135985e-01,2.014756134901999896e-01,9.985790727733953598e-02
1.033440800665739873e-01,3.616072029038987223e-02,1.521891814919147934e-01,4.169085315182601836e-01,1.600232049904764808e-01,1.313742816423846826e-01
8.871228162038248544e-02,1.596687734074268838e-02,1.970741280614119462e-01,4.506753908558515098e-01,7.298707413500594987e-02,1.745842479866054064e-01
1.470704066463892068e-01,5.605025691386503889e-02,2.008332705983345567e-01,2.261350446691917926e-01,2.115519664893981966e-01,1.583590546828212153e-01
1.093200526458394106e-01,3.181152149129438250e-02,1.942561516365090557e-01,2.874957140001506151e-01,1.876313418406021505e-01,1.894852183856043371e-01
1.105238281500961206e-01,3.136253708055302541e-02,1.760404291820745759e-01,2.978811047694892578e-01,1.924152377207665188e-01,1.917768630970204669e-01
9.293291904082874588e-02,2.702290345106830166e-02,1.602869924281100644e-01,2.497425342260769787e-01,1.547342405517641017e-01,3.152804103021519255e-01
4.408579199747095223e-02,3.215506344936819305e-02,1.701119416426028486e-01,3.650079274747619063e-01,2.155063449368194717e-01,1.731329304989766282e-01
1.248022807542100293e-01,5.603392320377624525e-02,2.257877990705122462e-01,1.912516928519561732e-01,2.361960852301231983e-01,1.659282188894221355e-01
1.204820136250769197e-01,3.300579384112566073e-02,2.318254631889471451e-01,2.306582058193085705e-01,2.258180351875039571e-01,1.582104883380377469e-01
1.192992220491431582e-01,3.912446874338933872e-02,2.421319722304237088e-01,2.816874418120587364e-01,1.513446434288209241e-01,1.664122517361641129e-01
1.096190522801639977e-01,3.105583479741017700e-02,2.360434201708490332e-01,2.494939156190761897e-01,2.107260986164136984e-01,1.630616785160870219e-01
1.030517387076588520e-01,5.235532234633238219e-02,2.146447837464922348e-01,2.904448799189489061e-01,1.844373356531137653e-01,1.550659396274539081e-01
1.076673129727827999e-01,3.410645281616172392e-02,1.909677982315388933e-01,2.402192833064897004e-01,1.884716325467866438e-01,2.385675201262402734e-01
1.125443278730524493e-01,4.266412561381419805e-02,2.055741969397133495e-01,3.041643002199381773e-01,1.470586306974929480e-01,1.879944186559888986e-01
1.440431266128759658e-01,5.468632354377546412e-02,2.649686622220662202e-01,2.021771298698683827e-01,2.157655138515358062e-01,1.183592438998781748e-01
1.120716968428834281e-01,4.592769589238212408e-02,2.360312609324153599e-01,1.901695720763833253e-01,2.701085485712776957e-01,1.456912256846579767e-01
6.451627927652286987e-02,1.912508738941091219e-02,1.724648988577372755e-01,3.778236959602616629e-01,1.620908416993261936e-01,2.039791968167411484e-01
6.407501113082070265e-02,0.000000000000000000e+00,9.805104629714696263e-02,4.145156502872812121e-01,1.947201040290037488e-01,2.286381882557474154e-01
1.079878369469403493e-01,3.428729101697049197e-02,2.341989570293113720e-01,1.315972710908970000e-01,3.480998007392647753e-01,1.438288431766161501e-01
6.281999999999999806e-01,0.000000000000000000e+00,0.000000000000000000e+00,0.000000000000000000e+00,1.794999999999999929e-01,1.922999999999999987e-01
1.002762238153085822e-01,2.732177702880092887e-02,2.155950594517155039e-01,2.205618313249226581e-01,2.446144211006837654e-01,1.916306872785685234e-01
1.115181512520462132e-01,3.306550183254457903e-02,2.016630593181150122e-01,2.461112019457867561e-01,2.420091703904683755e-01,1.656329152610390432e-01
1.050557371445347138e-01,3.198464571778835558e-02,1.751364147763680990e-01,2.975777321601252856e-01,1.946014490424701204e-01,1.956440211587134326e-01
1.309371093669952357e-01,7.051210065780036396e-02,2.293637164695997988e-01,1.905547244820590402e-01,2.303120965593557223e-01,1.483202524641898390e-01
1.357079347350962362e-01,4.578582645188817440e-02,2.039051083651466645e-01,2.315532346754975712e-01,2.179571958459637360e-01,1.650906999264075969e-01
5.995126308179665742e-02,5.385128239900174169e-02,1.003529414347219956e-01,4.145938679581226416e-01,1.639480708648741736e-01,2.073025742614827138e-01
1.098305143699379594e-01,3.453480763391857805e-02,2.056124678351216040e-01,2.250356703157031513e-01,2.322827770165051264e-01,1.927037628288137128e-01
1.206359939397526199e-01,3.559526188186814405e-02,2.102166380236577536e-01,2.272456050608573641e-01,2.477992344806748126e-01,1.585072666131892849e-01
1.096517308083127112e-01,3.441294022896797949e-02,2.075636640469505911e-01,2.255432532723153360e-01,2.309163773294379829e-01,1.919120343140154339e-01
1.086265087015097358e-01,4.143390880428894640e-02,1.960916123835053093e-01,3.415714107140376266e-01,1.259202674111214448e-01,1.863562919855368538e-01
1.093200526458394106e-01,3.181152149129438250e-02,1.942561516365090557e-01,2.874957140001506151e-01,1.876313418406021505e-01,1.894852183856043371e-01
8.430813275285509167e-02,1.211103833519169143e-02,2.130207744706026085e-01,3.873016602321737722e-01,1.541349402104609245e-01,1.491234539987159324e-01
1.077825261662124362e-01,3.387459944380798865e-02,2.023440611640169029e-01,2.312304012101263351e-01,2.277069092301441944e-01,1.970615027856920665e-01
1.146666609522625779e-01,3.107635801027306549e-02,2.306540635484592150e-01,2.678048331001142146e-01,1.688377830683635838e-01,1.869603013205273778e-01
1.302224255991655533e-01,2.169635358220847743e-02,1.743493150901683775e-01,3.735228536401202226e-01,1.580207203974204888e-01,1.421883316909168249e-01
1.312157058462332382e-01,5.150046122745383786e-02,2.876900401973511712e-01,1.989296906177831226e-01,1.813170637335030921e-01,1.493470383776756838e-01
0.000000000000000000e+00,0.000000000000000000e+00,3.309999999999999748e-02,4.966999999999999749e-01,9.270000000000000462e-02,3.775000000000000022e-01
9.590228807335524075e-02,4.614792262333420464e-02,1.856658514499212043e-01,2.593538991365357260e-01,2.390947529037640296e-01,1.738352858130895739e-01
1.094478160713683312e-01,3.179042364154248401e-02,1.730229433464768318e-01,3.391945005870898311e-01,1.810911132180902938e-01,1.654532031354322141e-01
1.440867079024711062e-01,5.474531194580729843e-02,2.645549625336306443e-01,2.023426047314514920e-01,2.158140480155420760e-01,1.184563648710974387e-01
7.811102008703434130e-02,3.254018764499373717e-02,1.500219539477039010e-01,4.199992185321783089e-01,1.421278044264192020e-01,1.771998153616706206e-01
9.667165174798285354e-02,4.248502217479441928e-02,1.434987270622817002e-01,4.417706802377870390e-01,1.450007032448621391e-01,1.305732155322918420e-01
9.702307155688731644e-02,1.172252925662332912e-02,1.842531714504996032e-01,3.496878851735517602e-01,1.622979024871593623e-01,1.950154400752786288e-01
1.011973762843174779e-01,2.947240082465121813e-02,1.490908276352558570e-01,4.192585019156261916e-01,1.650702449553314022e-01,1.359106483848180336e-01
7.881441441441440487e-02,2.680270270270270275e-02,1.536882882882882884e-01,3.949882882882883028e-01,1.719531531531531543e-01,1.737531531531531781e-01
7.904240455606069415e-02,9.114958262115334039e-03,1.364172795551741590e-01,4.724295916992319322e-01,1.188675096986503560e-01,1.841282562287675784e-01
1.006538615702021883e-01,3.019714209132421875e-02,1.728573267004540059e-01,3.344292502436509440e-01,1.547365823950005992e-01,2.071258369993679571e-01
1.059166404663103300e-01,3.416926470199994209e-02,1.498028373185875117e-01,4.183816899909839071e-01,1.175351984786992821e-01,1.741943690434189784e-01
1.038517425598729088e-01,1.839561630487663788e-02,2.382926029758432318e-01,2.622587268709632435e-01,2.041756661460175371e-01,1.730256451424264652e-01
8.738192643181239005e-02,1.231767418446680362e-02,1.745226067909356749e-01,3.955763266980306114e-01,1.321553895898082420e-01,1.980460763049463613e-01
1.014857233531379910e-01,3.314426731615237320e-02,2.234899168004839676e-01,3.567322846684622406e-01,1.297472774410879937e-01,1.554005304206753091e-01
8.710378776637268949e-02,4.497835469906257683e-02,1.117026561461686857e-01,4.308950380325033969e-01,1.589287672823695985e-01,1.663913960735230457e-01
1.144009538747475796e-01,3.482024983828727049e-02,1.897985140372663304e-01,2.290287759910354659e-01,2.712725349077866888e-01,1.606789713508766926e-01
1.318646286332128825e-01,5.420332456993810083e-02,1.877754086709310655e-01,2.511728140477597071e-01,2.139443611983823657e-01,1.610394628797758576e-01
1.059166404663103300e-01,3.416926470199994209e-02,1.498028373185875117e-01,4.183816899909839071e-01,1.175351984786992821e-01,1.741943690434189784e-01
1.109883144301707231e-01,2.749306773124258682e-02,1.828443371439123777e-01,2.330356385280845100e-01,2.098119143043952195e-01,2.358267278621946073e-01
1.083877621589839912e-01,1.252435290843306563e-02,1.819272201960762947e-01,4.024359535074815142e-01,1.474873581748060158e-01,1.472373530542191722e-01
1.140884631218740120e-01,8.041040254837324153e-03,2.241505665809228609e-01,3.769741279383811983e-01,1.139811616587784321e-01,1.627646404452061657e-01
1.059024447639347472e-01,4.660701900317806151e-02,2.484284114707711599e-01,1.995592495184810300e-01,2.449186866038904342e-01,1.545841886397446574e-01
1.047124663961542107e-01,3.390474886305486907e-02,1.417217421386821052e-01,4.224372788272347523e-01,1.117485531427253459e-01,1.854752106321486960e-01
1.050951716095658989e-01,4.623321093404142434e-02,1.970032799466437667e-01,2.644163580382779544e-01,2.342358654565720733e-01,1.530161140148988963e-01
1.066302026820708099e-01,3.102879025526036200e-02,2.288896149837457428e-01,2.634917188643900454e-01,1.784087791641911225e-01,1.915508940503418689e-01
1.125674736261090270e-01,3.805018554397480990e-02,2.078591007786411704e-01,2.205618313249226581e-01,2.310014178260584305e-01,1.899599909002938347e-01
1.318646286332128825e-01,5.420332456993810083e-02,1.877754086709310655e-01,2.511728140477597071e-01,2.139443611983823657e-01,1.610394628797758576e-01
1.084663874983154974e-01,3.398077289181667543e-02,2.052304493621741888e-01,2.252709271093954191e-01,2.355830556741930204e-01,1.914684074641051503e-01
1.084866861482731287e-01,3.156901651982917806e-02,1.693390490502308665e-01,3.279201598717717547e-01,1.815149624069559153e-01,1.811701260029390803e-01
1.262177902661286155e-01,6.147789773167414845e-02,1.512165578630835505e-01,3.597673223050866786e-01,1.389728096676736968e-01,1.623476221663532892e-01
5.182711969131424679e-02,5.548046551301601820e-02,1.568907439148622962e-01,3.906461358592493993e-01,1.528997004227128920e-01,1.922558345988450712e-01
1.155071040822193973e-01,3.139819110964139209e-02,2.225805608491943366e-01,2.287047990481677617e-01,2.342244828616786567e-01,1.675848620490984764e-01
1.018492201584079576e-01,2.966224175371160246e-02,1.601962345700383983e-01,3.570990907282949878e-01,2.139138780482502389e-01,1.372793347412967768e-01
1.098528957402858386e-01,3.194287047096657645e-02,1.957214704240869130e-01,2.862112408730010937e-01,1.875736106571034845e-01,1.886979118345560591e-01
1.105386110819493450e-01,3.210725806307026392e-02,1.977319038473528967e-01,2.844901275784165184e-01,1.874916457382657387e-01,1.876404536909451748e-01
1.082085900187380878e-01,3.731519005476743173e-02,1.737351786785742980e-01,3.241527076616249059e-01,1.782984222269820007e-01,1.782899113593132134e-01
1.138377592204680849e-01,5.158839040840390577e-02,2.113710105135723494e-01,2.938594773451246311e-01,1.827057270859507032e-01,1.466376354264803394e-01
1.080403456139972518e-01,2.981676127166382403e-02,1.796307887107101708e-01,3.260311225260613677e-01,2.114202260447916870e-01,1.450607558327758062e-01
1.318646286332128825e-01,5.420332456993810083e-02,1.877754086709310655e-01,2.511728140477597071e-01,2.139443611983823657e-01,1.610394628797758576e-01
1.015063823012159749e-01,2.988221969688805921e-02,1.624677095779188674e-01,3.261486456186359906e-01,2.048380504899198484e-01,1.751569923154213115e-01
1.078730906599550260e-01,3.141981852116269847e-02,1.672112989084404977e-01,3.509517125367277446e-01,1.817717429561873099e-01,1.607723364175265846e-01
1.110032472372068091e-01,3.471675827234150385e-02,2.947976278752955093e-01,1.906945238486081884e-01,2.410087756538343284e-01,1.277790671127136402e-01
1.098528957402858386e-01,3.194287047096657645e-02,1.957214704240869130e-01,2.862112408730010937e-01,1.875736106571034845e-01,1.886979118345560591e-01
1.105386110819493450e-01,3.210725806307026392e-02,1.977319038473528967e-01,2.844901275784165184e-01,1.874916457382657387e-01,1.876404536909451748e-01
1.100145980323635059e-01,4.142667233341341265e-02,1.815101735133213545e-01,3.730563584050644033e-01,1.212451915081409065e-01,1.727470062076964519e-01
1.065512776866600481e-01,4.689256640887538158e-02,1.992434065263420095e-01,2.359320156427003878e-01,2.380758854908146538e-01,1.733048482446074290e-01
1.206382779732228239e-01,4.900898567615594170e-02,1.870581802746782152e-01,2.449988848840639333e-01,2.116454075209174557e-01,1.866502636709616858e-01
1.220007552827205716e-01,5.150383881307285527e-02,2.233770083272295093e-01,2.635670178997833180e-01,1.995151497454020761e-01,1.400362299317916281e-01
1.093200526458394106e-01,3.181152149129438250e-02,1.942561516365090557e-01,2.874957140001506151e-01,1.876313418406021505e-01,1.894852183856043371e-01
1.093200526458394106e-01,3.181152149129438250e-02,1.942561516365090557e-01,2.874957140001506151e-01,1.876313418406021505e-01,1.894852183856043371e-01
1.361448804121876965e-01,5.298894161091147886e-02,2.640145356895738926e-01,2.012282687102516787e-01,2.108182354961127547e-01,1.348051380809624777e-01
8.149084507042252123e-02,2.724577464788732056e-02,1.327894366197182874e-01,4.406499999999999861e-01,1.419387323943661905e-01,1.758852112676056734e-01
2.726999999999999980e-01,2.172000000000000042e-01,2.172000000000000042e-01,0.000000000000000000e+00,2.172000000000000042e-01,7.580000000000000626e-02
1.093200526458394106e-01,3.181152149129438250e-02,1.942561516365090557e-01,2.874957140001506151e-01,1.876313418406021505e-01,1.894852183856043371e-01
0.000000000000000000e+00,0.000000000000000000e+00,0.000000000000000000e+00,1.000000000000000000e+00,0.000000000000000000e+00,0.000000000000000000e+00
1.074345370325969218e-01,3.126284703495147560e-02,1.785589553296303422e-01,3.244489009268992641e-01,1.797545546190596477e-01,1.785402050568623278e-01
1.071631981140982876e-01,4.191704915669451637e-02,1.948643289850791049e-01,3.410323728188930925e-01,1.407619140440592165e-01,1.742611368811758377e-01
1.073678602971069873e-01,2.987798894377023673e-02,2.187292345219792877e-01,3.376262284050711160e-01,1.702911723061538429e-01,1.361075155259185709e-01
4.649999999999999967e-02,0.000000000000000000e+00,3.952999999999999847e-01,0.000000000000000000e+00,5.000000000000000000e-01,5.809999999999999887e-02
1.172325928274329382e-01,3.896825523971093191e-02,1.911756497309001213e-01,2.184583188236672857e-01,2.029222818722907495e-01,2.312429015059979109e-01
1.084859424361104968e-01,3.156880010376576784e-02,1.693378881749671994e-01,2.893703846210765041e-01,2.267314825535085843e-01,1.745055021105714754e-01
1.251591854057976239e-01,3.907686782167327233e-02,1.832171023672315158e-01,2.718776852305466174e-01,2.458990265633466121e-01,1.347701326114042197e-01
8.726502310716743871e-02,2.540719442917606027e-02,1.356792458946070035e-01,4.756497145138942617e-01,1.465782702279957439e-01,1.294205518271593358e-01
9.244244599214172797e-02,2.868054866026468336e-02,1.046404913544872889e-01,4.914168995304898369e-01,1.138654448999276564e-01,1.689541695626888274e-01
7.816848927269566538e-02,2.883967495470270148e-02,2.175776125408628026e-01,3.349982023937924103e-01,1.530679542765170653e-01,1.873480665614292717e-01
1.239331042736177002e-01,6.674478969699911002e-02,1.733280524407850576e-01,2.572295568075683159e-01,2.054895825983152902e-01,1.732749141827145678e-01
1.185519928909893606e-01,5.039014573636758920e-02,2.070185802936179431e-01,2.964373262661274544e-01,1.781477132930082141e-01,1.494542415198892860e-01
1.253157807978875216e-01,5.664587174719246110e-02,1.761532816862396433e-01,2.363097942814094965e-01,2.179576275311963240e-01,1.876176439560746090e-01
0.000000000000000000e+00,1.474000000000000032e-01,0.000000000000000000e+00,6.320000000000000617e-02,0.000000000000000000e+00,7.894999999999999796e-01
8.800803568486276207e-02,2.854314670860413905e-02,1.392508062538134750e-01,4.250319930224822906e-01,1.075572177091114467e-01,2.116088006211258588e-01
7.282155709287833900e-02,3.493244266092760536e-02,1.201600211147803993e-01,3.879718722873779502e-01,7.547395912090815173e-02,3.086401477231276447e-01
1.191049859550561835e-01,7.611608146067415370e-02,2.173188202247190726e-01,2.008589185393258314e-01,2.460429073033707781e-01,1.405582865168539253e-01
9.194696101685718992e-02,1.156232577261369181e-02,1.488487675240478814e-01,3.858300396936146792e-01,1.463866261342550157e-01,2.154252798586115403e-01
1.093200526458394106e-01,3.181152149129438250e-02,1.942561516365090557e-01,2.874957140001506151e-01,1.876313418406021505e-01,1.894852183856043371e-01
8.375622562919343705e-02,1.886765107635539340e-02,2.066861790126095777e-01,4.056005118911056861e-01,1.087261346351870162e-01,1.763632977555488202e-01
7.606779899591274707e-02,6.304749375187710010e-03,2.366365672122965058e-01,3.355571895757823997e-01,2.033191472017997492e-01,1.421145476390207885e-01
1.105386110819493450e-01,3.210725806307026392e-02,1.977319038473528967e-01,2.844901275784165184e-01,1.874916457382657387e-01,1.876404536909451748e-01
1.038500841548449100e-01,3.153620844171457077e-02,1.644145227218080652e-01,3.336359811143413401e-01,1.788722157861374062e-01,1.876909877811537009e-01
1.234810940541445218e-01,4.963639281204286491e-02,1.525022267597215264e-01,3.644106819349902104e-01,1.380730563236487463e-01,1.718965481154519637e-01
1.049857498982135484e-01,3.093236380259859267e-02,1.664890463503310714e-01,3.199065707612197551e-01,1.645297466410474418e-01,2.131565225465896218e-01
1.048346729626350587e-01,1.591713973230560880e-02,1.745641141375738614e-01,4.202369017238685722e-01,1.230867605275187959e-01,1.613604109160980959e-01
1.072333856338409663e-01,3.122097927771061432e-02,1.901935615967717264e-01,2.963742137762486184e-01,1.848112478238960465e-01,1.901666118915320558e-01
8.817771139604693720e-02,2.684698603292500971e-02,1.222559431628855997e-01,3.822771176302211527e-01,1.399679997651358809e-01,2.404742420127854163e-01
1.093200526458394106e-01,3.181152149129438250e-02,1.942561516365090557e-01,2.874957140001506151e-01,1.876313418406021505e-01,1.894852183856043371e-01
8.631986680831947589e-02,3.350291267673922296e-02,1.475832269748803827e-01,3.733595248450968795e-01,1.783547476274340571e-01,1.808797210675298639e-01
1.298376370374660915e-01,5.358218204193065243e-02,1.851971667357021900e-01,2.685396076665569898e-01,2.095980598631456415e-01,1.532453466551983723e-01
9.857166488885341082e-02,2.975674380664996774e-02,2.404233382199430225e-01,2.410393932998305955e-01,2.381396919154179226e-01,1.520691678693050497e-01
1.059166404663103300e-01,3.416926470199994209e-02,1.498028373185875117e-01,4.183816899909839071e-01,1.175351984786992821e-01,1.741943690434189784e-01
9.314242029794002342e-02,1.169610942374842318e-02,1.632785801359531996e-01,3.370449802681872997e-01,1.819078906588979250e-01,2.129300192152730198e-01
5.970465380249715542e-02,3.470715096481270800e-02,1.246828603859250623e-01,4.642826333711690956e-01,2.075652667423382725e-01,1.090574347332576299e-01
1.084866861482731148e-01,3.156901651982917112e-02,1.693390490502308388e-01,3.318140146781263233e-01,1.841200061154325829e-01,1.746712274881077887e-01
1.360533023116276274e-01,4.117169387500640987e-02,1.560220485338636442e-01,3.585779214655477887e-01,1.670039095703776399e-01,1.411711242435769176e-01
1.079342977220141692e-01,2.164964896104445286e-02,2.594020943427658432e-01,2.985046115101728237e-01,1.519272590638828802e-01,1.605820884001199766e-01
1.082580587566934899e-01,3.154174760916864106e-02,1.915500765483853507e-01,2.899386391431146848e-01,1.877332168621292374e-01,1.909782610805086378e-01
1.084866861482731148e-01,3.156901651982917112e-02,1.794644426223888922e-01,2.837372475003713257e-01,2.150103401954217563e-01,1.817322670137156149e-01
1.096517308083127112e-01,3.441294022896797949e-02,2.075636640469505911e-01,2.255432532723153360e-01,2.309163773294379829e-01,1.919120343140154339e-01
4.652807349440484658e-02,2.612583682957647299e-02,1.314243031364966119e-01,4.835826079065124183e-01,9.491794009033220625e-02,2.174212385426774474e-01
1.021810762575493803e-01,1.322472876673054867e-02,2.591488327863698538e-01,3.153256720775244881e-01,1.844274530209629170e-01,1.256922370908628850e-01
1.087667598331105573e-01,5.264862507161084670e-02,2.432714731292930088e-01,2.638143846674652071e-01,2.009635638190140072e-01,1.305351934795062618e-01
8.136338196193711181e-02,2.363296477100988030e-02,1.286250592565341133e-01,4.626107948726108088e-01,1.346229275609123754e-01,1.691448715769958144e-01
1.403500992938578884e-01,5.018278560545667150e-02,2.668150964400439196e-01,1.906932645273282101e-01,2.368071246291220955e-01,1.151516295041910692e-01
1.231439768911633953e-01,5.119665596757443787e-02,2.988996702224762103e-01,1.941656529861978120e-01,2.027835058409541702e-01,1.298105380916340090e-01
1.306282974070749614e-01,2.773943091431683647e-02,1.489269779364257029e-01,3.506312193208816486e-01,2.087801166109237438e-01,1.332939578103771727e-01
1.133009244565804235e-01,3.344245422158223513e-02,1.512710973589389829e-01,3.338782613495329676e-01,2.451667942404301137e-01,1.229404683729353326e-01
1.093200526458394106e-01,3.181152149129438250e-02,1.942561516365090557e-01,2.874957140001506151e-01,1.876313418406021505e-01,1.894852183856043371e-01
1.541463668163869372e-01,5.512535934617007055e-02,1.770830498531345831e-01,1.907985289018535036e-01,2.836095991277827744e-01,1.392370959546722076e-01
1.032594257073233823e-01,3.026407342367714443e-02,2.596594485995102342e-01,2.648885060137172731e-01,2.024566931031263339e-01,1.394718531526456806e-01
5.625468753348238093e-02,1.808584347031049616e-02,1.199101422153015239e-01,4.653426095900684012e-01,6.403974314102242604e-02,2.763669740498146399e-01
1.130939140804764348e-01,2.137520584535382642e-02,1.575322109426549044e-01,3.811377430190153737e-01,1.466553517922798422e-01,1.802055743202196636e-01
9.377865838025797873e-02,1.743955572822896913e-02,2.174923751203786670e-01,3.283904771411602086e-01,1.826466572972988700e-01,1.602522763326753030e-01
9.915311739906955413e-02,1.169618675550655393e-02,1.923383034413335135e-01,3.107456649644164126e-01,1.979756472697189185e-01,1.880910801699550161e-01
1.076429696951397980e-01,3.136253708055302541e-02,1.664511887457187367e-01,3.443698513735837241e-01,1.818657111327585396e-01,1.683077419722461276e-01
1.114515343314446127e-01,3.231648871934655887e-02,2.006669150151202952e-01,2.820575649882482994e-01,1.873666272311155234e-01,1.861408697147248492e-01
