1.636496467432078661e-01,4.434983671015722134e-02,2.771620674789237460e-01,1.896147049364207415e-01,1.634447332528761454e-01,1.617790108784142311e-01
6.421220585272401082e-02,1.028488397705808535e-02,2.032933045718752496e-01,4.971178061583493291e-01,1.082779408032926299e-01,1.168138586367007958e-01
1.515229059449505200e-01,1.422366180095060995e-02,3.000263885375644146e-01,2.142215317269812735e-01,1.271540830255207533e-01,1.928514289640324841e-01
1.944816196104079686e-01,6.331037540987127787e-02,2.453386482378640265e-01,2.228893462696072691e-01,1.460562273174490222e-01,1.279237831548002691e-01
5.671761033948272135e-02,1.413550592536191690e-02,1.888022824457692150e-01,4.224390393029068269e-01,1.858064059679898627e-01,1.320991560184894276e-01
8.319063682623233091e-02,8.175724793030117454e-02,1.370363722171514254e-01,3.740665569849965233e-01,1.006641964994431648e-01,2.232849895418752562e-01
9.416296353536030006e-02,3.530068471961221588e-02,2.865721193281215440e-01,2.232993794515822916e-01,1.305147429493361544e-01,2.301501100159874247e-01
1.642681312148053796e-01,2.715471648733377638e-02,2.346813376029542597e-01,3.528624314576851440e-01,1.218337342867610862e-01,9.919964895046043396e-02
1.510503642058851348e-01,2.040899139274031729e-02,2.810201444227436451e-01,2.269280022512756845e-01,1.155765657576416083e-01,2.050159319697135718e-01
7.172372724897560503e-02,2.051782173833051337e-02,2.692636062564316979e-01,3.364800043523954454e-01,6.220263875763330091e-02,2.398122016462334027e-01
4.719019689828714281e-02,1.725438904338615076e-02,1.966801658459023938e-01,5.535119731107956964e-01,4.498924266193692068e-02,1.403740324396917372e-01
2.649999999999999925e-02,4.420000000000000318e-02,2.477999999999999925e-01,2.649999999999999925e-02,5.574999999999999956e-01,9.729999999999999760e-02
2.801663886520663893e-02,6.509319827355368460e-02,2.120937956306366834e-01,2.862394476492126638e-01,2.440844676898837606e-01,1.644724518915064437e-01
4.338843654069615002e-02,1.880247679984337755e-02,1.870866624591065452e-01,2.244142036702428122e-01,2.515797840843929656e-01,2.747284364457181494e-01
1.939786003967794992e-01,3.163176474973687646e-02,3.249560821398387866e-01,1.349891306434498894e-01,2.268910762878518228e-01,8.755334578234313936e-02
1.653485441122913222e-02,0.000000000000000000e+00,1.167303185071113664e-01,6.353248806233202650e-01,1.256895519660540805e-01,1.057203944922853189e-01
1.240206977582885839e-01,0.000000000000000000e+00,1.464776981695030122e-01,4.470750955957168982e-01,1.099125249635312107e-01,1.725139835129603227e-01
1.752930511015374226e-02,0.000000000000000000e+00,1.590910082810852166e-01,5.187810591892570988e-01,2.053943802282221509e-01,9.920424719128163871e-02
1.943453743248092225e-01,6.323528647940526715e-02,2.459608927323487515e-01,2.226249895584788974e-01,1.460613970655868787e-01,1.277720598393710105e-01
1.528837286531838091e-01,1.904976620274650284e-02,3.448931513152656558e-01,1.358977745095559242e-01,2.636265687665186874e-01,8.364901055272924713e-02
1.497327618581762998e-01,1.233464041026279545e-01,2.810076801275241953e-01,1.649869122589766868e-01,2.027043590842448340e-01,7.822188256845014065e-02
4.166829101437079935e-02,1.011062719255679740e-02,2.953342280742769499e-01,4.712051596274071663e-01,7.882938202499534253e-02,1.028523120663928925e-01
1.180736073776733792e-02,0.000000000000000000e+00,1.843697181249810968e-01,6.323914163617025963e-01,6.120197718521908081e-02,1.102295275903298344e-01
7.532993809257318429e-02,3.862972778906993698e-02,2.141069823464257782e-01,3.633660124037091377e-01,7.567482628170231485e-02,2.328925130865195925e-01
1.391068851579229937e-01,0.000000000000000000e+00,2.051039710395541060e-01,4.104025912053778091e-01,8.811820517309192080e-02,1.572683474240532120e-01
7.521800077609357149e-02,3.872635731157507422e-02,2.130236776700450696e-01,3.639367076128171563e-01,7.548989201995082166e-02,2.336053646095182790e-01
7.699442855261018348e-02,3.403472178478120225e-02,2.064958282467695139e-01,3.612086666774023680e-01,1.010524486296636715e-01,2.202139061087731720e-01
4.353092926712710808e-02,2.959029747392319387e-02,1.087425776857922216e-01,4.290659027121253577e-01,5.487269961154730979e-02,3.341975932494848922e-01
7.274792799582809055e-02,3.172809368054910206e-02,2.508247156935485833e-01,1.591113667943202248e-01,4.383067098525426086e-01,4.728118598321126576e-02
1.724932807352244080e-01,1.932148412519257147e-02,3.363883899847455727e-01,1.509360588913017942e-01,2.008128870244599296e-01,1.200478992390757033e-01
8.413097002175715100e-02,5.351826520808410093e-02,1.379973749963734619e-01,4.737256833112791776e-01,1.017671381227661792e-01,1.488605683397399293e-01
9.714264992203457127e-02,4.070985633209416726e-02,3.050833215185538294e-01,1.511171032384283075e-01,3.111759494112181779e-01,9.477111957767093975e-02
7.422310894605364806e-02,2.697300551031252963e-02,2.143769689434801007e-01,2.818288740343298793e-01,2.966149336196856612e-01,1.059831089461382714e-01
1.276096877539741881e-01,8.380170872969319729e-02,1.582193679581956891e-01,3.389773350617812375e-01,1.374432839962514141e-01,1.539486165001040796e-01
1.341077432761881294e-01,5.669987617499940014e-02,3.029049806647391430e-01,2.394984848029181601e-01,1.513164408867373745e-01,1.154724741944178207e-01
1.240206977582885839e-01,0.000000000000000000e+00,1.464776981695030122e-01,4.470750955957168982e-01,1.099125249635312107e-01,1.725139835129603227e-01
1.033241437221680964e-01,7.034135208487041213e-02,1.475136826247022692e-01,3.130689822139788303e-01,2.466620612770757948e-01,1.190897780772045972e-01
1.372258703362423948e-01,4.616170857571087055e-02,1.371519677671549642e-01,4.069415178552167611e-01,1.164143664393614691e-01,1.561045690263135610e-01
7.521800077609357149e-02,3.872635731157507422e-02,2.130236776700450696e-01,3.639367076128171563e-01,7.548989201995082166e-02,2.336053646095182790e-01
1.627662462761260698e-01,1.419701697768455118e-02,3.239804525673253832e-01,1.363671927500442194e-01,1.566548066252557159e-01,2.060342848035640329e-01
1.476499050762241361e-01,2.998346807630447586e-02,2.030151358524933669e-01,3.829661496989547054e-01,1.059324461479599355e-01,1.304528951480632415e-01
1.457623534379170749e-01,1.288632912743392991e-02,2.550537476313178842e-01,2.630994304466956479e-01,1.092056881150346437e-01,2.139924512416008506e-01
1.644356405505359719e-01,1.963464954372635962e-02,1.738315323679356372e-01,3.861193660327655874e-01,1.261575884300528971e-01,1.298212230749835050e-01
1.497722439368375513e-01,1.405250363584331814e-02,2.464125647097482885e-01,2.730578830983241834e-01,1.724834722276816501e-01,1.442213323915649548e-01
2.023699290636048753e-01,6.088295802855381994e-02,2.761946017332955194e-01,1.797857640972483351e-01,1.796928815560412396e-01,1.010738655212562592e-01
4.715032444873716588e-02,1.690335178753277559e-02,3.264958227334709417e-01,2.120980298842269629e-01,2.452174622259864767e-01,1.521350089200457778e-01
1.239874342522861300e-01,0.000000000000000000e+00,1.469446762057831091e-01,4.642906108389314168e-01,1.153298841359933491e-01,1.494473945670060366e-01
7.127727636878554429e-02,2.548108931235256759e-03,1.444102357579074847e-01,3.465963531647975882e-01,3.038021197347789415e-01,1.313659060424951786e-01
8.388162584711572611e-02,5.338946255605261926e-02,1.381746088297828579e-01,4.737000029435288195e-01,1.015003225014889932e-01,1.493539773220311506e-01
1.053783379804935083e-01,1.291643556566313134e-02,2.662665626983190537e-01,2.836642499420606311e-01,1.115555816939397538e-01,2.202188321195238940e-01
1.552747527753887413e-01,1.503981001707680419e-02,2.994562461387728636e-01,2.350756927285227449e-01,1.777052792226128941e-01,1.174482191176259155e-01
1.943453743248092225e-01,6.323528647940526715e-02,2.459608927323487515e-01,2.226249895584788974e-01,1.460613970655868787e-01,1.277720598393710105e-01
1.169023134774514194e-01,8.931823218422616775e-04,2.542861694139169071e-01,3.547005848875614542e-01,1.810098088598172672e-01,9.220794103941055975e-02
1.525280349885403119e-01,1.430220908963729734e-02,2.459608927323486960e-01,3.454033008235254387e-01,1.167072092703372033e-01,1.250983530956109036e-01
2.440243145576731151e-02,0.000000000000000000e+00,1.811874456322147553e-01,5.803790820110426019e-01,8.719971085666071431e-02,1.268313300443146552e-01
1.654891501553729938e-01,1.431919229068901074e-02,3.489297188749554968e-01,1.358977745095559519e-01,2.321130150110459200e-01,1.032511491583806978e-01
7.521800077609357149e-02,3.872635731157507422e-02,2.130236776700450696e-01,3.639367076128171563e-01,7.548989201995082166e-02,2.336053646095182790e-01
1.812031861504540542e-01,2.386530834245115598e-02,3.338961367493471499e-01,2.039373355452138992e-01,1.319996801169226741e-01,1.250983530956109036e-01
4.983616116285681519e-02,4.346439742131892603e-02,2.594161331241977564e-01,2.704683026162216786e-01,1.044661425477571293e-01,2.723488631276475558e-01
1.481435412464033041e-01,0.000000000000000000e+00,1.826439473447830919e-01,2.655931701319789173e-01,1.962342857043514188e-01,2.073850555724833233e-01
9.992822671673384782e-02,3.293727356706063064e-02,1.242431219651672775e-01,5.028480022923361714e-01,5.597922599249785525e-02,1.840641494662041133e-01
1.040717611166271095e-01,0.000000000000000000e+00,1.251957231844964546e-01,5.258674885434947432e-01,1.594745906513669043e-01,8.539043650401464958e-02
4.465222512480802874e-02,1.019283328529563097e-02,2.017646653220618591e-01,3.754743580749446696e-01,1.481768493974442991e-01,2.197390687954455524e-01
7.475425124084152106e-02,4.266907707560058799e-02,2.261562710089361217e-01,3.135379470687402192e-01,7.914729587349765561e-02,2.637351577323839291e-01
6.360328150617954035e-02,1.013946553337369966e-02,2.067018446684900923e-01,3.331880373767782677e-01,1.075519266465339990e-01,2.788154442686445189e-01
0.000000000000000000e+00,0.000000000000000000e+00,4.328000000000000180e-01,5.672000000000000375e-01,0.000000000000000000e+00,0.000000000000000000e+00
4.026763153265267708e-02,7.932600038442685908e-02,1.765937290512109292e-01,5.158469037149602254e-01,8.567336413326007150e-02,1.022923711834891752e-01
1.652316037897834933e-01,1.613039609665704172e-02,2.711918136861444228e-01,2.533195714176851854e-01,1.832141816907636722e-01,1.109124333189663442e-01
5.594610334638722843e-02,1.005622540499099930e-02,1.946749230412519738e-01,3.730037406004954037e-01,1.876242748237861580e-01,1.786947327830881727e-01
1.515206589046715624e-01,1.422345086821551197e-02,2.429868866193135857e-01,2.639868511339296675e-01,1.157481527861448090e-01,2.115339996877248496e-01
1.940531646104310115e-01,4.514209931434166184e-02,2.370762471462542487e-01,2.153880327357837465e-01,1.532653107137400272e-01,1.550751454794493667e-01
7.189191630798164034e-02,3.948255380078252025e-02,2.479288895477878563e-01,3.686054234993305645e-01,7.832852038514252768e-02,1.937626964589748979e-01
1.526146241492045141e-01,1.431919229068900727e-02,2.639068590124370450e-01,2.482984768032334422e-01,1.491721742056306144e-01,1.716886735388052643e-01
8.388162584711572611e-02,5.338946255605261926e-02,1.381746088297828579e-01,4.737000029435288195e-01,1.015003225014889932e-01,1.493539773220311506e-01
4.043586147413295168e-02,1.006557925107172055e-02,2.033398441297460668e-01,4.264319082656270465e-01,4.564219556951487622e-02,2.740846113099073555e-01
1.142383974362630797e-02,3.077140369470664476e-03,2.501872290935317489e-01,4.699735744630322842e-01,1.386795387045995087e-01,1.266586776257395963e-01
8.637199394607998626e-02,2.687864245367095617e-02,2.641453993879837592e-01,2.581473801747856123e-01,2.708243922765857792e-01,9.363219176089400408e-02
1.861822495423612056e-01,1.997531752307745573e-02,2.763905673187148082e-01,1.790786154788818751e-01,1.853871551496977521e-01,1.529860949872668963e-01
1.943453743248092225e-01,6.323528647940526715e-02,2.459608927323487515e-01,2.226249895584788974e-01,1.460613970655868787e-01,1.277720598393710105e-01
1.237288106294742451e-01,0.000000000000000000e+00,1.505754285235790524e-01,4.441368514129981904e-01,1.101787135407597540e-01,1.713801958931887581e-01
1.396350874310776091e-01,1.551155476160334147e-02,1.906903712243886440e-01,3.541132330573344977e-01,1.532348501138490748e-01,1.468149034117468554e-01
1.118291665020583331e-01,6.000959830245574528e-02,2.607276153952715614e-01,2.413029608574223384e-01,1.691640592302862123e-01,1.569665997125057055e-01
1.529256990013377060e-01,1.659459281356139709e-02,1.959813703120860395e-01,1.949644333225817316e-01,1.649549305612878214e-01,2.745789739891452141e-01
1.263205282691481635e-01,0.000000000000000000e+00,3.112666592764238849e-01,3.395359451295965614e-01,1.351031718298338069e-01,8.777369549499758339e-02
1.941658539223619084e-01,6.313634731275924450e-02,2.467807785843952884e-01,2.222766661433763224e-01,1.460682088628697528e-01,1.275721451742374835e-01
7.532993809257318429e-02,3.862972778906993698e-02,2.141069823464257782e-01,3.633660124037091377e-01,7.567482628170231485e-02,2.328925130865195925e-01
1.238935709438495208e-01,0.000000000000000000e+00,1.482623997027979479e-01,4.457953898940285042e-01,1.100284591809823076e-01,1.720201802783418443e-01
8.643780160620193054e-02,5.271617894955099581e-02,1.730703995551515773e-01,3.399459005154578106e-01,2.052955471847707491e-01,1.425341721888669089e-01
4.090851660584630262e-02,0.000000000000000000e+00,1.636209597296624796e-01,5.674283902340141461e-01,1.030319228354221878e-01,1.250102105950547660e-01
1.035235588141791563e-01,4.353265625150462559e-02,2.302255609905150269e-01,2.298707487164612095e-01,1.434461180481440834e-01,2.494013571791960926e-01
3.966683913644473286e-02,9.874148797913279846e-03,1.647393905766796063e-01,5.583162722335716088e-01,4.477415748019297759e-02,1.826291917751977634e-01
1.360534253248280312e-01,0.000000000000000000e+00,1.631456940613920659e-01,3.235953585691345724e-01,1.945269253481211602e-01,1.826785966965241426e-01
8.041659723243731184e-02,7.048634386407169085e-03,1.346744908057235790e-01,2.907316812019992147e-01,3.091310757046734081e-01,1.779975206687592348e-01
1.943453743248092225e-01,6.323528647940526715e-02,2.459608927323487515e-01,2.226249895584788974e-01,1.460613970655868787e-01,1.277720598393710105e-01
1.526804267208518862e-01,1.433231985460473382e-02,2.506732463107710918e-01,2.509786258218814625e-01,1.438244072890650926e-01,1.875109740028257366e-01
1.513145987660704794e-01,1.419721634278984894e-02,2.640739716199251852e-01,2.463507463986867596e-01,1.284706465822812727e-01,1.955928202902465218e-01
1.428927463284024035e-01,2.863661084368284218e-02,2.618729596871804399e-01,2.093220112750143747e-01,2.151678703562758532e-01,1.421078015094439928e-01
4.094707164610143085e-02,1.019283328529563271e-02,1.963753511712159061e-01,4.556989855704181025e-01,4.621922679366814030e-02,2.505665315333008847e-01
1.180428059621128900e-02,0.000000000000000000e+00,1.447431515452745621e-01,3.643726781899910283e-01,3.422188138071727281e-01,1.368610758613503509e-01
9.974357171802136768e-02,0.000000000000000000e+00,1.266577448073678558e-01,5.619629983912607374e-01,6.427955855266073715e-02,1.473561265306893575e-01
1.561983832086173418e-01,1.433252303789306521e-02,2.706232489758485515e-01,2.383508504808072304e-01,1.787291877894841008e-01,1.417658065073497953e-01
3.868020754383325044e-02,0.000000000000000000e+00,1.571535139802471004e-01,4.437124444048343719e-01,1.901858161225915000e-01,1.702680179484936940e-01
1.284105964346072271e-01,9.819366040063196629e-04,3.818264376307656249e-01,1.256224228725418279e-01,2.531834923529776571e-01,1.099751141051013986e-01
1.761647695039630229e-02,0.000000000000000000e+00,1.447995590926940690e-01,6.072972301358759983e-01,1.339114962882237692e-01,9.637523753280984040e-02
3.178874394392137981e-02,0.000000000000000000e+00,1.371366701812756772e-01,4.840462309643728256e-01,1.645611234976446513e-01,1.824672314127854245e-01
1.812031861504540542e-01,2.386530834245115598e-02,3.338961367493471499e-01,2.039373355452138992e-01,1.319996801169226741e-01,1.250983530956109036e-01
1.711431734996470555e-01,1.378520606650552628e-02,3.149918514152015292e-01,1.308299230545207914e-01,2.783636776865266449e-01,9.088616827759835037e-02
2.790568890441174482e-02,0.000000000000000000e+00,1.558283198693823923e-01,3.958328968585831942e-01,2.526189198283644854e-01,1.678141745392581763e-01
1.066276805435365099e-01,4.954250283759301793e-02,2.122976105988272910e-01,2.802607199020037965e-01,1.595260075484344897e-01,1.917454785696048603e-01
1.561925072967656480e-01,0.000000000000000000e+00,3.398006187148441826e-01,1.484693341865866989e-01,2.220714215557072491e-01,1.334661182460962492e-01
1.756451661055887653e-02,2.899165509170850349e-02,1.212019732527482158e-01,4.352607226940010121e-01,1.396329365594635996e-01,2.573481957915199070e-01
1.526124626386224648e-01,2.022504152803677666e-02,2.685203226055441483e-01,1.506538982729182241e-01,2.363870122422079278e-01,1.716012627126705659e-01
4.557551972344029562e-02,5.103813825070353805e-02,2.313067664826219116e-01,3.721993567963332583e-01,6.240272800179276491e-02,2.374774907451081829e-01
8.732836021544738980e-02,3.329328604063323815e-02,2.241546853925099891e-01,3.484855229916510311e-01,1.847907047902286604e-01,1.219474405695297053e-01
1.246209425967613332e-01,6.837345292877698710e-02,2.379531959840099353e-01,2.203319835733826837e-01,1.308587591537364869e-01,2.178616657633326015e-01
1.819642130487507392e-02,0.000000000000000000e+00,2.548481290717062309e-01,5.178976658728148275e-01,1.514347810739977152e-01,5.762300267660611097e-02
6.683068457203225621e-02,4.437193143051349625e-02,1.679715794381995142e-01,3.925085615093127367e-01,2.029874670188563379e-01,1.253297760310855824e-01
4.636825606286670148e-02,1.170928120239846798e-02,2.266590932775345291e-01,5.262902180555339982e-01,5.586779911386303282e-02,1.331053522878032636e-01
1.808792573563742789e-01,2.461950205585114460e-02,3.030485426180891673e-01,2.013396886143155595e-01,1.403745114490469736e-01,1.497384979063229038e-01
1.943453743248092225e-01,6.323528647940526715e-02,2.459608927323487515e-01,2.226249895584788974e-01,1.460613970655868787e-01,1.277720598393710105e-01
1.946747456209858285e-01,6.341681304193849678e-02,2.444566243476745393e-01,2.232640686445158951e-01,1.460488992632770489e-01,1.281388490816081638e-01
1.357235499470953455e-01,1.271609012938419714e-02,2.363222315925267158e-01,1.945684618217863593e-01,1.039739180360546300e-01,3.166957484731527384e-01
4.607315813400142401e-02,9.999038996340813695e-03,1.786322570122150510e-01,4.763778461832158806e-01,1.555453954215258450e-01,1.333723042527010794e-01
1.764891086587331848e-01,1.989900622455490625e-02,3.161749935365450459e-01,2.593102526443956113e-01,1.048802672873179603e-01,1.232463716484532429e-01
1.944816196104079686e-01,6.331037540987127787e-02,2.453386482378640265e-01,2.228893462696072691e-01,1.460562273174490222e-01,1.279237831548002691e-01
6.951161201018959956e-02,2.028546724804657433e-02,2.528208731109812257e-01,3.733619060205879414e-01,1.202723609722810977e-01,1.637477806379137035e-01
1.556944972225212664e-01,1.406007923676182332e-02,3.627878265279453895e-01,1.818296310456636866e-01,1.710689837460179497e-01,1.145589822210898723e-01
1.166932048483452881e-02,3.636077842085371631e-02,1.940774774602807562e-01,4.317995478816600841e-01,1.686579538244545873e-01,1.574349219279163881e-01
1.525301927716357919e-01,2.007430445607813127e-02,2.935966366347166900e-01,2.255989662868766177e-01,1.340245394114864819e-01,1.741753604392064225e-01
9.880324978594234864e-02,6.400213291127926536e-03,1.536651721989850672e-01,5.159610274392467666e-01,4.681914524922864418e-02,1.783511920354693969e-01
1.654891501553729938e-01,1.431919229068901074e-02,3.489297188749554968e-01,1.358977745095559519e-01,2.321130150110459200e-01,1.032511491583806978e-01
1.427056108875282003e-01,0.000000000000000000e+00,3.194186683021505990e-01,2.714591602816840976e-01,1.434711896226549266e-01,1.229453709059820654e-01
9.986625160201052787e-02,2.997590057279986286e-02,2.437161584197359010e-01,2.761172613343651494e-01,2.232678779387938794e-01,1.270565501322946378e-01
4.916991780160670511e-02,0.000000000000000000e+00,1.678487334763651417e-01,3.279213797066610758e-01,2.347846265741388716e-01,2.202753424412282057e-01
1.001292807975147220e-01,0.000000000000000000e+00,1.478242311623166605e-01,1.363972763113160680e-01,4.681122163585069718e-01,1.475369953703456471e-01
6.281999999999999806e-01,0.000000000000000000e+00,0.000000000000000000e+00,0.000000000000000000e+00,1.794999999999999929e-01,1.922999999999999987e-01
4.060255298187094575e-02,1.010707327445714392e-02,2.345210115443244758e-01,3.557301810271057407e-01,1.135903368599330693e-01,2.454488443123086783e-01
1.560363909274424254e-01,1.430220908963729734e-02,2.716794052199457687e-01,2.378467274224251859e-01,1.786693020622376338e-01,1.414659652783115396e-01
1.510483941938232377e-01,1.714746094600092322e-02,2.375088260079920299e-01,3.275926421509607334e-01,1.085563672754565751e-01,1.581463094257665458e-01
1.627874552054298651e-01,4.553020425483080696e-02,2.424436118057743395e-01,2.571050285305899741e-01,1.979428328455002661e-01,9.419086735787471354e-02
1.667878042885941325e-01,1.430220908963729907e-02,3.172880324256734386e-01,2.039373355452139547e-01,1.499941509003239470e-01,1.476904677505572749e-01
4.005750587616509900e-02,6.763916455491798818e-02,1.400960542738306225e-01,2.568433252654322430e-01,2.686664526279433085e-01,2.266974974017106625e-01
7.521800077609357149e-02,3.872635731157507422e-02,2.130236776700450696e-01,3.639367076128171563e-01,7.548989201995082166e-02,2.336053646095182790e-01
1.588504757746902196e-01,1.424879753684324402e-02,2.924150906509681569e-01,2.031757322365303486e-01,1.934869650148254294e-01,1.378229387861425181e-01
7.541197972429802832e-02,3.855890561869425304e-02,2.149009631751660210e-01,3.629477357499062418e-01,7.581036918261406521e-02,2.323700465493214462e-01
6.272457957624934244e-02,4.569315916662713972e-02,1.603135112116019223e-01,5.481479573686088846e-01,9.520281986818375508e-02,8.791797280872902520e-02
1.943453743248092225e-01,6.323528647940526715e-02,2.459608927323487515e-01,2.226249895584788974e-01,1.460613970655868787e-01,1.277720598393710105e-01
5.590368002185511914e-02,4.150302814502047216e-03,2.223750044648886148e-01,4.141956691181115091e-01,1.491190730480116688e-01,1.542562705326309125e-01
4.053717796495991121e-02,1.009079966509731502e-02,1.740539905564175704e-01,4.434686256408044702e-01,4.575655710207920945e-02,2.860928490706414751e-01
6.139349110838146495e-02,0.000000000000000000e+00,2.346034118289266057e-01,4.203177433702378618e-01,8.432224310822036828e-02,1.993631105842336437e-01
9.900141430591864744e-02,2.757182245460649411e-02,1.891455592222745785e-01,3.462620894584207965e-01,2.007314390205574284e-01,1.372876755382219927e-01
1.480405289446294070e-01,0.000000000000000000e+00,4.033955149026556830e-01,1.344236093333834592e-01,1.888493209145426788e-01,1.252910259047887165e-01
0.000000000000000000e+00,0.000000000000000000e+00,3.309999999999999748e-02,4.966999999999999749e-01,9.270000000000000462e-02,3.775000000000000022e-01
4.429214495414007108e-02,1.007744108406076478e-02,2.686459218816458216e-01,2.738929996094179309e-01,1.436889054205066074e-01,2.594025870502287279e-01
1.522567391062495945e-01,1.424899835889341208e-02,2.479104712689319812e-01,3.298833388607905204e-01,1.168326177560971707e-01,1.388678346490373749e-01
1.655691030187532164e-01,1.433252303789306521e-02,3.485377362322878980e-01,1.360242913438021450e-01,2.321890734234056952e-01,1.033472729438579957e-01
3.637188070030801523e-02,1.727375843272315262e-02,2.181178348229252106e-01,3.601047841897667134e-01,2.052044409851269402e-01,1.629273008691499158e-01
2.809203299234546217e-02,2.919764668497747476e-02,1.629926042286675425e-01,5.096238692954520033e-01,1.673559573031027925e-01,1.027378894954548011e-01
1.295134399179936613e-01,0.000000000000000000e+00,2.102439413713891314e-01,3.684649068622191659e-01,1.562934665450761984e-01,1.354842453033217597e-01
1.752954513257690833e-02,0.000000000000000000e+00,1.237524888771232845e-01,6.194475663475492722e-01,1.332506848313116110e-01,1.060197148114388338e-01
4.468370374262459199e-02,1.091499313751752645e-02,2.347228180787950258e-01,4.547903275895615605e-01,1.145425435725749425e-01,1.403456138789263286e-01
3.176187008680162599e-02,0.000000000000000000e+00,1.370207363373077691e-01,4.843274528294198022e-01,1.644220053202123111e-01,1.824679354262584430e-01
1.355286489155807517e-01,0.000000000000000000e+00,1.961747269224695667e-01,4.166320484339474106e-01,8.123941610072345221e-02,1.704251596272788605e-01
8.388162584711572611e-02,5.338946255605261926e-02,1.381746088297828579e-01,4.737000029435288195e-01,1.015003225014889932e-01,1.493539773220311506e-01
1.059751098645627804e-01,2.015348508036101174e-02,3.242156270152024011e-01,2.394035286004128626e-01,1.361208025594687065e-01,1.741314468799923521e-01
3.293321168299145202e-02,4.038596853508814172e-03,2.178741014103552920e-01,4.849745397797564639e-01,1.213359468622811355e-01,1.388436034111068251e-01
1.526124626386224370e-01,1.431898948518569789e-02,2.301663923128805800e-01,3.800268307284893066e-01,1.065530096599157928e-01,1.163223151749061685e-01
9.644190711409957040e-02,2.628875948695967579e-02,1.864816200785615330e-01,3.170150540421429741e-01,1.985474705315396771e-01,1.752251887466965141e-01
5.657863163787214128e-02,1.239651816201833671e-02,2.000386489505338317e-01,3.841355763985770388e-01,2.074677763478769144e-01,1.393828485031216868e-01
2.024602461172675671e-01,6.029880928467587498e-02,2.751314979816346651e-01,1.811155888744990783e-01,1.791723772391491387e-01,1.018214805027737591e-01
8.388162584711572611e-02,5.338946255605261926e-02,1.381746088297828579e-01,4.737000029435288195e-01,1.015003225014889932e-01,1.493539773220311506e-01
6.217190324386318717e-02,1.007730266159370669e-02,1.738566506674187051e-01,3.697695501186937239e-01,4.569535517239906031e-02,3.384292381360316515e-01
9.374280948874193220e-02,2.380694994834074013e-02,1.848671876602054898e-01,4.360348644384531847e-01,1.380132579630891365e-01,1.235349305011694543e-01
1.039699317796942968e-01,0.000000000000000000e+00,2.290864341579083585e-01,4.000427206195328322e-01,1.290308163697971577e-01,1.378700970730671604e-01
1.526804267208518862e-01,1.433231985460473382e-02,3.013538036601399184e-01,2.595553355271593143e-01,1.462485682140278742e-01,1.258295460232162488e-01
8.297470188894059961e-02,5.282729940807197322e-02,1.369772193868950827e-01,4.157473973739467255e-01,1.004205089480932483e-01,2.110528729940524262e-01
1.355286489155807239e-01,0.000000000000000000e+00,2.566138575574391512e-01,4.060487522329829235e-01,1.039883453824731602e-01,9.782039591152381919e-02
1.510505103153317874e-01,1.416366494060322667e-02,3.550342596195870670e-01,2.057875399670258676e-01,1.055738518685967881e-01,1.683901732888551384e-01
7.887439769265115752e-02,4.210484508183075236e-02,2.150713855437639821e-01,3.557301810271056297e-01,7.845552860085616698e-02,2.297636620537922281e-01
2.024602461172675671e-01,6.029880928467587498e-02,2.751314979816346651e-01,1.811155888744990783e-01,1.791723772391491387e-01,1.018214805027737591e-01
4.429153656279104234e-02,1.007730266159370669e-02,2.017759942221888370e-01,3.948473492132292817e-01,1.129597802383469629e-01,2.360480371018502110e-01
1.943453743248092225e-01,6.323528647940526715e-02,2.459608927323487515e-01,2.226249895584788974e-01,1.460613970655868787e-01,1.277720598393710105e-01
8.784411205874370632e-02,8.637266246660665892e-02,1.309447277818254485e-01,3.886626951813597630e-01,1.111730167573822398e-01,1.950027857540822251e-01
4.013836664622973810e-02,4.527235008909192421e-02,1.724491324859250274e-01,3.692351499311390395e-01,1.335009630598980035e-01,2.394040377877162673e-01
1.680049764181624494e-01,1.427962988132615470e-02,3.417347130591487092e-01,1.355223033742081751e-01,2.194416919820878220e-01,1.210166852850667607e-01
1.752954513257691180e-02,0.000000000000000000e+00,1.440850184426640535e-01,6.089829332330416456e-01,1.332506848313116388e-01,9.615181836040585794e-02
1.941658539223619084e-01,6.313634731275924450e-02,2.467807785843952884e-01,2.222766661433763224e-01,1.460682088628697528e-01,1.275721451742374835e-01
1.939184988974354817e-01,6.300002241765929878e-02,2.479104712689319812e-01,2.217967232185020787e-01,1.460775946054580221e-01,1.272966895920131514e-01
3.642521527985977808e-02,1.488094531780917093e-02,1.813057534949322203e-01,4.235401451285281116e-01,1.935962054305309099e-01,1.502517353483399098e-01
7.649399000982244623e-02,8.035995640685850150e-02,2.330981006834830505e-01,2.328626379100765531e-01,2.521785722215757475e-01,1.250067427681837429e-01
2.411587771870253236e-02,0.000000000000000000e+00,1.682276738586384879e-01,5.264808057921438467e-01,2.093893475055379205e-01,7.178629512497723686e-02
2.024602461172675671e-01,6.029880928467587498e-02,2.751314979816346651e-01,1.811155888744990783e-01,1.791723772391491387e-01,1.018214805027737591e-01
2.790568890441174482e-02,0.000000000000000000e+00,1.558283198693823923e-01,3.958328968585831942e-01,2.526189198283644854e-01,1.678141745392581763e-01
1.526825912072350966e-01,1.433252303789306521e-02,2.448502253528123118e-01,3.461353931683452401e-01,1.166357645392648718e-01,1.253635026944494024e-01
1.653872912323388067e-01,1.430220908963729734e-02,3.494290997369057794e-01,1.357365936845399135e-01,2.320161175686889510e-01,1.031286886878891307e-01
1.941658539223619084e-01,6.313634731275924450e-02,2.467807785843952884e-01,2.222766661433763224e-01,1.460682088628697528e-01,1.275721451742374835e-01
1.939184988974354817e-01,6.300002241765929878e-02,2.479104712689319812e-01,2.217967232185020787e-01,1.460775946054580221e-01,1.272966895920131514e-01
9.974357171802135380e-02,0.000000000000000000e+00,1.161411890272267683e-01,6.460675122133184844e-01,4.775753267230629928e-02,9.029019436912705254e-02
1.526804267208518862e-01,1.433231985460473382e-02,3.013538036601399184e-01,2.595553355271593143e-01,1.462485682140278742e-01,1.258295460232162488e-01
9.107064756549290707e-02,5.522171645660049755e-02,2.213047034423682446e-01,2.744324719309671479e-01,1.181757874602323982e-01,2.397946731443389712e-01
1.451725979485272988e-01,4.211581208368471614e-03,2.289170678539578785e-01,4.031025301118615345e-01,9.256460206668175317e-02,1.260316208106029012e-01
1.943453743248092225e-01,6.323528647940526715e-02,2.459608927323487515e-01,2.226249895584788974e-01,1.460613970655868787e-01,1.277720598393710105e-01
1.943453743248092225e-01,6.323528647940526715e-02,2.459608927323487515e-01,2.226249895584788974e-01,1.460613970655868787e-01,1.277720598393710105e-01
1.655691030187532164e-01,1.433252303789306521e-02,3.485377362322878980e-01,1.360242913438021450e-01,2.321890734234056952e-01,1.033472729438579957e-01
4.402857142857143080e-02,2.992857142857142591e-02,1.975142857142856978e-01,3.460857142857142743e-01,1.654428571428571415e-01,2.170000000000000262e-01
2.726999999999999980e-01,2.172000000000000042e-01,2.172000000000000042e-01,0.000000000000000000e+00,2.172000000000000042e-01,7.580000000000000626e-02
1.943453743248092225e-01,6.323528647940526715e-02,2.459608927323487515e-01,2.226249895584788974e-01,1.460613970655868787e-01,1.277720598393710105e-01
0.000000000000000000e+00,0.000000000000000000e+00,0.000000000000000000e+00,1.000000000000000000e+00,0.000000000000000000e+00,0.000000000000000000e+00
1.510526264961330745e-01,1.416386337009386924e-02,2.645495881503853175e-01,2.918269985093310259e-01,1.155782967547099027e-01,1.628286267193468084e-01
1.828915665070565341e-02,0.000000000000000000e+00,1.575526654873571908e-01,6.245072044010088197e-01,9.892983094538812527e-02,1.007211425155401241e-01
1.480405289446294070e-01,0.000000000000000000e+00,2.497459979241279937e-01,3.666658118038282899e-01,1.283271747633997206e-01,1.072204865640145055e-01
4.649999999999999967e-02,0.000000000000000000e+00,3.952999999999999847e-01,0.000000000000000000e+00,5.000000000000000000e-01,5.809999999999999887e-02
1.747495354035534243e-01,3.091825326029710996e-02,2.984471522615256278e-01,2.041766097116093082e-01,1.664633217492683948e-01,1.252451276137458713e-01
1.943453743248092225e-01,6.323528647940526715e-02,2.459608927323487515e-01,2.226249895584788974e-01,1.460613970655868787e-01,1.277720598393710105e-01
1.902713127700822182e-01,3.088467220969425345e-02,2.519686943273314328e-01,2.521988139052525613e-01,1.759930984777482998e-01,9.868340830989125179e-02
1.316986377891323778e-01,1.235673271442655485e-02,2.117147419526782814e-01,4.354703696158193638e-01,1.006778291112529755e-01,1.080816888166904188e-01
6.654128909872027153e-02,3.266899987565455993e-02,1.415206311767717995e-01,4.502997079776896450e-01,1.156437899365097416e-01,1.933255819346541005e-01
4.709175202252031955e-02,1.959056977183380732e-02,1.934123132523085931e-01,3.419486108102834376e-01,2.102773672180753839e-01,1.876793869249783198e-01
1.465262721012922098e-01,5.941470412823881414e-02,2.014701670227715680e-01,3.113095854205103485e-01,9.978018371055172309e-02,1.814990876166353295e-01
1.432588281757349591e-01,0.000000000000000000e+00,2.223599985808883683e-01,3.739831306598265792e-01,1.028500234959124487e-01,1.575480190876377418e-01
1.761514709605407070e-01,4.088375070656421334e-02,2.481624297937179424e-01,2.204820071358684352e-01,1.664981944636857725e-01,1.478221469396228949e-01
0.000000000000000000e+00,1.474000000000000032e-01,0.000000000000000000e+00,6.320000000000000617e-02,0.000000000000000000e+00,7.894999999999999796e-01
1.154062720318601090e-02,0.000000000000000000e+00,1.219150583101330926e-01,6.455546436433148294e-01,3.797595752561059440e-02,1.830137133177555664e-01
3.120400856233637721e-02,4.277195138849731321e-02,1.309731329014311163e-01,3.698592532370942321e-01,7.550820857642126516e-02,3.496834453342197446e-01
1.757081223413243520e-01,9.591067497081336157e-02,3.105554537315657893e-01,1.405225910505116249e-01,1.998503375781179314e-01,7.745282032766684366e-02
3.442123037455680629e-02,0.000000000000000000e+00,1.746364366520828659e-01,5.143187350265141511e-01,1.013890804037178572e-01,1.752345175431284374e-01
1.943453743248092225e-01,6.323528647940526715e-02,2.459608927323487515e-01,2.226249895584788974e-01,1.460613970655868787e-01,1.277720598393710105e-01
1.171512835915173960e-02,0.000000000000000000e+00,1.839170869824613974e-01,6.326219206140061280e-01,6.127128818688094836e-02,1.104745758574996739e-01
1.707442556413868787e-02,0.000000000000000000e+00,2.538841896495285244e-01,3.773490488180608615e-01,2.094736069612400109e-01,1.422187290070320020e-01
1.939184988974354817e-01,6.300002241765929878e-02,2.479104712689319812e-01,2.217967232185020787e-01,1.460775946054580221e-01,1.272966895920131514e-01
1.490407218179446436e-01,1.657453073397185603e-02,2.265265311262267545e-01,3.678046866432319040e-01,1.043141531228049673e-01,1.357393765558198018e-01
8.152973613908770512e-02,6.258660838011970151e-02,1.332019028843269004e-01,3.987056957956542358e-01,1.088158402262889290e-01,2.151602165745225004e-01
6.328594000509567274e-02,1.861607032452298680e-02,2.025237206748454755e-01,3.756205118114251396e-01,8.081462304430772625e-02,2.591391341398030512e-01
3.435653112063771081e-02,0.000000000000000000e+00,1.445263249576802245e-01,5.882009574884883296e-01,8.840402283851277188e-02,1.445121635946809424e-01
1.513145987660704794e-01,1.419721634278984894e-02,2.432487667998886050e-01,3.223713987510044010e-01,1.156733704489792958e-01,1.531946488912674098e-01
6.278180209063755068e-02,1.022605601882520081e-02,1.763416917906754366e-01,3.436340884400176932e-01,4.636987470605220818e-02,3.606464869537919782e-01
1.943453743248092225e-01,6.323528647940526715e-02,2.459608927323487515e-01,2.226249895584788974e-01,1.460613970655868787e-01,1.277720598393710105e-01
5.754477830523693077e-02,2.313090113329592523e-02,2.270539037332733323e-01,3.635992307376896826e-01,1.159544292995021708e-01,2.127167567910018542e-01
1.846578046112763993e-01,4.591139290610144613e-02,2.306252999406590010e-01,3.028711901087287606e-01,1.370626768812378271e-01,9.887163555199644793e-02
2.401143080817106853e-02,0.000000000000000000e+00,2.704368998728310935e-01,3.499274172365631763e-01,2.248345270856702827e-01,1.307897249967645004e-01
8.388162584711572611e-02,5.338946255605261926e-02,1.381746088297828579e-01,4.737000029435288195e-01,1.015003225014889932e-01,1.493539773220311506e-01
1.239461572795563238e-01,0.000000000000000000e+00,1.581890386395732595e-01,4.144292297982380968e-01,1.267355616049105071e-01,1.767000126777218405e-01
3.451541516031837731e-02,0.000000000000000000e+00,2.145902893288199054e-01,3.059949626183896543e-01,2.935084995870141933e-01,1.513908333054578004e-01
1.525280349885403397e-01,1.430220908963729907e-02,2.459608927323487515e-01,3.095841184150570080e-01,1.220829159509130568e-01,1.555418288235035640e-01
9.900141430591864744e-02,2.757182245460649411e-02,1.891455592222745785e-01,3.462620894584207965e-01,2.007314390205574284e-01,1.372876755382219927e-01
1.676188221436497039e-01,3.484497504980123284e-02,3.431555131660559144e-01,1.461269933087020745e-01,1.476811474875141805e-01,1.605725488442767968e-01
1.946747456209858285e-01,6.341681304193849678e-02,2.444566243476745393e-01,2.232640686445158951e-01,1.460488992632770489e-01,1.281388490816081638e-01
1.525280349885403397e-01,1.430220908963729907e-02,2.668554158039553870e-01,2.103740369653771536e-01,1.858274799053202531e-01,1.701128232471696422e-01
7.541197972429802832e-02,3.855890561869425304e-02,2.149009631751660210e-01,3.629477357499062418e-01,7.581036918261406521e-02,2.323700465493214462e-01
3.960025737299518317e-02,9.857574796711246479e-03,1.644628714646709788e-01,5.333712445889050580e-01,4.469900295750101060e-02,2.080090488192165299e-01
9.742195278252749335e-02,2.723984221655164489e-02,3.628112241075322486e-01,1.659271113237647255e-01,2.371511925098565843e-01,1.094486770597672270e-01
2.437363211487339129e-02,3.668102209694289184e-02,2.470392275691520312e-01,3.752690457874176544e-01,2.162549034597066322e-01,1.003821689719073401e-01
1.264285733650907517e-01,1.183186074370923616e-02,2.058560257416669759e-01,4.075917803053989985e-01,9.701364466438937295e-02,1.512781151797446544e-01
1.653872912323388067e-01,1.430220908963729734e-02,3.494290997369057794e-01,1.357365936845399135e-01,2.320161175686889510e-01,1.031286886878891307e-01
7.381129054243133758e-02,4.463077781373385455e-02,3.822429777742173962e-01,2.473038860513936399e-01,1.616418215922694746e-01,9.036924622595413070e-02
9.900141430591867520e-02,2.757182245460649758e-02,1.891455592222746340e-01,3.462620894584208520e-01,2.007314390205574839e-01,1.372876755382219927e-01
1.044139548232838055e-01,0.000000000000000000e+00,1.247889833678219595e-01,5.262142444952061515e-01,1.591508729899015206e-01,8.543194432378647951e-02
1.943453743248092225e-01,6.323528647940526715e-02,2.459608927323487515e-01,2.226249895584788974e-01,1.460613970655868787e-01,1.277720598393710105e-01
2.012802474750956250e-01,4.364455502992780483e-02,2.327827268715791098e-01,2.144318735512891760e-01,2.092390746647548039e-01,9.862152240735354292e-02
1.497303145419034420e-01,0.000000000000000000e+00,3.221678138184245199e-01,2.599136904305019424e-01,1.692991775749533301e-01,9.888900363421684880e-02
6.288883137827531999e-02,1.009095400768535676e-02,2.056109796978178583e-01,4.471396208534193506e-01,1.059331160709563180e-01,1.683364979918457738e-01
1.644356405505359719e-01,1.963464954372635962e-02,1.738315323679356372e-01,3.861193660327655874e-01,1.261575884300528971e-01,1.298212230749835050e-01
2.419117577674420594e-02,6.451969143019162592e-03,2.225029637104353752e-01,4.899179419081502451e-01,9.741685396568919297e-02,1.595190954959617713e-01
1.368224387841024126e-01,0.000000000000000000e+00,2.118988727696972107e-01,3.580931144267954780e-01,1.743546904201163650e-01,1.188308835992886170e-01
1.527373632156233951e-01,1.434326576854581987e-02,2.444566243476745393e-01,3.313422077392558229e-01,1.166104457818402662e-01,1.405100931470601167e-01
1.935557632136253869e-01,6.280010772395487606e-02,2.495671178179258154e-01,2.210929072151852359e-01,1.460913584000557985e-01,1.268927456292529010e-01
