1.933416101800335962e-01,5.158800816627193142e-02,2.347169001339093064e-01,2.668673273509131194e-01,1.451147497798667696e-01,1.083714043890052769e-01
1.119219789089714312e-01,1.822904885604146805e-02,3.577046065492191507e-01,2.284583643857339419e-01,1.868287026564981745e-01,9.685729864353589957e-02
1.697405126585609658e-01,0.000000000000000000e+00,3.038317806200325766e-01,2.474998684141270500e-01,1.023343333859676740e-01,1.765935049213116503e-01
2.352185362631102339e-01,0.000000000000000000e+00,3.324302784015321643e-01,2.326124045807310137e-01,1.139182583767436169e-01,8.582052237788304061e-02
9.659370288172569596e-02,2.545470351715108104e-02,3.224845358467602341e-01,9.019422308129299015e-02,3.200589144100355332e-01,1.452139202630344239e-01
1.990049751243781057e-02,5.000125003125078377e-02,1.924798119952998710e-01,3.808095202380059607e-01,3.760094002350058973e-02,3.192079801995050259e-01
1.127182543650872976e-01,4.388887777755554054e-02,3.835356707134142673e-01,1.960119202384047465e-01,1.837556751135022426e-01,8.008960179203583607e-02
4.410000000000000031e-02,2.302941176470588158e-02,2.153117647058823692e-01,5.991558823529411493e-01,6.858529411764706374e-02,4.981764705882352900e-02
1.678066666666666595e-01,1.111999999999999968e-02,2.719733333333333447e-01,2.683366666666666678e-01,8.199000000000000732e-02,1.987733333333333297e-01
7.586182068369641540e-02,1.892845428290278881e-02,3.588326119826876215e-01,3.848252358056593603e-01,6.636559277422658665e-02,9.518628447082728983e-02
3.169548752470453118e-02,1.284240942548639346e-02,2.369029792810882495e-01,5.486261516720132292e-01,3.562189630807045815e-02,1.343110757886371021e-01
2.649999999999999925e-02,4.420000000000000318e-02,2.477999999999999925e-01,2.649999999999999925e-02,5.574999999999999956e-01,9.729999999999999760e-02
4.691022812674245507e-02,1.126603069165312832e-01,2.388179107372299659e-01,5.818322868433172673e-02,3.533964459744478037e-01,1.900318795607166267e-01
2.495058707263700382e-02,1.556507211934398359e-02,2.091902162403821153e-01,1.952928304195392928e-01,3.973034659639050337e-01,1.576978281841925622e-01
1.231930017553509310e-01,5.613438566665175655e-02,3.488727067932344550e-01,2.272613630681534491e-01,2.138922735610464809e-01,3.064626915556304190e-02
2.414048280965618715e-02,0.000000000000000000e+00,1.704234084681693351e-01,4.701894037880757216e-01,1.835036700734014314e-01,1.517430348606971791e-01
6.099188026995847056e-02,0.000000000000000000e+00,2.614435997063336292e-01,4.055230750093295478e-01,1.470624821641556557e-01,1.249789628502228356e-01
3.017575439385984659e-02,0.000000000000000000e+00,2.130303257581439569e-01,4.343358583964598840e-01,2.293807345183629387e-01,9.307732693317331829e-02
2.345478495958509546e-01,0.000000000000000000e+00,3.343161190653535786e-01,2.316098375127590148e-01,1.140755607051229248e-01,8.545063312091369379e-02
4.942072773445904676e-02,3.260774039874782260e-02,3.868168966280081666e-01,2.326180439598403982e-01,2.759657315679898693e-01,2.257085971095481106e-02
1.905051955962435706e-01,1.714410393010718237e-01,2.247879487622390371e-01,1.230215369510077594e-01,1.878596689000609221e-01,1.023846104893769982e-01
7.204219148074954282e-02,1.770518345674896785e-02,3.705540608109716971e-01,3.305007262077668262e-01,8.507583513893188232e-02,1.241220029048310663e-01
2.054246561201579502e-02,0.000000000000000000e+00,1.986889984257658170e-01,6.455166584944126429e-01,3.881390487496451380e-02,9.643797259284110635e-02
7.215670081808563119e-02,1.796175385171230182e-02,2.996722496064414543e-01,3.741870757955043647e-01,8.144726315517819559e-02,1.545749567730780039e-01
9.553860949641268530e-02,0.000000000000000000e+00,3.638571623105271158e-01,3.032343378979888704e-01,1.009334280875256451e-01,1.364364622075457389e-01
7.169414600374368618e-02,1.784661145157567796e-02,2.977512243903689959e-01,3.764276007077104746e-01,8.092515192697247173e-02,1.553552655196286936e-01
1.317782944573614445e-01,5.825145628640714807e-02,3.435335883397084844e-01,2.041801045026125638e-01,1.729543238580964482e-01,8.930223255581387631e-02
1.910445850700416906e-02,0.000000000000000000e+00,1.847804347304335404e-01,3.729649511588277733e-01,3.609686632479179591e-02,3.870532892789427248e-01
9.868703938881832893e-02,5.510168028292484338e-02,2.061671483188837750e-01,5.592832215033548965e-02,5.472302497591738923e-01,3.688556009986367762e-02
8.959999999999999909e-02,3.255000000000000254e-02,4.514249999999999652e-01,3.529999999999999805e-02,2.696750000000000536e-01,1.214500000000000024e-01
7.705192629815746375e-02,5.237630940773519567e-02,1.924798119952998710e-01,4.017600440011000473e-01,9.712742818570463399e-02,1.792044801120027953e-01
9.717257068573285916e-02,5.219869503262417748e-02,2.537186570335741576e-01,9.439764005899851929e-02,4.294392640183995469e-01,7.307317317067073270e-02
1.206984890506994229e-01,4.991139977447215520e-02,2.839836319583359248e-01,8.056165961149719390e-02,3.683703922155439070e-01,9.647442738945155583e-02
9.657741443536088655e-02,5.332633315832895765e-02,2.291557288932223602e-01,3.208080202005050285e-01,1.009275231880797236e-01,1.992049801245031337e-01
1.223545454545454242e-01,4.120606060606059329e-02,3.738818181818181485e-01,2.426757575757575169e-01,1.272181818181817858e-01,9.266363636363633693e-02
6.099188026995847056e-02,0.000000000000000000e+00,2.614435997063336292e-01,4.055230750093295478e-01,1.470624821641556557e-01,1.249789628502228356e-01
1.201028990354939679e-01,6.751542278606725844e-02,2.239295431269030801e-01,2.747824947498732628e-01,1.914494487797981648e-01,1.222201915218643353e-01
2.107114600092355530e-02,5.294257789176772672e-02,2.129791670955995808e-01,4.818245188843234272e-01,6.120162004288349361e-02,1.699809700845022475e-01
7.169414600374368618e-02,1.784661145157567796e-02,2.977512243903689959e-01,3.764276007077104746e-01,8.092515192697247173e-02,1.553552655196286936e-01
4.142756720030824069e-02,0.000000000000000000e+00,3.715304228641346240e-01,2.285001661808695184e-01,1.263209908497577860e-01,2.322208529049298309e-01
4.022098432081647190e-02,5.144858790045973851e-02,2.361634786651206075e-01,4.754676591500644478e-01,1.014646698073684850e-01,9.523462015617017995e-02
3.698478337252358167e-02,0.000000000000000000e+00,3.254547420200545882e-01,4.261736803697397380e-01,1.163247655342036224e-01,9.506202870347846279e-02
1.334668924504653353e-01,3.496093229152776732e-02,3.058948238619696447e-01,2.807174857996212469e-01,1.728079415451078404e-01,7.215192405130801956e-02
2.030335186686947971e-02,0.000000000000000000e+00,2.298637576585961517e-01,4.745319415029614074e-01,1.491406460974510628e-01,1.261603028741218879e-01
1.140622016964098900e-01,8.317045010318463438e-02,2.875896615362236730e-01,2.938261952598706928e-01,1.708273862014418332e-01,5.052410520286916562e-02
3.345326633165828650e-02,4.353015075376884431e-03,3.193758793969848631e-01,3.096334170854271317e-01,1.544173366834170891e-01,1.787670854271356524e-01
6.104219032946837237e-02,0.000000000000000000e+00,2.628179139976756229e-01,4.044271466796400816e-01,1.470715424741209088e-01,1.246412065190951185e-01
1.197303846436033742e-01,4.353133200599413298e-03,2.127673313748211781e-01,3.543490627383858449e-01,1.855718697894314650e-01,1.232282182531586057e-01
7.705192629815746375e-02,5.237630940773519567e-02,1.924798119952998987e-01,4.017600440010999918e-01,9.712742818570464787e-02,1.792044801120028230e-01
2.858328930485319608e-02,0.000000000000000000e+00,4.624235791380481575e-01,2.698071552570004972e-01,1.361102724733942171e-01,1.030757038267038767e-01
2.958846153846153917e-02,1.642307692307692479e-03,3.329307692307692523e-01,3.884307692307692461e-01,1.693999999999999950e-01,7.800769230769229179e-02
2.345478495958509546e-01,0.000000000000000000e+00,3.343161190653535786e-01,2.316098375127590148e-01,1.140755607051229248e-01,8.545063312091369379e-02
2.806029090104428247e-02,1.557486574125296853e-03,3.323063567580448741e-01,4.235193238976314722e-01,1.606509102360060282e-01,5.390563163314807810e-02
1.735978923556512343e-01,0.000000000000000000e+00,2.123920659880272899e-01,4.729958067808768263e-01,8.481958122982705128e-02,5.619465364561782028e-02
2.036331161959957503e-02,0.000000000000000000e+00,2.049633827842107792e-01,5.244203921495667053e-01,4.113593603557300776e-02,2.091169774110500923e-01
1.960464629996090669e-01,0.000000000000000000e+00,3.201710391141362466e-01,2.326180439598403704e-01,1.947251828124479112e-01,5.643927111396647434e-02
7.169414600374368618e-02,1.784661145157567796e-02,2.977512243903689959e-01,3.764276007077104746e-01,8.092515192697247173e-02,1.553552655196286936e-01
2.345478495958509546e-01,0.000000000000000000e+00,3.343161190653535786e-01,2.316098375127590148e-01,1.140755607051229248e-01,8.545063312091369379e-02
8.439295498072679758e-02,7.616548279958301748e-02,3.147015685228732873e-01,2.572850250915173498e-01,1.263121530218914434e-01,1.411428155834080767e-01
2.320819313395609262e-01,0.000000000000000000e+00,1.811572036989105572e-01,1.328443022188757205e-01,2.020224005270712109e-01,2.518941622155815296e-01
2.122723272620603494e-02,5.333475559348250378e-02,2.053121416571108693e-01,4.886796981252833905e-01,4.010773620629883712e-02,1.913384356916184859e-01
3.017575439385984312e-02,0.000000000000000000e+00,2.130303257581439291e-01,4.509862746568664704e-01,2.293807345183629109e-01,7.642691067276681516e-02
7.622690567264181483e-02,1.740043501087526825e-02,3.346083652091302318e-01,2.295057376434410656e-01,2.529563239080976911e-01,8.930223255581387631e-02
6.990174754368858046e-02,1.740043501087526825e-02,3.253081327033175429e-01,3.541838545963648666e-01,7.890197254931370641e-02,1.543038575964398862e-01
1.096468554285278535e-01,1.769536513640177292e-02,3.486190326872716794e-01,2.076408722255650430e-01,1.840555268354280294e-01,1.323423476868055837e-01
0.000000000000000000e+00,0.000000000000000000e+00,4.328000000000000180e-01,5.672000000000000375e-01,0.000000000000000000e+00,0.000000000000000000e+00
4.801750742460854371e-02,1.382709790250448156e-01,1.969562012051471189e-01,4.119361192960749318e-01,3.847540285914290842e-02,1.663437901899816052e-01
1.745802936176336362e-01,0.000000000000000000e+00,2.065640785484488540e-01,4.355238799089731216e-01,8.413396456978114446e-02,9.919778335516317436e-02
9.572428595819411357e-02,1.697602380545866832e-02,3.038586306983097618e-01,2.817556525768921682e-01,1.457694090099758699e-01,1.559159979511695604e-01
1.697360456854127564e-01,0.000000000000000000e+00,2.026105950156583124e-01,3.358114687228611062e-01,8.209426563856943304e-02,2.097476249374983226e-01
2.436335815320850862e-01,6.133159835176749813e-02,1.855225427118725456e-01,2.391147979469384621e-01,1.538404539868430398e-01,1.165570254704932363e-01
1.921425689585611052e-02,0.000000000000000000e+00,3.384529971413103300e-01,4.154514074477659857e-01,3.630432458714521332e-02,1.905770139279224507e-01
1.740047455839704438e-01,0.000000000000000000e+00,2.417611389401528865e-01,3.081296156561845190e-01,1.401735198838756080e-01,1.359309799358164039e-01
7.705192629815746375e-02,5.237630940773519567e-02,1.924798119952998987e-01,4.017600440010999918e-01,9.712742818570464787e-02,1.792044801120028230e-01
6.990174754368860821e-02,1.740043501087527172e-02,3.253081327033175985e-01,3.541838545963649776e-01,7.890197254931374804e-02,1.543038575964399417e-01
1.949435496379503530e-02,5.465439969958448517e-03,3.170955207066296078e-01,3.457309158591638787e-01,1.861127211278643945e-01,1.261010473725887038e-01
8.002368421052630243e-02,2.947368421052631166e-02,1.843631578947368399e-01,2.432184210526315560e-01,3.639710526315789174e-01,9.894999999999999629e-02
1.102500000000000147e-01,3.410000000000000531e-02,3.527750000000000052e-01,7.955000000000000959e-02,2.456000000000000127e-01,1.777250000000000218e-01
2.345478495958509546e-01,0.000000000000000000e+00,3.343161190653535786e-01,2.316098375127590148e-01,1.140755607051229248e-01,8.545063312091369379e-02
6.143508862157965461e-02,0.000000000000000000e+00,2.735506728763678619e-01,3.958684533843823128e-01,1.471422993037896088e-01,1.220034858138803746e-01
8.954422570065340148e-02,2.827444765544886301e-02,3.330313482546166104e-01,2.236179733383052148e-01,2.218916582624981815e-01,1.036403467884776664e-01
1.620856479805242167e-01,7.562387715904428376e-02,3.188161420133033830e-01,1.530408515832703820e-01,1.694028641280547476e-01,1.210306171358029731e-01
9.335008960827481661e-02,2.755690676644839340e-02,2.143177172410100362e-01,1.185474955353346405e-01,1.312584056971334845e-01,4.149693851517985976e-01
3.580967649476678172e-02,0.000000000000000000e+00,4.694617327735274848e-01,3.509745158130467280e-01,8.846628723333890831e-02,5.528778768532021520e-02
2.336625425511913989e-01,0.000000000000000000e+00,3.368054305520554181e-01,2.302864480205445707e-01,1.142831999295980394e-01,8.496237894661050338e-02
7.215670081808563119e-02,1.796175385171230182e-02,2.996722496064414543e-01,3.741870757955043647e-01,8.144726315517819559e-02,1.545749567730780039e-01
6.118444646748876642e-02,0.000000000000000000e+00,2.667039090733537843e-01,4.013283125051725908e-01,1.470971613010014500e-01,1.236861706529835403e-01
2.579591924990742510e-02,0.000000000000000000e+00,2.537724910198091433e-01,3.185785215997578024e-01,2.253521126760563431e-01,1.765009554544692827e-01
3.200000000000000067e-02,0.000000000000000000e+00,2.287750000000000061e-01,5.508750000000000036e-01,7.389999999999997959e-02,1.144499999999999962e-01
1.307932871506754802e-01,5.643738977072310092e-02,2.678321424025891240e-01,1.930398734522445758e-01,2.056582846960854083e-01,1.462390225276823386e-01
1.941510768555330599e-02,0.000000000000000000e+00,1.877850679284860380e-01,6.333325203053732366e-01,3.668382155662333610e-02,1.227834825239639965e-01
8.047508022406200945e-02,0.000000000000000000e+00,2.805225199011707193e-01,3.283672434054953904e-01,7.363854031530801814e-02,2.369966161539638627e-01
1.007149599093662556e-01,7.466050021165224204e-03,1.088796678224203396e-01,1.743356927877956764e-01,4.264813259704837711e-01,1.821223034887687053e-01
2.345478495958509546e-01,0.000000000000000000e+00,3.343161190653535786e-01,2.316098375127590148e-01,1.140755607051229248e-01,8.545063312091369379e-02
1.743193900524055429e-01,0.000000000000000000e+00,2.180789677809940041e-01,3.133711172192357175e-01,1.309652188249157412e-01,1.632653061224489666e-01
1.688868234747390451e-01,0.000000000000000000e+00,2.120879670344215095e-01,3.636331549952793174e-01,8.480224476530261180e-02,1.705898097302575855e-01
2.158377543997013204e-01,4.978899093304624962e-02,2.182547576773364861e-01,2.462566768119812399e-01,1.149661651455787109e-01,1.548956550323561665e-01
6.990174754368859433e-02,1.740043501087527172e-02,3.254081352033801333e-01,3.664591614790370100e-01,7.890197254931373416e-02,1.419285482137053467e-01
2.094742354585143324e-02,0.000000000000000000e+00,2.287058650154342454e-01,2.330400869475972303e-01,4.331116660833317922e-01,8.419495840778526419e-02
2.143134622855231292e-02,0.000000000000000000e+00,2.246637409468716651e-01,4.920863254010685028e-01,6.779413291896321803e-02,1.940244545045443914e-01
2.357442093029541441e-01,0.000000000000000000e+00,3.309521878969702291e-01,2.333981999513500827e-01,1.137949674315522214e-01,8.611043541717344763e-02
3.772702702702702277e-02,0.000000000000000000e+00,4.077837837837837431e-02,4.870432432432431624e-01,2.558891891891891812e-01,1.785621621621621691e-01
1.935123703917551730e-02,1.369560453702769716e-03,5.023886873436961276e-01,0.000000000000000000e+00,3.693891499507828136e-01,1.075013652126427383e-01
3.017575439385985006e-02,0.000000000000000000e+00,2.480312007800195007e-01,3.684342108552713935e-01,2.293807345183629387e-01,1.239780994524863206e-01
3.017575439385984659e-02,0.000000000000000000e+00,2.130303257581439569e-01,4.151103777594439825e-01,2.293807345183629387e-01,1.123028075701892475e-01
2.345478495958509546e-01,0.000000000000000000e+00,3.343161190653535786e-01,2.316098375127590148e-01,1.140755607051229248e-01,8.545063312091369379e-02
6.376163783625855841e-02,0.000000000000000000e+00,3.488552676363483873e-01,2.023048262193561098e-01,3.493486426163934233e-01,3.572962569164365304e-02
5.021066861323088965e-02,0.000000000000000000e+00,2.437727556312912769e-01,2.671262631108671237e-01,2.821902734137303748e-01,1.567000392308804113e-01
1.848492063492063464e-01,8.647619047619048427e-02,2.491015873015872961e-01,6.095238095238095233e-02,2.200269841269841264e-01,1.985936507936507944e-01
5.613701737718464202e-02,0.000000000000000000e+00,3.752161292275140170e-01,2.511836118121695272e-01,2.053392143291375149e-01,1.121240272539942712e-01
1.174313674135098531e-02,4.481059072835067575e-02,2.348627348270197063e-02,4.167242077192314653e-01,2.191766470630253372e-01,2.840591442653396803e-01
1.740047455839704715e-01,0.000000000000000000e+00,2.099784539578352094e-01,2.326124045807309859e-01,3.067720028728055937e-01,7.663239300465769788e-02
7.780389019450974220e-02,8.712935646782339616e-02,3.850442522126106826e-01,2.239111955597780090e-01,1.065303265163258239e-01,1.195809790489524432e-01
1.469804172308210866e-01,5.673329692823089049e-02,3.842244906074441801e-01,0.000000000000000000e+00,3.153381363396021153e-01,9.672365889390169280e-02
2.125793135390923738e-01,1.165593228024602995e-01,3.876500843743825864e-01,0.000000000000000000e+00,2.205928555465225260e-01,6.261842373754222812e-02
3.232482657118571079e-02,0.000000000000000000e+00,4.449103996417290152e-01,2.089341655307650203e-01,2.574181444258207274e-01,5.641246383049956098e-02
1.053526338158453923e-01,6.992674816870421417e-02,2.305057626440660812e-01,2.184304607615190630e-01,3.168079201980049109e-01,5.897647441186029682e-02
8.525745016555923150e-02,2.253383408520188980e-02,3.782972954954554323e-01,3.686304140092001580e-01,6.945709904664547352e-02,7.582390719793773159e-02
2.202520837099460338e-01,1.873896604908593597e-02,3.126391864396348974e-01,2.214290384741127438e-01,1.263957106537483555e-01,1.005450146734719608e-01
2.345478495958509546e-01,0.000000000000000000e+00,3.343161190653535786e-01,2.316098375127590148e-01,1.140755607051229248e-01,8.545063312091369379e-02
2.361673118059264831e-01,0.000000000000000000e+00,3.297625058233269457e-01,2.340306691155128460e-01,1.136957333001617082e-01,8.634377995507196146e-02
1.081675717300211031e-01,0.000000000000000000e+00,1.717045193163521666e-01,1.734946446251237617e-01,5.324872741091876693e-02,4.933845369175842710e-01
3.017575439385985700e-02,0.000000000000000000e+00,2.130303257581439846e-01,4.226105652641317101e-01,2.293807345183629665e-01,1.048026200655016449e-01
8.983275301447615768e-02,3.406153501156092972e-02,4.261782897109315793e-01,2.517401989751235636e-01,9.525108260528318549e-02,1.029361406826246883e-01
2.352185362631102339e-01,0.000000000000000000e+00,3.324302784015321643e-01,2.326124045807310137e-01,1.139182583767436169e-01,8.582052237788304061e-02
1.172133889193485573e-01,8.110316860976341663e-03,3.494229330243688869e-01,1.530408515832703820e-01,1.997441388133144313e-01,1.724683707987213765e-01
3.081147179554784288e-02,0.000000000000000000e+00,4.358609528918144238e-01,3.033870799107204475e-01,1.550028865866908134e-01,7.493760881522663897e-02
2.025908199652887848e-02,6.654050800925803699e-02,3.260032428310783992e-01,1.102958472789551947e-01,2.837454056251061951e-01,1.931559142590732470e-01
2.345478495958509546e-01,0.000000000000000000e+00,3.343161190653535786e-01,2.316098375127590148e-01,1.140755607051229248e-01,8.545063312091369379e-02
1.980049252481405966e-02,1.152541231553247045e-02,2.663586355539999673e-01,4.091767609294803543e-01,3.741198587603058318e-02,2.557267128001425305e-01
1.960464629996090669e-01,0.000000000000000000e+00,3.201710391141362466e-01,2.326180439598403704e-01,1.947251828124479112e-01,5.643927111396647434e-02
3.383020776959457659e-02,0.000000000000000000e+00,4.299748229370102814e-01,2.698534083154898178e-01,1.626244146921104194e-01,1.037171462857949672e-01
4.379684362169949247e-02,2.988261559377373630e-02,1.942775439819882377e-01,2.460775012770926029e-01,3.199083196164126952e-01,1.660571759090331556e-01
4.588931504270687967e-02,0.000000000000000000e+00,2.015135650250594046e-01,3.771324031153673872e-01,1.246499917645121081e-01,2.508147250523541372e-01
2.255491146745634834e-02,0.000000000000000000e+00,2.296071922812654431e-01,5.677437669153771911e-03,6.094406756150827498e-01,1.327197829670418439e-01
6.281999999999999806e-01,0.000000000000000000e+00,0.000000000000000000e+00,0.000000000000000000e+00,1.794999999999999929e-01,1.922999999999999987e-01
6.710561053465283199e-02,1.670440090562173158e-02,3.862172692144611452e-01,1.960127043049032791e-01,1.967087210093041993e-01,1.372512940310567087e-01
2.345478495958509546e-01,0.000000000000000000e+00,3.343161190653535786e-01,2.316098375127590148e-01,1.140755607051229248e-01,8.545063312091369379e-02
1.678111416304435000e-01,0.000000000000000000e+00,2.053121416571108693e-01,3.767733806234833116e-01,8.199218645830556873e-02,1.681111496306568476e-01
8.354535373827513822e-02,5.948238588400008020e-02,3.763541118232381910e-01,2.443416288461481567e-01,1.534164943541294623e-01,8.286002535420888826e-02
2.345478495958509546e-01,0.000000000000000000e+00,3.343161190653535786e-01,2.316098375127590148e-01,1.140755607051229248e-01,8.545063312091369379e-02
5.052413793103448236e-02,1.194827586206896469e-01,5.441896551724138137e-02,2.138931034482758620e-01,4.305155172413792641e-01,1.311655172413792869e-01
7.169414600374368618e-02,1.784661145157567796e-02,2.977512243903689959e-01,3.764276007077104746e-01,8.092515192697247173e-02,1.553552655196286936e-01
1.834580164667450886e-01,0.000000000000000000e+00,2.951633103014776327e-01,2.284534688260420332e-01,2.152105486216601138e-01,7.771465578407515951e-02
7.249076827917760868e-02,1.804491227550343579e-02,3.010596571022211565e-01,3.725689184534413667e-01,8.182434359409318514e-02,1.540114002955632055e-01
1.084189269400500782e-01,7.902461999019329275e-02,2.748974167075279307e-01,2.782878267826266461e-01,1.632719554053007616e-01,9.609925417430126293e-02
2.345478495958509546e-01,0.000000000000000000e+00,3.343161190653535786e-01,2.316098375127590148e-01,1.140755607051229248e-01,8.545063312091369379e-02
8.760753639953407224e-02,0.000000000000000000e+00,3.237943625655759772e-01,1.913641142622388158e-01,2.190377603779551652e-01,1.781962263946961222e-01
6.749128427237899297e-02,1.680040552702996223e-02,2.802964209480918734e-01,3.509912308228129718e-01,7.618114920015310598e-02,2.082395092295331318e-01
8.430210755268882639e-02,0.000000000000000000e+00,2.805070126753169135e-01,3.023825595639890729e-01,3.760094002350058279e-02,2.952073801845046530e-01
5.030251512575628636e-02,2.585129256462823100e-02,2.532626631331566514e-01,2.529126456322816074e-01,2.811140557027851372e-01,1.365568278413920866e-01
4.243878860609697629e-02,0.000000000000000000e+00,4.891677917229194650e-01,2.238945280597363363e-01,1.461639748654099402e-01,9.833491674583728914e-02
0.000000000000000000e+00,0.000000000000000000e+00,3.309999999999999748e-02,4.966999999999999749e-01,9.270000000000000462e-02,3.775000000000000022e-01
7.454726175180004244e-02,1.687313631845620623e-02,3.310928749787874215e-01,2.633669907149264744e-01,1.959683871124148491e-01,1.181513491236151209e-01
1.723192091202605802e-01,0.000000000000000000e+00,2.199777136489614038e-01,4.425126432183776881e-01,8.571197272303017478e-02,7.947846128937016696e-02
1.964398171798010795e-01,0.000000000000000000e+00,3.186514983201839679e-01,2.334038774964119212e-01,1.948748719528839990e-01,5.662993505071881040e-02
3.374807002309875015e-02,2.991616643779316034e-02,1.733991253210530603e-01,4.031913829732742260e-01,1.328360720914973647e-01,2.269091831532835113e-01
3.017650882544127902e-02,0.000000000000000000e+00,2.539376968848442440e-01,3.866193309665483802e-01,2.293864693234662078e-01,9.987999399970000358e-02
6.095051423593517842e-02,0.000000000000000000e+00,2.603136083628896369e-01,4.064241713112349275e-01,1.470550325786465495e-01,1.252566735112936314e-01
3.017575439385984659e-02,0.000000000000000000e+00,2.130303257581439569e-01,4.151103777594439825e-01,2.293807345183629387e-01,1.123028075701892475e-01
2.747500000000000636e-02,1.525000000000000314e-03,3.091499999999999804e-01,4.193000000000000060e-01,1.573000000000000231e-01,8.525000000000000633e-02
3.017575439385984659e-02,0.000000000000000000e+00,2.130303257581439569e-01,4.151103777594439270e-01,2.293807345183629387e-01,1.123028075701892614e-01
2.107114600092355530e-02,0.000000000000000000e+00,2.215205696621380949e-01,5.656090896523732203e-01,6.764884952836985876e-02,1.241503451561953297e-01
7.705192629815746375e-02,5.237630940773519567e-02,1.924798119952998987e-01,4.017600440010999918e-01,9.712742818570464787e-02,1.792044801120028230e-01
1.541162997230958731e-01,7.699981666710316135e-03,4.277227911362115331e-01,1.470567927219220972e-01,1.137783005278558690e-01,1.496258342242042239e-01
4.897687317298781567e-02,8.367872085485866807e-03,3.298613033237559611e-01,3.164273507631263360e-01,1.704753044201864909e-01,1.258912962344575781e-01
2.170968299135431212e-02,0.000000000000000000e+00,2.099784539578352371e-01,6.504904679218523889e-01,4.101930052637799834e-02,7.680209460258007048e-02
3.327152649013521285e-02,2.154211546073876368e-02,8.298506218879558860e-02,4.803600075001562275e-01,1.007812662763807460e-01,2.810600220837933816e-01
9.666572465815961857e-02,1.996478337427447236e-02,3.113323623399491535e-01,1.123749483706875940e-01,3.277302667333318875e-01,1.319319145235973156e-01
1.120329875463345892e-01,8.165884423584629515e-02,2.840609082908877592e-01,3.016613776367370048e-01,1.687144990533080979e-01,5.187138323688632313e-02
7.705192629815746375e-02,5.237630940773519567e-02,1.924798119952998987e-01,4.017600440010999918e-01,9.712742818570464787e-02,1.792044801120028230e-01
6.778346141724646279e-02,1.687313631845619930e-02,2.815098547843583598e-01,3.953701907925040171e-01,7.651094571989622284e-02,1.619524109675385681e-01
1.623322651044745712e-01,4.099643084144135446e-02,3.270891578474818262e-01,1.340634625727277207e-01,2.393714191738931796e-01,9.614726445998142412e-02
8.999134167234677795e-02,0.000000000000000000e+00,3.118419078848679860e-01,2.877933370352728226e-01,1.546682597287758754e-01,1.557051536787365520e-01
2.151409497553987901e-02,0.000000000000000000e+00,3.310981377875077958e-01,4.453660909754317276e-01,1.088326711532743990e-01,9.318900510824615346e-02
1.990049751243781403e-02,0.000000000000000000e+00,1.924798119952998987e-01,4.523863096577414034e-01,3.760094002350058973e-02,2.976324408110203601e-01
2.107164181738498468e-02,0.000000000000000000e+00,3.183541530017676702e-01,5.090607471550048224e-01,9.245168140759978115e-02,5.906177661824267566e-02
2.122723272620603147e-02,0.000000000000000000e+00,4.215712418997839550e-01,3.482192858476225727e-01,4.010773620629883018e-02,1.688745033200885204e-01
1.354272502540060930e-01,7.382577181852362225e-02,3.514964359144619466e-01,1.960127043049032791e-01,1.339872156931766478e-01,1.092506220149283280e-01
1.120329875463345892e-01,8.165884423584629515e-02,2.840609082908877592e-01,3.016613776367370048e-01,1.687144990533080979e-01,5.187138323688632313e-02
7.454726175180004244e-02,1.687313631845620623e-02,3.310928749787874215e-01,2.633669907149264744e-01,1.959683871124148491e-01,1.181513491236151209e-01
2.345478495958509546e-01,0.000000000000000000e+00,3.343161190653535786e-01,2.316098375127590148e-01,1.140755607051229248e-01,8.545063312091369379e-02
9.657741443536088655e-02,5.332633315832895071e-02,2.291557288932223324e-01,3.208080202005049730e-01,1.009275231880797097e-01,1.992049801245031060e-01
1.945825342397258795e-02,6.274820051156806966e-02,1.882023782803579626e-01,4.440930778307913829e-01,1.936225107724855454e-01,9.187557918082440989e-02
4.878536599024772824e-02,0.000000000000000000e+00,4.026392738996691922e-01,2.302864480205445707e-01,2.337345445672479038e-01,8.455436752229063269e-02
3.017575439385984659e-02,0.000000000000000000e+00,2.480312007800194729e-01,3.684342108552713380e-01,2.293807345183629387e-01,1.239780994524863067e-01
2.336625425511913989e-01,0.000000000000000000e+00,3.368054305520554181e-01,2.302864480205445707e-01,1.142831999295980394e-01,8.496237894661050338e-02
2.324399744754611918e-01,0.000000000000000000e+00,3.402430545634637093e-01,2.284589083497623740e-01,1.145699400935264733e-01,8.428812251778620979e-02
4.337608440211004890e-02,2.585064626615665717e-02,1.224780619515487973e-01,2.756318907972699628e-01,2.987074676866921519e-01,2.339558488962224236e-01
1.160993756520985742e-01,1.280129869696959855e-01,2.164650508511865856e-01,8.205524795578564290e-02,3.419246449083812589e-01,1.154426936628521611e-01
3.017575439385984659e-02,0.000000000000000000e+00,2.130303257581439569e-01,4.509862746568664704e-01,2.293807345183629387e-01,7.642691067276681516e-02
1.120329875463345892e-01,8.165884423584629515e-02,2.840609082908877592e-01,3.016613776367370048e-01,1.687144990533080979e-01,5.187138323688632313e-02
5.021066861323088965e-02,0.000000000000000000e+00,2.437727556312912769e-01,2.671262631108671237e-01,2.821902734137303748e-01,1.567000392308804113e-01
1.743236303683882993e-01,0.000000000000000000e+00,2.080867050460823153e-01,4.766480175139868325e-01,8.431308954296061475e-02,5.662855752858184794e-02
1.955445971343345024e-01,0.000000000000000000e+00,3.221097642981533005e-01,2.316154283842267458e-01,1.945342000448299080e-01,5.619601013845543225e-02
2.336625425511913989e-01,0.000000000000000000e+00,3.368054305520554181e-01,2.302864480205445707e-01,1.142831999295980394e-01,8.496237894661050338e-02
2.324399744754611918e-01,0.000000000000000000e+00,3.402430545634637093e-01,2.284589083497623740e-01,1.145699400935264733e-01,8.428812251778620979e-02
2.143134622855230598e-02,0.000000000000000000e+00,2.072863500171157891e-01,6.310592977503238776e-01,4.049339789917420079e-02,9.972960810483356975e-02
2.151409497553987901e-02,0.000000000000000000e+00,3.310981377875077958e-01,4.453660909754317276e-01,1.088326711532743990e-01,9.318900510824615346e-02
1.450786269656741678e-01,8.732718317957947896e-02,3.077826945673642345e-01,2.041801045026125638e-01,1.663291582289557202e-01,8.930223255581387631e-02
1.042245207063985935e-01,6.869810849426523543e-03,4.020203754184822897e-01,2.931119295755317267e-01,1.080416221142482536e-01,8.573174133591261736e-02
2.345478495958509546e-01,0.000000000000000000e+00,3.343161190653535786e-01,2.316098375127590148e-01,1.140755607051229248e-01,8.545063312091369379e-02
2.345478495958509546e-01,0.000000000000000000e+00,3.343161190653535786e-01,2.316098375127590148e-01,1.140755607051229248e-01,8.545063312091369379e-02
1.964398171798010795e-01,0.000000000000000000e+00,3.186514983201839679e-01,2.334038774964119212e-01,1.948748719528839990e-01,5.662993505071881040e-02
1.989999999999999755e-02,0.000000000000000000e+00,2.170750000000000179e-01,3.371999999999999442e-01,1.728499999999999759e-01,2.529750000000000054e-01
2.726999999999999980e-01,2.172000000000000042e-01,2.172000000000000042e-01,0.000000000000000000e+00,2.172000000000000042e-01,7.580000000000000626e-02
2.345478495958509546e-01,0.000000000000000000e+00,3.343161190653535786e-01,2.316098375127590148e-01,1.140755607051229248e-01,8.545063312091369379e-02
0.000000000000000000e+00,0.000000000000000000e+00,0.000000000000000000e+00,1.000000000000000000e+00,0.000000000000000000e+00,0.000000000000000000e+00
1.678111416304435000e-01,0.000000000000000000e+00,2.426464705725486226e-01,3.838935704952132211e-01,8.199218645830556873e-02,1.236566308434891709e-01
2.063757208520221320e-02,0.000000000000000000e+00,1.996088787487083072e-01,6.315793372420765994e-01,3.899360353786950062e-02,1.091806083861433518e-01
2.122723272620603147e-02,0.000000000000000000e+00,2.053121416571108415e-01,6.242499799994665199e-01,4.010773620629883018e-02,1.091029094109176034e-01
4.649999999999999967e-02,0.000000000000000000e+00,3.952999999999999847e-01,0.000000000000000000e+00,5.000000000000000000e-01,5.809999999999999887e-02
2.118915511865187562e-01,2.841220730971912023e-02,3.008827299476665162e-01,2.326067654750469116e-01,1.697702114248831051e-01,5.643653465616562531e-02
2.345478495958509546e-01,0.000000000000000000e+00,3.343161190653535786e-01,2.316098375127590148e-01,1.140755607051229248e-01,8.545063312091369379e-02
1.745802936176336084e-01,0.000000000000000000e+00,2.160765288824821884e-01,4.335969989438741012e-01,1.063052911175665638e-01,6.944088743844346878e-02
9.413253638168431192e-02,0.000000000000000000e+00,1.135934792480544631e-01,7.160105640902897361e-01,4.573182227278762418e-02,3.053159800718370856e-02
1.990099504975248457e-02,4.375218760938047111e-03,1.924846242312115430e-01,5.138006900345016836e-01,3.760188009400469711e-02,2.318365918295914596e-01
5.239015174080662030e-02,8.884879534990595268e-03,2.778312043096771711e-01,3.415934061258010246e-01,1.285754406270478156e-01,1.907249176616767072e-01
3.916248444001146911e-02,1.027288206515588748e-01,2.299483395222392257e-01,3.223029572531257991e-01,9.879441340488076539e-02,2.070629847281837410e-01
3.480974496383727745e-02,0.000000000000000000e+00,2.691335947128011830e-01,4.523090317096629120e-01,9.826142456712087803e-02,1.454862040465776940e-01
2.107797452625038703e-01,5.010489941996790902e-02,2.104924953295288781e-01,2.533320992225102097e-01,1.759448395017596534e-01,9.934592126372948639e-02
0.000000000000000000e+00,1.474000000000000032e-01,0.000000000000000000e+00,6.320000000000000617e-02,0.000000000000000000e+00,7.894999999999999796e-01
1.921425689585611052e-02,0.000000000000000000e+00,1.858424168859248438e-01,6.190218384581697153e-01,3.630432458714521332e-02,1.396171631729041795e-01
1.466342801051598310e-02,7.936988312942605539e-02,1.418262968002042268e-01,2.321516448987217818e-01,2.770577352740708627e-02,5.042829736337248736e-01
1.952702702702702742e-01,1.090891891891891952e-01,3.909243243243243904e-01,4.437297297297297660e-02,2.124189189189189253e-01,4.792432432432432166e-02
5.815497605752704968e-02,0.000000000000000000e+00,3.018542334803913652e-01,2.798164604210805484e-01,1.717648591010467740e-01,1.884094709399542766e-01
2.345478495958509546e-01,0.000000000000000000e+00,3.343161190653535786e-01,2.316098375127590148e-01,1.140755607051229248e-01,8.545063312091369379e-02
2.041077976358368282e-02,0.000000000000000000e+00,1.974153183414959489e-01,6.466140157439933533e-01,3.856509141260032469e-02,9.699479473832661736e-02
2.913438229523346648e-02,0.000000000000000000e+00,2.768783555918772343e-01,2.108923762331854079e-01,3.668159764966327785e-01,1.162789093830711162e-01
2.324399744754611918e-01,0.000000000000000000e+00,3.402430545634637093e-01,2.284589083497623740e-01,1.145699400935264733e-01,8.428812251778620979e-02
2.063810716111205701e-02,4.537272303008304392e-03,1.996140540620624515e-01,6.221322587097108947e-01,3.899461453556851004e-02,1.140836932285377581e-01
7.705192629815746375e-02,5.237630940773519567e-02,1.924798119952998710e-01,4.017600440011000473e-01,9.712742818570463399e-02,1.792044801120027953e-01
1.091277281932048343e-01,3.210080252006299734e-02,3.393334833370834080e-01,2.286807170179254445e-01,1.393534838370959206e-01,1.514037850946273467e-01
5.754286733419960304e-02,0.000000000000000000e+00,2.477515350709572350e-01,4.215489566613161987e-01,1.386404749165583705e-01,1.345161660169685580e-01
1.688868234747390451e-01,0.000000000000000000e+00,2.038024535943598614e-01,4.389175007573730136e-01,8.204923071493068487e-02,1.063439914585974228e-01
6.990174754368860821e-02,1.740043501087527172e-02,2.903072576814420547e-01,4.008600215005375667e-01,7.890197254931373416e-02,1.426285657141428409e-01
2.345478495958509546e-01,0.000000000000000000e+00,3.343161190653535786e-01,2.316098375127590148e-01,1.140755607051229248e-01,8.545063312091369379e-02
9.808419598050860388e-02,4.005551649736963093e-02,3.759848723605420662e-01,1.979926786103905212e-01,2.012866978593420009e-01,8.659603869184705205e-02
1.087102258206694427e-01,7.925020278303512855e-02,2.749774994166515607e-01,2.901149289055642289e-01,1.633264566118381167e-01,8.362068646224161961e-02
1.929743751363669282e-02,0.000000000000000000e+00,3.482751096996290485e-01,1.743799849693326021e-01,2.862039079735266278e-01,1.718435598438749767e-01
7.705192629815746375e-02,5.237630940773519567e-02,1.924798119952998987e-01,4.017600440010999918e-01,9.712742818570464787e-02,1.792044801120028230e-01
6.110469679476106253e-02,0.000000000000000000e+00,2.827804394665308640e-01,3.290513983714706825e-01,1.757623692767378287e-01,1.513010960904994373e-01
3.197073170731707520e-02,0.000000000000000000e+00,7.614878048780489295e-02,3.862439024390244002e-01,3.480731707317074042e-01,1.575634146341463593e-01
1.735978923556511788e-01,0.000000000000000000e+00,2.123920659880272344e-01,4.118768793621893076e-01,9.399224806201550431e-02,1.081409142321167333e-01
5.030251512575628636e-02,2.585129256462823100e-02,2.532626631331566514e-01,2.529126456322816074e-01,2.811140557027851372e-01,1.365568278413920866e-01
2.239441475154012873e-01,2.772361125365459603e-02,4.355488538188057590e-01,3.142096994481593381e-02,1.573627437822532060e-01,1.239996736850692421e-01
2.361673118059264831e-01,0.000000000000000000e+00,3.297625058233269457e-01,2.340306691155128460e-01,1.136957333001617082e-01,8.634377995507196146e-02
1.735978923556511788e-01,0.000000000000000000e+00,2.480447736489282407e-01,2.425928991144583602e-01,2.027607658142293323e-01,1.330036690667328603e-01
7.249076827917760868e-02,1.804491227550343579e-02,3.010596571022211565e-01,3.725689184534413667e-01,8.182434359409318514e-02,1.540114002955632055e-01
1.929743751363669282e-02,0.000000000000000000e+00,1.866469490169458401e-01,5.554225556983198864e-01,3.646148997551455079e-02,2.021715677955828738e-01
4.031804221484870665e-02,2.096806279993319519e-02,4.245686972673433091e-01,1.972604284463527202e-01,1.722072636092940312e-01,1.446775056622280342e-01
2.028123654393461373e-02,6.744594005824486316e-02,3.077906956005513894e-01,2.381159852324061799e-01,2.582175952466488900e-01,1.081485473182141333e-01
7.866624347274094042e-02,0.000000000000000000e+00,1.004230489962912448e-01,6.477584490232480841e-01,3.912877124484231972e-02,1.340234872628773277e-01
1.955445971343345024e-01,0.000000000000000000e+00,3.221097642981533005e-01,2.316154283842267458e-01,1.945342000448299080e-01,5.619601013845543225e-02
9.250765559162249518e-02,6.803679008408312912e-02,4.837550102570062349e-01,1.223813552221540424e-01,1.318383420137246576e-01,1.014808468314093992e-01
5.030251512575627942e-02,2.585129256462823100e-02,2.532626631331565958e-01,2.529126456322816074e-01,2.811140557027851372e-01,1.365568278413920589e-01
3.017575439385985006e-02,0.000000000000000000e+00,2.130303257581439846e-01,4.509862746568664704e-01,2.293807345183629665e-01,7.642691067276681516e-02
2.345478495958509546e-01,0.000000000000000000e+00,3.343161190653535786e-01,2.316098375127590148e-01,1.140755607051229248e-01,8.545063312091369379e-02
1.740053559075934730e-01,7.187326635024347821e-02,1.849157917086167169e-01,2.191579855760340534e-01,2.778168170019245653e-01,7.223078345558774094e-02
2.122723272620603494e-02,0.000000000000000000e+00,3.289309937153880314e-01,4.475652684071576015e-01,1.086273411735424188e-01,9.364916397770607637e-02
1.990049751243781057e-02,0.000000000000000000e+00,2.033550838770969149e-01,5.965149128728218786e-01,3.760094002350058279e-02,1.426285657141428409e-01
1.334668924504653353e-01,3.496093229152776732e-02,3.058948238619696447e-01,2.807174857996212469e-01,1.728079415451078404e-01,7.215192405130801956e-02
1.977688886680414870e-02,1.165556908246167742e-02,2.669755770329698130e-01,4.072039056870978002e-01,3.736738800963999158e-02,2.570206713210266281e-01
6.110469679476106947e-02,0.000000000000000000e+00,2.645253961471676352e-01,4.030655381510404589e-01,1.470827992278577467e-01,1.242215696791730689e-01
2.361673118059264831e-01,0.000000000000000000e+00,3.297625058233269457e-01,2.340306691155128460e-01,1.136957333001617082e-01,8.634377995507196146e-02
2.306420777081678586e-01,0.000000000000000000e+00,3.452983911291508390e-01,2.257713462160651774e-01,1.149916174005117808e-01,8.329656754610430258e-02
