9.765812988787922477e-02,9.602406008656244607e-02,2.038565026176180073e-01,2.145618527712731816e-01,2.103983381716605094e-01,1.775011164650066309e-01
3.524723163133618165e-02,2.372423956543689635e-02,1.332030130903251175e-01,4.037404622407685939e-01,1.258245268166111874e-01,2.782605266555221446e-01
9.068356757714038374e-02,4.774100037196350732e-02,2.227990703882419543e-01,2.162084907970651393e-01,1.660347916015729730e-01,2.565330792640161395e-01
1.125190413132231282e-01,7.339612121159214131e-02,2.151837923105558714e-01,1.749790712020338479e-01,2.745413469924673500e-01,1.493806269701276335e-01
2.052112569364136774e-02,1.265156881045701766e-02,8.411105253256354053e-02,5.048069604843268277e-01,1.094480162168013221e-01,2.684612762622099469e-01
8.678387429373442263e-02,6.511794302894075015e-02,7.118763619461200565e-02,4.002242043152534068e-01,1.373375849805569260e-01,2.393487571869024610e-01
1.323325616216124712e-01,6.034604256791668148e-02,2.180238360194049207e-01,1.066157030832732416e-01,3.242969055861664729e-01,1.583849511216263439e-01
4.998329432773060410e-02,3.575805659423506727e-02,1.251673645643027188e-01,5.106429572302810804e-01,4.601010613575885061e-02,2.324382211476916094e-01
9.186754222620180377e-02,8.915889776906893438e-02,2.063282563392366542e-01,2.005466040812930728e-01,1.981394014573711060e-01,2.139592981268282901e-01
6.262716945365666421e-02,5.782245736795932345e-02,1.995573705057077929e-01,2.230873377643793065e-01,1.581945504761013976e-01,2.987111144321956124e-01
1.001269806620255359e-01,5.362527370461196707e-02,1.944765826690091626e-01,2.921830864017292417e-01,1.600936319682144393e-01,1.994944445944098199e-01
2.649999999999999925e-02,4.420000000000000318e-02,2.477999999999999925e-01,2.649999999999999925e-02,5.574999999999999956e-01,9.729999999999999760e-02
1.002864294054172239e-01,8.617603761943087859e-02,1.494458086424817478e-01,2.154828881557935560e-01,1.995295060740126525e-01,2.490793301028639550e-01
1.076197690729251422e-01,5.236323950866138277e-02,1.760526827921522763e-01,1.072470230411630143e-01,3.548815732440046555e-01,2.018357123410935983e-01
7.905138425565851057e-02,6.529848023869203044e-02,2.005069234337154005e-01,3.106790188405702535e-01,1.599902394301819519e-01,1.844739538011818669e-01
6.638667801093041387e-02,2.607759636929198391e-02,6.136592313786003172e-02,3.850021688016866950e-01,1.809537537033396315e-01,2.802138799768912336e-01
7.006336355624068202e-02,2.817149734097539049e-02,1.013561574643815077e-01,3.723248366817072386e-01,1.322496361334402903e-01,2.958345088232548492e-01
6.296768197523767985e-02,1.738683810996034113e-02,1.040374237571572713e-01,4.202480212724795661e-01,1.995332774290661249e-01,1.958267574560991209e-01
1.034499178632517641e-01,5.754387405100397368e-02,2.292938181379428619e-01,1.605311923831964083e-01,2.348332634237135230e-01,2.143479341408913719e-01
5.553753039486329646e-02,5.341508236125089987e-02,2.016585729976093089e-01,3.141753556357317900e-01,1.746794477576222304e-01,2.005340108529224952e-01
1.719555643687741553e-01,1.169534567726573243e-01,2.223378359281785177e-01,8.618969303754428490e-02,2.738800364078140537e-01,1.286834134850317057e-01
2.375921364873619795e-02,5.768747888228296233e-02,1.761738974247965273e-01,3.254075340067283939e-01,1.303381048716342472e-01,2.866337711658217269e-01
4.383094157769852617e-02,6.528590669990599893e-02,4.819067745703915773e-02,3.743963137254118223e-01,1.555395574942259052e-01,3.127566030457185620e-01
1.147044744881846046e-01,7.133727205745082900e-02,1.957863629700683505e-01,1.120045066317601062e-01,3.459264706430835723e-01,1.602409132094523847e-01
3.811396598486781195e-02,1.778747056334996704e-02,1.564135343501481534e-01,3.394574538384977358e-01,2.102059887093412627e-01,2.380215865537951281e-01
1.254745725808431578e-01,6.988632048394294305e-02,2.061434560571979990e-01,1.089391401796431513e-01,3.343083078978953404e-01,1.552482028004775194e-01
1.503999572671174956e-01,7.959386856644265484e-02,2.263609897288206274e-01,6.874527324358069291e-02,3.192867767382385202e-01,1.556131344557999674e-01
7.845202534081338608e-02,5.395963297876002485e-02,6.839290315666550490e-02,4.175352564857702786e-01,1.263808736257405474e-01,2.552793084122502165e-01
1.260527856503220467e-01,6.386827141172302102e-02,2.229802495548826591e-01,9.505590640012216708e-02,3.938287219203824296e-01,9.821406506256766256e-02
1.065012066809344904e-01,4.826529309155584008e-02,2.362041636540919975e-01,1.245556144031368939e-01,3.247457536346542439e-01,1.597279685356267354e-01
7.803503958770910409e-02,4.774809523764937669e-02,1.147837746642459134e-01,3.878615330382808035e-01,1.596945208064041999e-01,2.118770366657106718e-01
1.894865037953147591e-01,9.988938349686561635e-02,2.540737865931337325e-01,7.747347584291792988e-02,3.209618665789368275e-01,5.811498369283115556e-02
8.588312227450600744e-02,2.964430491026229936e-02,1.299973756241918910e-01,3.032072501508284446e-01,2.933692736361806497e-01,1.578986734040306594e-01
8.962570790872755044e-02,6.950248500034929278e-02,6.936084629660134449e-02,4.008774646360132587e-01,1.367195405639276551e-01,2.339139555943809401e-01
1.539384342906700565e-01,9.032833816607735433e-02,2.741216370422704940e-01,8.774638597309636356e-02,3.028220929695411012e-01,9.104311155834438063e-02
6.371018462187455489e-02,2.141979117063019453e-02,9.867936505840736727e-02,3.560942046267757122e-01,1.102519469734376811e-01,3.498445075488745282e-01
7.711009415092656694e-02,4.164206816291535912e-02,6.890431328977578151e-02,4.535965607522471355e-01,1.949554032701859563e-01,1.637915603739492354e-01
1.703738290647727471e-01,6.059433498410974478e-02,1.265567109065268148e-01,2.355899176417016183e-01,2.520038573865747700e-01,1.548813500163141732e-01
1.105026239584787490e-01,5.757300487275553852e-02,2.233498209338127538e-01,1.083038493063870900e-01,3.457273697780406385e-01,1.545433311505252927e-01
9.302678734736981314e-02,8.340477323060391246e-02,2.359522151124541778e-01,1.892140790508499426e-01,1.706626998259867800e-01,2.277394454327354711e-01
3.601391023890092996e-02,4.317626366161957802e-02,1.192882405360362885e-01,3.628736632162161690e-01,2.246880196697297050e-01,2.139599026774973434e-01
6.868693864516164926e-02,4.092891084933258233e-02,2.453058810558077230e-01,1.741231376885345183e-01,2.843402967936126124e-01,1.866148349675508522e-01
3.902309841166567289e-02,2.187744034451544195e-02,1.239180471965006802e-01,3.898440943552027860e-01,1.553839004653050637e-01,2.699534192268103205e-01
1.260780148792693400e-01,6.182220693312056453e-02,1.025053067564903608e-01,2.963524437612184426e-01,1.898980026480132088e-01,2.233440250218880208e-01
4.723663758719186950e-02,4.152218302883037282e-02,7.365582696931663453e-02,5.660778020853655113e-01,8.283648318166358937e-02,1.886710671476320711e-01
1.249096450897614896e-01,3.104962969185775037e-02,3.110591412060292882e-01,1.782620325872197875e-01,1.911166914321184018e-01,1.636028599930133831e-01
2.952795549271779868e-02,1.720427880381102462e-02,1.016888136649227309e-01,4.144077470064536639e-01,9.255188386551195523e-02,3.446193211665828371e-01
1.013018520490635843e-01,4.328726975480289701e-02,9.459133287391259526e-02,3.156862244202675583e-01,2.002578930272032598e-01,2.448754278747501401e-01
7.633867370160964116e-02,5.695597062838399921e-02,8.426600883688582788e-02,3.535506195953474484e-01,1.314022332039544716e-01,2.974864940338186048e-01
1.526132739344622860e-02,4.477366403733047673e-02,9.403619468882463972e-02,3.271766986400021504e-01,1.971488338530020257e-01,3.216032813873944129e-01
8.708502032051082531e-02,4.551833874238136318e-02,1.906618199680059078e-01,2.384830760619729428e-01,2.219327233037286795e-01,2.163190216034002467e-01
7.724988716259273414e-02,3.367667828980034500e-02,1.466678558629941342e-01,4.160754239600147897e-01,1.630927785856240153e-01,1.632373761389739608e-01
8.824631507464240909e-02,5.146435265357245797e-02,2.668878582682213674e-01,2.671940860846978016e-01,1.904554607378952102e-01,1.357519271809706773e-01
3.073605640768055369e-02,2.044198874853909650e-02,1.355682223065473313e-01,4.621985634517751795e-01,9.412869814092873766e-02,2.569264709445291395e-01
6.018029317117443849e-02,6.687690495182940786e-02,1.603694534951709272e-01,3.074360850778131149e-01,1.484737678083565549e-01,2.566634954956555359e-01
8.881578259228037342e-02,9.814019869993527434e-02,1.934441400103506514e-01,2.707488875330484879e-01,1.599516752496398520e-01,1.888993159147454026e-01
1.188765901826489002e-01,5.118099017954753222e-02,2.623075519543012213e-01,1.082391340246854350e-01,2.847835364976580297e-01,1.746121971611589718e-01
1.068546116523485107e-01,8.604438281005982736e-02,2.200372543402188408e-01,2.540699323164928858e-01,1.607970079037779609e-01,1.721968109771020439e-01
9.393107630735393621e-02,7.890153741135846888e-02,1.735491261027253262e-01,1.659882396928571424e-01,2.832897866464774705e-01,2.043402338392276141e-01
1.060227591577887346e-01,5.187027090170348576e-02,1.123711716191954785e-01,2.727173853942385096e-01,2.217876631481848770e-01,2.352307497788888591e-01
1.546680831492850128e-01,7.185878820958511992e-02,1.121570895964782572e-01,2.268967861818459164e-01,1.889888568163461124e-01,2.454303960464595813e-01
6.235282763996655153e-02,1.943440040244296535e-02,8.858232131879474613e-02,4.100452578467694842e-01,1.566269330206088162e-01,2.629582597714174019e-01
1.021262620694846357e-01,8.023090276058163217e-02,2.049829580457590006e-01,1.123057785333153591e-01,2.831453363450327498e-01,2.172087622458266643e-01
1.250122807076904929e-01,8.062049007376743959e-02,2.187788465435208940e-01,1.530901996092331185e-01,2.570754836915102315e-01,1.654226993742778373e-01
6.382847516307017799e-02,4.158699961088345443e-02,9.626124784639882026e-02,3.745074332547877471e-01,1.719901896971391675e-01,2.518256544277206466e-01
0.000000000000000000e+00,0.000000000000000000e+00,4.328000000000000180e-01,5.672000000000000375e-01,0.000000000000000000e+00,0.000000000000000000e+00
7.373085140441010266e-02,1.022503362319603509e-01,1.096477944033511093e-01,2.920541387911426146e-01,1.478258091768356042e-01,2.744910699923003294e-01
9.161430016345852023e-02,3.972839078374482136e-02,1.862190575710830354e-01,2.280939720443547203e-01,2.855281138458022339e-01,1.688161655915566828e-01
1.198518131557271826e-01,5.194634531437763297e-02,2.009326681727921782e-01,1.431390028643872159e-01,3.129853916520214385e-01,1.711447788406942894e-01
1.662809560476168069e-02,7.137499518867035549e-03,1.228099854561511689e-01,3.975971770799192062e-01,1.178183534626855850e-01,3.380088888776152656e-01
1.270522799681123582e-01,7.247909820566493522e-02,1.930360011754289340e-01,1.563058228501776614e-01,2.990986936438677080e-01,1.520281041567483893e-01
9.667435016161923800e-02,6.852030644095830070e-02,1.585860219943992511e-01,3.032610531986947855e-01,1.687109867425941045e-01,2.042472814617343202e-01
8.449409786374496856e-02,3.280342693576100005e-02,2.480539375389050338e-01,2.393664533215829060e-01,2.241467344282584151e-01,1.711353499117475307e-01
7.142828714398960499e-02,5.684124724205939783e-02,6.065464977484789910e-02,4.306876805627779525e-01,1.217192405637767677e-01,2.586688947125483917e-01
9.176179957119483255e-02,8.754162963864471625e-02,2.458303197408353846e-01,2.146967518912665240e-01,1.832542689768522914e-01,1.769152301812062233e-01
4.983882182280472556e-02,4.941660185758739443e-02,9.812516443381845421e-02,3.435460252172125029e-01,1.405080543100188095e-01,3.185653323585580510e-01
1.292503100432378371e-01,6.554274558384898253e-02,2.029485553478999615e-01,1.076134164902498025e-01,3.075241505956844978e-01,1.871208219390789462e-01
1.013188518153306933e-01,4.730194585081466674e-02,2.687606144964109767e-01,1.700005880318802010e-01,2.364409161805416937e-01,1.761770836250216576e-01
9.329533221543108434e-02,5.368789043398433658e-02,1.786353722802909993e-01,3.052397506172701558e-01,1.728418606524279033e-01,1.962997938005953402e-01
6.992894269119027950e-02,2.809759367696606017e-02,1.010960378686614342e-01,3.727629884246311809e-01,1.322427870298021058e-01,2.958716503087490124e-01
4.837159045416301179e-02,2.346850716111345547e-02,1.649769375675659011e-01,3.266133172970385745e-01,1.354436817386870662e-01,3.011259657814319146e-01
6.329271840410506667e-02,4.801369586192068273e-02,1.393166264708354529e-01,4.058989899574267368e-01,1.359837323458746028e-01,2.074942369598374581e-01
8.000416077006572424e-02,3.241851566571225113e-02,2.037258519842495286e-01,2.621055190775281041e-01,1.938999599353234127e-01,2.278459925671210140e-01
1.319170917676300014e-01,6.268884357472730151e-02,3.846113414563136490e-01,1.476923687608091840e-01,1.583194465626140413e-01,1.147709078779057951e-01
1.156084859942192455e-01,7.116863012550618539e-02,2.006416144840037497e-01,2.082864607447276750e-01,2.323255591093475181e-01,1.719692495421955014e-01
1.328707802109132807e-01,5.940672982427958049e-02,2.133612548143438703e-01,1.070709427858784341e-01,3.358655924785604041e-01,1.514246998860243887e-01
7.081533365810878389e-02,2.538184157114307254e-02,8.768519039862136821e-02,3.678080314362128789e-01,1.133142308983844521e-01,3.349953720375296040e-01
8.517982976704224773e-02,6.028532123326507675e-02,5.064094947214226733e-02,3.489571057441025470e-01,1.950916781969987135e-01,2.598451155864491269e-01
7.525561277186899878e-02,5.005410949747287480e-02,1.460803171939357992e-01,3.456549043861891768e-01,1.535475621428197823e-01,2.294074940077134306e-01
1.557435798327265475e-01,8.860808816822755840e-02,2.609993588286951827e-01,9.618739473341877955e-02,2.908128974876546535e-01,1.076486809492772506e-01
8.676192936836586711e-02,4.981656578156857390e-02,1.541782336627028904e-01,3.249554188073180416e-01,1.204855808349927088e-01,2.638022715450518696e-01
1.124469208692409489e-01,9.496167304490781003e-02,1.570998309972296558e-01,1.312121923545732927e-01,2.486114123824130495e-01,2.556679703516351321e-01
6.638709330519311502e-02,2.960673446538754014e-02,9.614457648567313608e-02,3.749099938988669223e-01,1.594387099959945764e-01,2.735128918488844985e-01
1.323803004322682275e-01,9.311399353952420910e-02,2.079541571758169727e-01,1.988279632483772041e-01,2.404853558153672854e-01,1.272382297886461289e-01
1.504496102624415244e-01,1.369999751651773401e-01,1.960639012145123095e-01,1.414193997666880476e-01,2.157519678436078114e-01,1.593151457475731059e-01
1.669424349600012389e-02,9.586098299783440621e-03,1.729871935111294279e-01,3.801793606159636907e-01,1.587415625246113571e-01,2.618115415525120171e-01
1.474981624918158540e-01,3.145150644154152270e-02,3.096756076514930456e-01,1.398955449862919753e-01,1.673610493628219509e-01,2.041181290660356029e-01
1.129221660920821657e-01,5.020663832640839819e-02,1.894574663047703666e-01,2.176671470244047890e-01,2.447625987730870367e-01,1.849839834792472437e-01
5.765802201613134254e-02,7.744875115703675483e-02,1.696006509431946807e-01,1.858744948090695348e-01,2.915257117702496625e-01,2.178923693043179344e-01
1.019604897950452949e-01,2.200604280807857971e-02,9.769452224361753478e-02,3.431174980155680676e-01,1.093714599601424559e-01,3.258499871775480949e-01
1.245072516511162714e-01,7.628542598346363390e-02,1.258610377059113383e-01,2.125261374275582982e-01,2.198470138306923005e-01,2.409731334012581161e-01
1.471777987249226483e-01,3.870351061125629905e-02,1.160003887909382275e-01,3.084407696183051328e-01,1.623477604854300094e-01,2.273297717691477315e-01
1.324153754431829366e-01,5.962296017847742297e-02,2.929203777342473392e-01,1.340984525129278737e-01,2.174839676350697470e-01,1.634588664960945348e-01
5.842350331830356569e-02,1.562129079821181384e-02,9.680689718177445946e-02,4.014163652327482068e-01,1.544437588027025021e-01,2.732881846662594816e-01
4.164543070968769467e-02,5.424214993504684890e-02,8.082221172974630996e-02,4.572801508769134826e-01,1.081851916730924845e-01,2.578248650755132210e-01
1.246928244354187781e-01,9.694225962429306453e-02,2.504500073411872751e-01,1.944158425601080764e-01,2.106530413426870585e-01,1.228460246963058444e-01
1.499274570887758062e-01,7.541693061245005603e-02,2.964980964969521904e-01,3.683462271976632035e-02,3.496424656973775580e-01,9.168042738467806207e-02
9.918851218467197861e-02,2.856120077698463128e-02,1.392992351769227477e-01,2.911817968292607639e-01,2.656714965727927646e-01,1.760977584593671208e-01
1.579619125142422975e-01,1.098327826726929052e-01,1.151332126181711935e-01,2.208038043646465831e-01,1.718636175529963950e-01,2.244046702772506396e-01
6.846665315372980898e-02,5.854376725039117657e-02,2.102323252196504066e-01,2.854920641078838583e-01,1.649188578132959326e-01,2.123463324550489140e-01
7.391628198920210946e-02,8.428190630986140408e-02,1.714316629175821061e-01,1.415927607588979842e-01,1.605701664070152135e-01,3.682072216174410717e-01
7.544214110899209735e-02,4.730146293526502760e-02,8.648348136514286133e-02,2.553882721614526563e-01,2.056637448655059819e-01,3.297208975636414241e-01
1.101649256275187005e-01,6.869126549163465101e-02,1.983491540534662312e-01,1.126905596862095155e-01,3.438461883839716848e-01,1.662579067571993696e-01
8.009684376633753600e-02,3.901133964600708715e-02,1.198084248171137345e-01,3.189845717730529495e-01,1.438888334691303950e-01,2.982099865283582285e-01
1.537877375420272363e-01,7.665303329268756405e-02,2.361366076837129735e-01,9.961215980222951072e-02,2.994292006144818608e-01,1.343812610648608408e-01
6.017258640348303877e-02,3.133014953158587412e-02,1.617996243847524829e-01,3.884313836067442849e-01,1.671020006417960058e-01,1.911642554316383968e-01
8.045066386816616955e-02,7.284954806710298991e-02,1.363328255167599035e-01,3.439259534502430160e-01,1.696720723287626909e-01,1.967689367689651470e-01
2.752732984152659809e-02,5.817487107901789939e-02,1.455954576677099821e-01,3.670533020346086195e-01,1.338590404964279112e-01,2.677899988807090903e-01
1.797995252784171105e-01,9.285127553070819661e-02,2.332198261324382460e-01,1.500456587581714130e-01,2.164013388861472931e-01,1.276823754141177270e-01
1.411094114765722995e-01,6.081949925123554535e-02,2.109343336593362817e-01,2.333368378474849902e-01,2.086562913173870826e-01,1.451436264479836757e-01
1.079969168687411052e-01,5.394531387497415037e-02,2.113745309986702903e-01,1.783736603111248098e-01,2.049524789081251797e-01,2.433570990383645272e-01
1.016797993899823671e-01,5.889974689768574800e-02,1.880470879296131104e-01,2.030435336402634794e-01,2.006935629712739977e-01,2.476362691711811448e-01
7.478517825060085333e-02,3.642427105316473762e-02,1.907904635961068796e-01,1.786950548479379619e-01,2.669814926116715337e-01,2.523235396405180686e-01
1.146456742465593037e-01,1.204788680000321299e-01,1.661393110334021816e-01,1.478247912574714718e-01,2.902751009919973813e-01,1.606362544705375317e-01
8.198477535831015517e-02,3.455437879835267928e-02,2.361394236992090112e-01,1.964967197750417116e-01,3.088396805862270722e-01,1.419850217828594885e-01
1.156298415609005870e-01,6.142908444912710542e-02,2.550538506144839901e-01,1.869987745489428144e-01,2.206619337193799768e-01,1.602265151071655958e-01
1.060165996639889918e-01,5.980502898237707865e-02,2.504470979531166486e-01,1.764611823785706690e-01,2.362464711136259832e-01,1.710236199083207120e-01
4.049413625289018104e-02,4.808619365102650978e-02,1.389173380346246656e-01,2.827744642511620943e-01,2.121719482807891688e-01,2.775559195295075332e-01
1.167665691982765069e-01,6.521288617372270058e-02,2.327369881114965400e-01,1.585813954100862289e-01,2.064248187551524227e-01,2.202773423512657258e-01
2.600609277816689352e-02,3.819526733979264344e-02,1.313714146107248792e-01,3.866689252604632032e-01,7.710247379879657526e-02,3.406558262120557012e-01
6.763798388888556112e-02,5.660824188448804889e-02,2.069765130483710303e-01,2.821745480967413067e-01,1.512780703225296008e-01,2.353246427589845147e-01
5.108772451445964952e-02,4.424180418703477224e-02,1.653532526706724126e-01,2.647450994112354183e-01,2.940295813915071999e-01,1.805425378250905544e-01
1.480547000877559805e-01,4.271124504491016771e-02,3.151369557586758408e-01,1.558742587220859066e-01,2.068069143440669222e-01,1.314159260425051823e-01
3.208194320495135615e-02,1.507517531515791855e-02,7.560978012641302037e-02,4.253772031701883449e-01,1.654779041567562281e-01,2.863779940265330781e-01
1.135428425109645811e-01,5.010667552754977799e-02,2.414720111915470147e-01,6.494417114568130922e-02,4.055202692699013678e-01,1.244140303543561088e-01
6.281999999999999806e-01,0.000000000000000000e+00,0.000000000000000000e+00,0.000000000000000000e+00,1.794999999999999929e-01,1.922999999999999987e-01
1.095215789639490261e-01,4.919733239034523864e-02,2.136079927916009202e-01,1.087902272421926164e-01,3.611361249133020479e-01,1.577467436986101923e-01
1.216275357678060637e-01,4.588147567902250978e-02,1.780133878538410208e-01,1.845754428585934526e-01,2.695700840187148506e-01,2.003320738220219777e-01
6.764769177624566088e-02,4.300967185948279675e-02,1.303655259401961253e-01,3.815838160730691264e-01,1.407833601824416414e-01,2.366099341685646007e-01
1.387284172335061239e-01,1.036979080098751060e-01,1.837657724055694330e-01,1.777980110288469584e-01,2.815900682855609349e-01,1.144198230366414021e-01
1.497797541717101888e-01,7.667388473261245452e-02,2.521451118549000725e-01,1.612902248666417959e-01,2.304768044808264138e-01,1.296342198933090051e-01
5.989642948367866759e-02,7.035887103097523965e-02,1.521569103423870695e-01,2.129568083716393279e-01,1.828153751310330477e-01,3.218156056402866061e-01
1.198360978557148210e-01,5.907882742442453067e-02,2.168210833035026652e-01,1.084865918374627869e-01,3.460847653439075300e-01,1.496926342349876315e-01
1.151956655912839966e-01,6.094305371807386129e-02,2.492910473682905803e-01,1.367541537697344045e-01,2.902642956262587171e-01,1.475517839263585096e-01
1.254611104112292042e-01,6.986777893644549597e-02,2.061379107360810370e-01,1.090973653968229512e-01,3.341752913409574699e-01,1.552605431784639667e-01
4.544767522191239112e-02,3.363811829227477540e-02,1.178247418737941588e-01,4.348379492578079986e-01,1.165735502938011203e-01,2.516779650604095697e-01
1.294535397810132604e-01,7.758136614545169119e-02,1.534825031747309165e-01,1.912815985286253628e-01,1.932378955652351571e-01,2.549630968049435564e-01
9.403140702017023789e-02,6.131438100182598494e-02,1.551327557454328099e-01,3.151244508065277894e-01,1.856323285316667238e-01,1.887646768943765097e-01
1.243443188881264705e-01,6.925398512694524999e-02,2.042907692542001996e-01,1.130095233764925600e-01,3.312721851197731326e-01,1.578292182344625816e-01
7.398191299252482311e-02,3.496139796478890671e-02,2.030824039017950500e-01,2.841638188263185816e-01,2.219099989015140828e-01,1.819004674130585975e-01
1.356681996378882871e-01,2.815363509408157217e-02,2.879474811885810448e-01,2.087018484192355861e-01,2.054934463739703232e-01,1.340353892862433671e-01
9.315506156298494767e-02,4.578825899182509956e-02,2.314462980066178677e-01,2.704771931688418340e-01,1.901251806977360681e-01,1.690080075719940789e-01
0.000000000000000000e+00,0.000000000000000000e+00,3.309999999999999748e-02,4.966999999999999749e-01,9.270000000000000462e-02,3.775000000000000022e-01
1.072658506410863050e-01,9.035995737447184706e-02,1.884457635144077825e-01,1.415136114586558747e-01,2.744792742021033849e-01,1.979355428092748892e-01
1.049679647561784224e-01,6.080447240844206319e-02,1.867185175683290788e-01,2.692235233905924674e-01,2.071836782836537771e-01,1.711018435928042258e-01
9.176186727176312286e-02,8.418674948529654423e-02,2.069564069366935100e-01,2.821953272426180881e-01,1.512476329537072450e-01,1.836520161099213511e-01
1.489800841403532417e-01,4.077868996306401039e-02,2.878193235696593355e-01,1.258488224946429368e-01,2.190434453131726300e-01,1.775296345191079150e-01
3.475538955575981775e-02,2.641251082020170532e-02,9.833993315101001442e-02,4.100640448085939305e-01,1.488753466640122536e-01,2.815527750004222507e-01
3.298416690278513363e-02,1.660307505431581759e-02,1.329370831484714688e-01,4.330110843231344542e-01,1.198988832989617698e-01,2.645657072723313075e-01
5.845300922983433234e-02,1.563301863102281933e-02,8.837954822095663021e-02,4.098861094313560050e-01,1.542917635103085439e-01,2.733565509765217283e-01
1.105751588058563328e-01,4.991847964731930404e-02,2.008382758757363273e-01,2.285785808730957935e-01,2.642600908846395313e-01,1.458294139133528566e-01
4.133680906003459055e-02,5.386664511730247101e-02,8.036954252272444921e-02,4.590018253457583408e-01,1.075288966777708799e-01,2.578962812764092893e-01
4.896712206682852370e-02,5.612874330038587073e-02,8.014488215296657059e-02,4.636634366585177802e-01,1.206820830983549447e-01,2.304137327229464072e-01
5.861868403788041137e-02,5.966768364239702360e-02,6.952136024425548122e-02,4.474287513528272253e-01,1.440484238081488344e-01,2.207150969144909547e-01
9.684974743782304163e-02,4.888266615781916569e-02,2.031808941721622852e-01,2.378013940327125542e-01,1.905003810533867359e-01,2.227849171460961619e-01
5.543477745934890372e-02,4.325338520944036619e-02,5.414228398643912421e-02,4.213362508666965156e-01,1.372685286214506140e-01,2.885647738566245457e-01
5.477887093984638855e-02,1.837437658302741583e-02,1.626073641541989911e-01,4.738235806735274225e-01,8.542298975870188382e-02,2.049928178906978704e-01
1.457180653348631172e-01,3.873102463945753832e-02,2.966827045305323596e-01,1.290372552907485537e-01,2.259695830551337603e-01,1.638613671492646362e-01
9.716469861643545203e-02,3.386245853411066348e-02,1.813923469178106707e-01,2.603413767453877647e-01,2.743127203376146128e-01,1.529263988486408987e-01
7.855889224412551664e-02,9.094031853703242463e-02,7.481776883262777900e-02,4.343776162868350221e-01,9.999846366254981633e-02,2.213069404368293580e-01
7.148469829463373337e-02,6.741624881758886967e-02,6.070255234569939262e-02,4.227324614412070747e-01,1.297158485361891156e-01,2.479481905646817863e-01
1.251878872607591342e-01,5.296450725604438803e-02,1.680055720672852249e-01,2.043980124337374527e-01,2.053749777602277837e-01,2.440690432219460027e-01
1.038062181276841744e-01,7.913855385890226912e-02,1.593173514744184172e-01,2.880452332923117420e-01,1.686689125820461377e-01,2.010237306646372180e-01
5.081209963379954703e-02,6.849085373640394214e-03,1.662624840224729839e-01,3.957567536384466456e-01,1.111362251683684493e-01,2.691833521632718829e-01
7.072272951388432205e-02,4.149406954661732927e-02,2.207802235564765569e-01,2.218650068551719923e-01,3.026655352072176730e-01,1.424724353206320848e-01
5.364717607020690060e-02,6.887032957013390633e-02,4.832754413528052989e-02,4.512110513770517528e-01,1.151732812552009183e-01,2.627706175921258880e-01
3.002753730728469073e-02,3.538432834506562152e-02,1.082550923418273414e-01,3.355583457342581899e-01,2.380530538046343181e-01,2.527216424669299077e-01
1.121338692836195278e-01,5.690974857128790199e-02,2.502126993844334124e-01,1.780484808406425645e-01,2.369334995215668371e-01,1.657617023984497839e-01
1.266149245031817361e-01,7.117475302293933825e-02,2.066619460807973541e-01,1.079746124891547004e-01,3.330086166840856010e-01,1.545651472198413534e-01
3.286325768388764085e-02,4.133482701430499229e-02,4.879481924930298420e-02,5.908528985806572598e-01,7.823964542736067118e-02,2.079145520444864170e-01
1.351860823687984769e-01,6.670950095241803823e-02,2.122169029951112285e-01,1.089559810452685462e-01,3.314150225653745285e-01,1.455165100730290983e-01
9.504161808903319186e-02,6.116016743192928540e-02,1.540096714631654373e-01,3.473983340437538647e-01,1.796759082876724367e-01,1.627143006844457562e-01
7.495275810371572478e-02,6.119423812900359055e-02,9.256423444099939890e-02,3.815342661761465526e-01,1.472428576303321801e-01,2.425116455198024490e-01
6.017781055185880690e-02,9.395206700403499478e-02,1.601438112407579661e-01,2.100011922270603737e-01,2.012926128025502581e-01,2.744325061737377114e-01
8.783694546394145430e-02,3.464050461015668464e-02,2.739283272382797563e-01,1.469798746050229588e-01,2.863718584950565305e-01,1.702424895875425948e-01
5.849950269460102437e-02,1.564545311832287594e-02,1.268806605949822641e-01,3.506794924921534107e-01,1.677498732388100489e-01,2.805450178611303969e-01
1.228756249467248263e-01,7.418778907373768661e-02,2.116056706381508890e-01,1.847444334609968930e-01,2.646023517547207993e-01,1.419841301256688226e-01
8.573574122385228813e-02,4.795448295506702513e-02,1.657910323843787281e-01,3.491206679952812975e-01,1.398890591170114106e-01,2.115090163244092991e-01
6.426782855226720326e-02,3.380184196532312613e-02,8.143756487983597192e-02,3.937078921340387838e-01,1.533816532681725742e-01,2.734032192003623130e-01
6.280756017851311934e-02,6.807365772074890076e-02,1.034658591542476636e-01,3.718465402376722184e-01,1.386794209781445353e-01,2.551269617306736182e-01
9.818652483717643653e-02,3.370528997841243379e-02,8.685882884400975001e-02,3.751110056051136787e-01,2.028816447697868730e-01,2.032567059655007724e-01
3.286325768388764085e-02,4.133482701430499229e-02,4.879481924930298420e-02,5.908528985806572598e-01,7.823964542736067118e-02,2.079145520444864170e-01
8.479948422981702094e-02,2.919914892148190583e-02,1.365382102671423015e-01,3.297283666098551058e-01,2.575102190208762853e-01,1.622245709508274569e-01
1.121414308370145552e-01,7.404043695526676960e-02,1.041839506404063365e-01,2.769814263647231711e-01,1.660534200771411895e-01,2.665993351254479782e-01
6.923356265569567680e-02,3.358697014331176595e-02,2.305354385691452956e-01,2.638356397526703256e-01,2.358352142583594324e-01,1.669731746208175382e-01
1.106562198536505254e-01,6.377497000070586619e-02,2.115479635773276079e-01,2.226359379779299374e-01,2.164654949295310993e-01,1.749194136608550887e-01
8.884732604217797369e-02,5.060482664220690430e-02,1.652274813504033268e-01,2.694932299184883973e-01,1.430554391822253801e-01,2.827716968644979345e-01
4.578224296456949449e-02,1.247477948534178940e-02,1.254695114724914129e-01,4.133920178493226683e-01,1.146892865058225242e-01,2.881921617224522114e-01
2.669883914500960700e-02,5.667595238166159982e-02,1.514700761823542519e-01,2.671116766935283660e-01,2.265170924382659545e-01,2.715263631591802174e-01
1.345795913510062225e-01,6.949910395044726907e-02,1.917565458479898177e-01,1.556556935718741430e-01,2.857685890515156424e-01,1.627404762271669469e-01
9.211313141043192543e-02,4.250691785612389223e-02,1.887535618169150775e-01,2.478924742493160693e-01,2.429218488496243944e-01,1.858120658175886342e-01
1.198850756656337085e-01,7.105543070238090619e-02,2.012897409944492400e-01,2.034806650983425058e-01,2.184329741676843961e-01,1.858561133715092295e-01
2.056697449177503911e-01,8.308428154127674159e-02,2.620239284846083705e-01,1.300169141262717265e-01,2.179931184998777360e-01,1.012120124302152008e-01
1.090635150194864400e-01,4.618967249229737060e-02,2.008539460274681443e-01,2.845175085741226129e-01,1.918165756286475954e-01,1.675587822579779618e-01
6.340775663937389672e-02,6.501577158117377575e-02,1.103458468482527016e-01,3.323353927028243060e-01,1.860391466789926562e-01,2.428560855493826498e-01
2.726999999999999980e-01,2.172000000000000042e-01,2.172000000000000042e-01,0.000000000000000000e+00,2.172000000000000042e-01,7.580000000000000626e-02
1.443709374917858113e-01,6.313969370182868912e-02,2.261031714975243745e-01,1.666319812097166453e-01,2.203914604711377512e-01,1.793627556280067425e-01
0.000000000000000000e+00,0.000000000000000000e+00,0.000000000000000000e+00,1.000000000000000000e+00,0.000000000000000000e+00,0.000000000000000000e+00
1.359144555246696306e-01,7.406647119396718437e-02,1.351813054015162108e-01,2.597700181748385240e-01,1.591865764293427521e-01,2.358811732756657120e-01
4.643551982372975950e-02,1.244437644474934851e-02,1.181558826258316403e-01,3.693618324105586437e-01,1.562185539936338241e-01,2.973838347014967631e-01
5.422606616788035183e-02,2.085523985416173551e-02,1.515851030805848154e-01,3.954879198930817408e-01,2.131870048671712092e-01,1.646586661371202132e-01
4.649999999999999967e-02,0.000000000000000000e+00,3.952999999999999847e-01,0.000000000000000000e+00,5.000000000000000000e-01,5.809999999999999887e-02
1.030255445917616502e-01,5.405281332429629632e-02,1.891930010948779106e-01,2.337621551026791422e-01,1.782113046202734585e-01,2.417551812661115629e-01
9.223758480878861687e-02,4.854240849034138078e-02,2.628958090853820706e-01,1.837403600304289841e-01,2.464294198418731652e-01,1.661544177431858171e-01
1.298551138669485905e-01,4.319305762482777977e-02,1.694997016594801675e-01,2.216814073231626603e-01,2.713894445350476525e-01,1.643812749905332604e-01
8.770847908969880979e-02,5.495823552959176739e-02,1.507760866406247791e-01,3.241466496455224222e-01,2.059072786500019681e-01,1.765032704445601841e-01
1.220445426488434570e-01,8.119841813176370549e-02,1.361446453783674848e-01,3.089738871194634418e-01,1.386512288574229257e-01,2.129872778641390685e-01
9.931635601345380204e-02,3.106102278494756591e-02,3.036545350487269701e-01,1.893891263714238271e-01,1.894766178013226610e-01,1.871023419801251808e-01
2.150456402398506495e-01,8.152392833659402593e-02,1.591036583634844181e-01,1.871530136943114486e-01,1.878257514324803146e-01,1.693480079332792820e-01
4.356140466424947288e-02,3.770502888270506336e-02,1.441114362765353873e-01,2.392798210541575987e-01,2.619328742783280650e-01,2.734094348440245237e-01
1.288723479366167823e-01,6.017182364368273140e-02,1.412527645708789303e-01,2.189674515331535842e-01,2.023039897670288190e-01,2.484316225486390417e-01
0.000000000000000000e+00,1.474000000000000032e-01,0.000000000000000000e+00,6.320000000000000617e-02,0.000000000000000000e+00,7.894999999999999796e-01
3.983016974868178184e-03,1.274106294554373841e-03,3.086208974031457580e-02,6.385436886822711822e-01,4.775454461638945630e-02,2.775825536916022851e-01
2.225168692904829285e-02,6.566086022857638149e-02,4.860270297614231738e-02,3.619860611008836604e-01,7.372974070178844874e-02,4.277689480635607500e-01
1.669633210730617767e-01,1.090176692778503098e-01,2.310137479558418694e-01,1.265106669244752680e-01,2.797822755426636609e-01,8.671231922610714293e-02
3.992250352966373456e-02,1.343668587051750907e-02,8.954030354775041611e-02,4.130582359855813346e-01,1.149571228193840278e-01,3.290851482471028877e-01
1.579304266178765959e-01,6.491542619432656702e-02,2.611777000293025730e-01,1.412192794223079972e-01,2.445295628765641049e-01,1.302276048596222868e-01
4.376353497278653165e-02,6.542676883682443933e-02,4.823628030297814201e-02,3.737230605876322165e-01,1.557891455835220818e-01,3.130612097162564500e-01
5.226680124097362462e-02,6.412857260762519496e-02,2.085668391481308725e-01,3.138106721187500781e-01,1.801013855664765906e-01,1.811257293180436601e-01
1.051049693620481618e-01,6.088383464811953499e-02,1.869622233214838780e-01,2.627378153777793490e-01,2.074540952461225440e-01,1.768570620444464003e-01
6.713301985353339885e-02,2.885430396940968922e-02,1.675910379929976546e-01,3.377863018989382127e-01,1.461575182648225113e-01,2.524778180202986166e-01
1.213279527026823457e-01,9.660806189937012900e-02,9.379941585768826473e-02,3.172893669515711168e-01,1.730138561824814958e-01,1.979613464062066619e-01
1.172814597183990948e-01,5.854083218626513624e-02,1.826187200301925273e-01,2.360831071351797428e-01,2.313377829817687970e-01,1.741380979481947366e-01
5.540583212797474399e-02,3.364232960417452151e-02,8.328479132805284568e-02,4.011380890745506189e-01,1.309317975109159371e-01,2.955971603543313675e-01
9.553991018092281018e-02,5.247812365488309372e-02,2.360640355465866147e-01,2.456326672724390980e-01,1.948287735387672914e-01,1.754564898064011613e-01
1.292526809995511450e-01,6.058373940019685933e-02,1.617131600190849783e-01,1.614061170062996153e-01,2.312083211074752453e-01,2.558359814673921151e-01
1.054299436411543500e-01,6.107208150641828953e-02,1.875402922188230681e-01,2.610148152397275267e-01,2.080955230060033134e-01,1.768473443878733620e-01
7.119732768326289540e-02,6.876322463903419835e-02,1.790698365062262931e-01,2.600755276585832720e-01,2.202302052817773914e-01,2.006638782311159497e-01
3.289505020881058200e-02,3.692582395943921902e-02,4.035063824599782051e-02,6.136793744568653786e-01,4.649226841989992365e-02,2.296568447089870346e-01
3.829019511558048178e-02,2.077622772478330063e-02,1.906174481664528464e-01,3.440509546489867176e-01,2.270756282422085326e-01,1.791895461019882285e-01
7.148469829463373337e-02,6.741624881758886967e-02,6.070255234569939262e-02,4.227324614412070747e-01,1.297158485361891156e-01,2.479481905646817863e-01
4.113658622259838693e-02,9.785354284307781758e-03,7.766728437852846167e-02,4.341736580974233650e-01,1.443754596752276631e-01,2.928616573419143831e-01
6.997231289343143479e-02,4.665952225427250077e-02,1.248883075554014233e-01,3.044496999898081424e-01,2.412559634439552791e-01,2.127741938631313168e-01
1.132272910693522122e-01,5.750302473390223740e-02,2.144563553808147005e-01,1.952371560355693203e-01,2.754983353133942936e-01,1.440778374669672290e-01
1.782738264891068625e-01,5.525998227875644764e-02,2.794645095308228577e-01,1.385664167574841843e-01,2.150948020341056088e-01,1.333404629097240390e-01
1.281340709968834257e-01,4.307840822259900726e-02,2.852832475536226653e-01,1.408309669329003422e-01,2.197966551509736022e-01,1.828766511430210406e-01
1.178799668077171320e-01,4.304692242089698528e-02,2.362419495036519324e-01,1.861381324496052536e-01,2.412767504323085344e-01,1.754162783858201624e-01
1.189435666021421562e-01,5.210936200379918948e-02,1.732036401194477493e-01,2.010058086913804609e-01,2.703915095143936131e-01,1.843461130688369143e-01
1.111442676275285757e-01,5.789816506607313451e-02,1.908818335076827855e-01,1.165892122695809247e-01,3.606698625039762018e-01,1.628166590251585166e-01
8.214023047685420353e-02,3.683694447348553197e-02,8.626778902184606412e-02,4.107014403434757766e-01,1.346125678545408155e-01,2.494410278297976014e-01
1.394680599556371303e-01,2.694390897470565899e-02,2.948144539033394906e-01,1.787385755535045306e-01,2.345785522257369526e-01,1.254564493870761743e-01
7.339666774613214095e-02,7.079519559255713357e-02,1.567692106096295057e-01,2.128785205723781881e-01,2.477086409128611277e-01,2.384517645664419316e-01
1.103104391162474940e-01,6.261941434660216188e-02,1.687802225909960652e-01,2.813316373700375239e-01,1.951761984528178062e-01,1.817820881232990460e-01
7.148071801898064903e-02,5.656014522770158592e-02,2.283836919929916331e-01,2.819034889482501249e-01,1.819389290979903095e-01,1.797330267140858084e-01
6.108928365810626510e-02,3.881209091436285674e-02,2.528578765731286926e-01,2.827807718507986401e-01,2.058910387615318638e-01,1.585689382420716054e-01
1.689481007227728870e-01,4.406902885092411903e-02,2.702902479185069207e-01,1.823255461244309705e-01,1.997107817645226435e-01,1.346562946188425425e-01
7.119671005183958457e-02,4.971680208571465504e-02,8.403652975167834327e-02,3.330794056163413619e-01,1.983238094335338098e-01,2.636467430608922524e-01
1.184215359059405115e-01,9.241697764327817810e-02,1.600943364976410155e-01,2.417385827529855424e-01,1.991400937901073032e-01,1.881884734100474632e-01
1.023906643936656480e-01,3.609501275905899892e-02,1.870945958551274990e-01,2.657840935840935503e-01,2.329550820047013304e-01,1.756805514033528692e-01
4.217432181191171220e-02,6.305783796397840257e-02,1.367294316281607303e-01,3.077206962259993461e-01,2.423406935666118645e-01,2.079770188033379652e-01
8.482417902232998463e-02,1.520106588821252755e-02,6.588186506244655960e-02,3.792229205815422222e-01,1.440461112480327655e-01,3.108238581974359649e-01
3.902309841166567289e-02,2.187744034451544195e-02,1.239180471965006802e-01,3.898440943552027860e-01,1.553839004653050637e-01,2.699534192268103205e-01
7.843616272651199317e-02,7.000429922883495693e-02,1.507662858512775761e-01,2.599655663529961136e-01,1.861216511199410284e-01,2.547060347204382902e-01
6.668594043645860447e-02,3.896040504897790857e-02,1.640296052860504283e-01,3.353785297686574518e-01,1.821168324746900713e-01,2.128286869851655216e-01
1.166790727363106323e-01,5.790958296625192681e-02,1.747387329422527280e-01,2.451826345258979745e-01,2.277095792297319232e-01,1.777803975995547459e-01
1.106562198536505254e-01,6.377497000070586619e-02,2.115479635773276079e-01,2.226359379779299374e-01,2.164654949295310993e-01,1.749194136608550887e-01
