0.000000000000000000e+00,0.000000000000000000e+00,4.873243662183109337e-01,1.831091554577728986e-01,1.376568828441422088e-01,1.919095954797739867e-01
0.000000000000000000e+00,2.661622833754770726e-02,1.776655430041910733e-01,2.142049128920286982e-01,1.217346282336976282e-01,4.597786875325348688e-01
0.000000000000000000e+00,0.000000000000000000e+00,3.544255117253110043e-01,3.877728458086262403e-02,2.991685293288098291e-01,3.076286743650166189e-01
5.944940290913221931e-02,0.000000000000000000e+00,3.243480778784043617e-01,0.000000000000000000e+00,5.612858696085011312e-01,5.491664960396229478e-02
7.497040362817386505e-02,4.653472964054209543e-02,1.516996483042919730e-01,1.793732864608324207e-01,3.420027262427802195e-01,2.054192057233793778e-01
1.142999999999999988e-01,1.047499999999999959e-01,0.000000000000000000e+00,5.368999999999999329e-01,1.190499999999999892e-01,1.250000000000000000e-01
1.803798210568853533e-01,8.456712329624546665e-02,3.795263642876896548e-01,0.000000000000000000e+00,2.847028058349958535e-01,7.082388552418367178e-02
4.887543004114163619e-02,4.887543004114163619e-02,4.813965308765736500e-02,6.364773725063745946e-01,6.106619822381720991e-02,1.565659160998674748e-01
5.286848606326702282e-02,2.234398678436501709e-02,2.455886332494087165e-01,2.126976374433846850e-01,8.225018200536360347e-02,3.842510744542109169e-01
1.410961224350688326e-01,7.586972945746962849e-02,4.379843618305968023e-01,3.927413661851036214e-02,2.167244070594759597e-01,8.905124259887838012e-02
2.502970150670572047e-02,2.502970150670572047e-02,1.063249410315593169e-01,5.248821215859809097e-01,0.000000000000000000e+00,3.187335343690482770e-01
2.649999999999999925e-02,4.420000000000000318e-02,2.477999999999999925e-01,2.649999999999999925e-02,5.574999999999999956e-01,9.729999999999999760e-02
5.631619851550630218e-02,1.189593370439102210e-01,1.064025102768828418e-01,0.000000000000000000e+00,6.165805952132578094e-01,1.017413589504429644e-01
1.144796356078660662e-02,2.864426627124478514e-02,5.158890813137453207e-02,5.748339149671572758e-03,6.863530300118940719e-01,2.162174928750285330e-01
3.353554741974413278e-01,2.511767859633999844e-01,9.251239913874836907e-02,0.000000000000000000e+00,2.806168966830280276e-01,4.033844401738215929e-02
0.000000000000000000e+00,0.000000000000000000e+00,2.133162809810838778e-02,6.955848818970103986e-01,5.123989017380674998e-02,2.318435998310746093e-01
0.000000000000000000e+00,0.000000000000000000e+00,0.000000000000000000e+00,5.457499999999999574e-01,0.000000000000000000e+00,4.542500000000000426e-01
0.000000000000000000e+00,0.000000000000000000e+00,1.278358540744360117e-01,4.358197462881022166e-01,2.609713735444414984e-01,1.753730260930202733e-01
0.000000000000000000e+00,0.000000000000000000e+00,3.340306165544622563e-01,2.794550189508273816e-02,1.363970666252737607e-01,5.016268149251811304e-01
1.774768990711579619e-01,3.017064212941972801e-01,1.821024972636847358e-02,8.291614021975547699e-02,1.501615244816052741e-01,2.695287652069155437e-01
1.234628168231599737e-01,1.069349715874398088e-01,2.772889289431407778e-01,1.212285880392400261e-01,2.795788182358023843e-01,9.150587637121700146e-02
9.594353035447070188e-02,3.199695437573862183e-02,3.433590384127621076e-01,2.879317314021255791e-01,9.330050914139431661e-02,1.474682363135086383e-01
3.067985659297186793e-02,7.657692205605777860e-03,2.302216438736608833e-02,8.849382658337183738e-01,2.302216438736608833e-02,3.067985659297186793e-02
1.302389997158500401e-01,1.449436629382961361e-01,2.369577356071833341e-01,2.907140184178289011e-02,2.878509903100104350e-01,1.709372095868771646e-01
1.369656709403032913e-01,0.000000000000000000e+00,2.697659272971932864e-01,2.750681344230483938e-01,8.082479137452175388e-02,2.373754759649331081e-01
1.000000000000000056e-01,3.479999999999999760e-02,1.956499999999999906e-01,4.083499999999999908e-01,8.260000000000000675e-02,1.785999999999999810e-01
1.867411540847105089e-01,1.345210991479555140e-01,2.683455217380820712e-01,0.000000000000000000e+00,3.722642043131796918e-01,3.812802071607236665e-02
6.319220367650094095e-02,6.319220367650094095e-02,6.740824794019387167e-02,2.249875866334568597e-01,6.740824794019387167e-02,5.138115101331536261e-01
8.753700279479272039e-02,6.291279886733537607e-02,2.341675742888193190e-01,0.000000000000000000e+00,5.963272473946572561e-01,1.905537665439526948e-02
1.205102853863585372e-01,6.375605091050726148e-02,3.015451050841713720e-01,2.388297830564715951e-02,3.422522861329744814e-01,1.480532941803411606e-01
5.714631070333866386e-02,1.224196394905004669e-02,8.574518446666565263e-02,3.642238251349775302e-01,2.734895895676432431e-01,2.071531261783248201e-01
8.709564521773913159e-02,6.129693515324233927e-02,2.354882255887205955e-01,0.000000000000000000e+00,5.967701614919254105e-01,1.934903254837258210e-02
1.820494353960055711e-01,8.959308311737276820e-02,1.514695183841046344e-01,1.389864646559632877e-01,3.220869728118804232e-01,1.158145256346733432e-01
1.143000000000000127e-01,1.047499999999999959e-01,0.000000000000000000e+00,5.369000000000000439e-01,1.190500000000000030e-01,1.250000000000000000e-01
2.182783693959285953e-01,1.243704172554616766e-01,2.883302298637968608e-01,6.971735052424656021e-02,2.295862824363197885e-01,6.971735052424656021e-02
2.645660604475185140e-01,3.340695933005057711e-02,9.067603246728012101e-02,0.000000000000000000e+00,1.997476552630556290e-01,4.116032924920952074e-01
5.022349359021480858e-02,0.000000000000000000e+00,3.764314480592123591e-02,5.066388357494472361e-01,1.255097832020572735e-01,2.799847426523593974e-01
0.000000000000000000e+00,1.009029192804287989e-01,0.000000000000000000e+00,5.221789373489789110e-01,0.000000000000000000e+00,3.769181433705922069e-01
9.608616298231051345e-02,3.343798471784405202e-02,4.598039943715165334e-01,0.000000000000000000e+00,2.858233191626835534e-01,1.248485387656453061e-01
3.880986397973217039e-02,0.000000000000000000e+00,3.279235451577961480e-01,5.745716226724405414e-03,1.785097170000720379e-01,4.490111576356752288e-01
8.947807285919726072e-02,2.186289847001841313e-01,7.455648509084347730e-02,7.455648509084347730e-02,4.347134609896576296e-01,1.080665112692741209e-01
0.000000000000000000e+00,4.544999999999999735e-02,3.761999999999999789e-01,1.138499999999999929e-01,6.189999999999998975e-02,4.026000000000000134e-01
0.000000000000000000e+00,0.000000000000000000e+00,3.203839808009599777e-01,4.411779411029448372e-01,1.986900654967251600e-01,3.974801259937003201e-02
0.000000000000000000e+00,0.000000000000000000e+00,2.511038487135279496e-02,8.171979139234708533e-01,0.000000000000000000e+00,1.576917012051763933e-01
1.521491087776822015e-01,1.415234643336139297e-01,3.536821650668436207e-02,3.999067058346066905e-01,1.769422791471748080e-01,9.411022540023790406e-02
8.650012942374829539e-02,0.000000000000000000e+00,3.526896794531604873e-01,1.804422348811922650e-01,1.195889029106706886e-01,2.607790533312282499e-01
0.000000000000000000e+00,0.000000000000000000e+00,1.148690746944236313e-01,4.270618068164645509e-01,4.362978396434424172e-02,4.144393345247676108e-01
2.549872506374681325e-02,6.949652517374130256e-02,1.407929603519824102e-01,5.759712014399279711e-01,0.000000000000000000e+00,1.882405879706014473e-01
1.135056752837641791e-02,1.135056752837641791e-02,1.647582379118955886e-01,0.000000000000000000e+00,8.525426271313565896e-02,7.272863643182158055e-01
0.000000000000000000e+00,6.389923689255688766e-02,1.135589878449983110e-02,1.703408281921293677e-01,0.000000000000000000e+00,7.544040361308138598e-01
3.944930967009469686e-02,3.082387511425223152e-03,2.358279100954346619e-01,0.000000000000000000e+00,4.832275661531747479e-01,2.384128265698707561e-01
0.000000000000000000e+00,0.000000000000000000e+00,0.000000000000000000e+00,8.365000000000000213e-01,0.000000000000000000e+00,1.635000000000000064e-01
1.424656697546949347e-01,0.000000000000000000e+00,2.596062656446003203e-01,3.927554700182029346e-01,6.860376785193005034e-02,1.365688267305716630e-01
0.000000000000000000e+00,2.039999999999999800e-02,1.953999999999999904e-01,4.684499999999999775e-01,6.119999999999998358e-02,2.545499999999999430e-01
5.422262450552826213e-02,2.465507370678721513e-02,1.104557629533694796e-01,4.470664994971834116e-01,4.501906026122189097e-02,3.185809790759098759e-01
2.105739025995995162e-01,2.883592226099755407e-01,8.501437642371774406e-02,0.000000000000000000e+00,3.179594278604900293e-01,9.809307050621703106e-02
6.458995516342018461e-02,0.000000000000000000e+00,5.726443632355477931e-01,0.000000000000000000e+00,1.685745914874846874e-01,1.941910901135472101e-01
3.777805155351959127e-02,2.173147339708651204e-01,1.316177974461572170e-02,4.013862465182809203e-01,2.645502894896399337e-01,6.580889872307858768e-02
3.205263157894736731e-02,1.144210526315789511e-01,1.561368421052631295e-01,1.407578947368421096e-01,1.355631578947368299e-01,4.210684210526314808e-01
6.483876555445002021e-02,4.051814831722196086e-02,0.000000000000000000e+00,1.427773681610119451e-02,2.665414401816572632e-01,6.138239091305695005e-01
9.392612704805737567e-02,1.436542263675860409e-01,1.792865081924173432e-01,1.894472452735547485e-01,4.268019057217999068e-02,3.510057025462045011e-01
2.054999999999999882e-02,0.000000000000000000e+00,4.109999999999999765e-02,4.993500000000000161e-01,3.835500000000000020e-01,5.544999999999999929e-02
4.500629526178463041e-02,1.056638606197272401e-01,1.360561046628774307e-01,7.908103779107093778e-02,5.515291604727345920e-01,8.266354119180520377e-02
1.305496828520839314e-01,2.526766972020417779e-01,3.015619236696884253e-01,4.070934815844971105e-02,1.684997164373360778e-01,1.060026316804002222e-01
1.285003256225684780e-02,0.000000000000000000e+00,2.756560580824100049e-01,2.784345055589813045e-01,2.145300006778122492e-01,2.185294031185395780e-01
0.000000000000000000e+00,0.000000000000000000e+00,4.328000000000000180e-01,5.672000000000000375e-01,0.000000000000000000e+00,0.000000000000000000e+00
1.124822070214492320e-01,3.005618560053687771e-01,9.951056618369581719e-02,2.192626168785009877e-01,4.190177725003717962e-02,2.262809766609480411e-01
7.679232076792322226e-02,6.299370062993701717e-03,3.293170682931707560e-01,0.000000000000000000e+00,5.293470652934707532e-01,5.824417558244175674e-02
1.507677445701771091e-01,3.441966141770354953e-02,2.323819188179022666e-01,1.555314681289168832e-01,2.112983746940436391e-01,2.156008323712565733e-01
0.000000000000000000e+00,0.000000000000000000e+00,4.682123646344533985e-02,4.629389161190150537e-01,0.000000000000000000e+00,4.902398474175395648e-01
1.581340048528529774e-01,1.054226699019019803e-01,1.038006115078262404e-01,6.326519959459574183e-02,3.496003680894501642e-01,2.197771460533730070e-01
0.000000000000000000e+00,8.824715501750247937e-02,2.798611077509385869e-01,2.449086777079864108e-01,1.763954890327457115e-02,3.693435106202979656e-01
1.590079503975198524e-02,1.275063753187659181e-02,5.322766138306915806e-01,6.190309515475772573e-02,2.975648782439121454e-01,7.960398019900995215e-02
1.142999999999999988e-01,1.047499999999999959e-01,0.000000000000000000e+00,5.368999999999999329e-01,1.190499999999999892e-01,1.250000000000000000e-01
5.704296432931101751e-03,2.827346927626719908e-03,2.180264284107625294e-01,3.927359883344930802e-01,2.423085919553776557e-01,1.383973479388089234e-01
0.000000000000000000e+00,1.061111752916143146e-02,2.495673030523647418e-01,3.030607545764128496e-01,2.933562073605782694e-01,1.434046174814826435e-01
1.318003939143163605e-01,5.505898301357709662e-02,3.117794162603497177e-01,6.680155227768679038e-02,3.544561446694675100e-01,8.010350986460253175e-02
1.368289430282965402e-01,0.000000000000000000e+00,2.848536348623756376e-01,0.000000000000000000e+00,4.643696177247191859e-01,1.139478043846086086e-01
0.000000000000000000e+00,0.000000000000000000e+00,0.000000000000000000e+00,6.071499999999999675e-01,0.000000000000000000e+00,3.928500000000000880e-01
0.000000000000000000e+00,0.000000000000000000e+00,0.000000000000000000e+00,5.457499999999999574e-01,0.000000000000000000e+00,4.542499999999999871e-01
5.724115802806250403e-02,5.148648644694945459e-02,1.545103856380263541e-01,3.469020052487776784e-01,1.487557140569133463e-01,2.411042505812706072e-01
1.487329513231017142e-02,1.487329513231017142e-02,1.511043279234652037e-01,5.784601864790818171e-01,8.929036023308656311e-02,1.513985350997461565e-01
7.993924874322456964e-02,0.000000000000000000e+00,4.357627774507049495e-02,2.115832272903800382e-01,7.267653578571281470e-02,5.922247104356120895e-01
2.671799366020845626e-02,0.000000000000000000e+00,1.208754215377856600e-01,7.083277083695890264e-01,3.443723928336680368e-02,1.096416371490500086e-01
1.507447364560448866e-01,8.979267779297811503e-02,2.566675165638768186e-01,2.653691831664954995e-02,2.612795615411214190e-01,2.149785893293291450e-01
1.368499999999999717e-01,5.585000000000000381e-02,2.181499999999999828e-01,0.000000000000000000e+00,5.762500000000000400e-01,1.289999999999999827e-02
1.016941497802446304e-01,0.000000000000000000e+00,0.000000000000000000e+00,3.395643102725858786e-01,8.470182122728603380e-02,4.740397187198833739e-01
2.563175448523103972e-01,1.060969724402970916e-02,2.041756160222561456e-01,1.257743349946781504e-02,4.538622424746572848e-01,6.245746590727865866e-02
2.502295503989762984e-02,0.000000000000000000e+00,7.506886511969289300e-02,6.661726534183382009e-01,7.506886511969289300e-02,1.586666613023784422e-01
1.956840165175602608e-01,1.035771316527240860e-01,2.032917381621966169e-01,5.604819405385313980e-02,2.993339052975728110e-01,1.420650143160930856e-01
7.962789659220259608e-02,0.000000000000000000e+00,7.962789659220259608e-02,5.090267609009754279e-01,7.962789659220259608e-02,2.520895493224168948e-01
7.701606294341396819e-02,1.112072705049168553e-01,1.787978079638939399e-01,1.755076349193563645e-01,2.334483745764279194e-01,2.240228490919910220e-01
1.088122063438626275e-01,7.029765961585732192e-02,2.197113834857742365e-01,1.297731362920502840e-01,3.456466530737337117e-01,1.257589611887217906e-01
2.410575393532467803e-01,1.969543575404680003e-01,2.434351712467892614e-01,0.000000000000000000e+00,2.496549627612612010e-01,6.889796909823470150e-02
1.127289758492199118e-01,1.421522727566539301e-01,8.846486957404289808e-02,1.587598705302702695e-01,2.077692956760885945e-01,2.901247156137242711e-01
0.000000000000000000e+00,0.000000000000000000e+00,2.157526265043020475e-01,5.421165675462007449e-01,5.622148653437755716e-03,2.365086572960594102e-01
2.944144681791809326e-01,4.654628738756395878e-02,3.675744620870237678e-01,6.202708386244572963e-02,1.070985283335348648e-01,1.223391701502506979e-01
9.490792696260433314e-02,3.302795858298630122e-02,2.594619943745871127e-01,3.410763230428676129e-01,7.839394767111118600e-02,1.931318493658433777e-01
1.376656535800307168e-01,1.096478913002664757e-01,3.938001127104661103e-01,0.000000000000000000e+00,2.345184092296136724e-01,1.243679331796231635e-01
0.000000000000000000e+00,3.902907140710058786e-02,0.000000000000000000e+00,3.975470155137385553e-01,2.213131374846236121e-01,3.421107755945373419e-01
1.592841093005724906e-01,1.693611114744056623e-01,9.147166602800366197e-02,1.432083970836854903e-01,3.784609000548067592e-01,5.821381605852598423e-02
1.214439278036098246e-01,8.929553522323883941e-02,4.999750012499375867e-02,0.000000000000000000e+00,1.124943752812359449e-01,6.267686615669215699e-01
0.000000000000000000e+00,0.000000000000000000e+00,4.204469085451119637e-01,0.000000000000000000e+00,4.631882537346932449e-01,1.163648377201948608e-01
0.000000000000000000e+00,0.000000000000000000e+00,7.000000000000000666e-02,7.651000000000000023e-01,0.000000000000000000e+00,1.648999999999999910e-01
8.156935107631779758e-02,7.667149952251792015e-03,7.390220112406600816e-02,3.762801284258956436e-01,1.374667047117920371e-01,3.231144647096766964e-01
2.255926126587340930e-01,1.860366902976829939e-01,4.318198431211041632e-01,0.000000000000000000e+00,1.565508539224789164e-01,0.000000000000000000e+00
1.290558040188756472e-01,0.000000000000000000e+00,4.479505776206289536e-01,0.000000000000000000e+00,4.109116992758707343e-01,1.208191908462476032e-02
5.242959393771792764e-02,0.000000000000000000e+00,9.167274504744372943e-02,1.572376808444035656e-01,4.349118529586331050e-01,2.637481272118017972e-01
3.589632251187558909e-01,1.838798167251395332e-01,1.146642318086986134e-01,0.000000000000000000e+00,2.827153948094876523e-01,5.977733153791833093e-02
2.068775300020791741e-01,1.436244096020548311e-01,1.429858772154978253e-01,4.583455701475048355e-02,2.642294038009665447e-01,1.964482223646511760e-01
1.991723605552909657e-02,9.700717454590773725e-02,3.983447211105819313e-02,1.120072796536676629e-01,3.717399459415175467e-01,3.594938916923198224e-01
0.000000000000000000e+00,2.085000000000000048e-02,1.353999999999999926e-01,2.742999999999999883e-01,0.000000000000000000e+00,5.694500000000000117e-01
1.674033888353724381e-02,1.477493833740043117e-01,2.007251393345652613e-01,4.179787145288254430e-02,4.304007958865026517e-01,1.625864710685078207e-01
1.787653279856461774e-01,1.121070171477913935e-01,2.640494200543380687e-01,0.000000000000000000e+00,3.371716614630918540e-01,1.079065733491326035e-01
2.810416158707267353e-01,1.780331893808325128e-01,2.169496786829775981e-01,0.000000000000000000e+00,2.357480814145171411e-01,8.822743465094605442e-02
8.326543402269288852e-02,4.309273996569080306e-02,4.101011081045275453e-01,2.584078441390907366e-01,1.297453447705481377e-01,7.538752899744988190e-02
7.787212200721434219e-02,1.124433761722005848e-01,6.631530390041120993e-02,3.120843366834318844e-01,1.788082801503233787e-01,2.524765810864186277e-01
1.084944211142213344e-01,3.618264858076646051e-02,3.327090881332017136e-01,4.053117185312656856e-01,5.786012295237950853e-02,5.944200068816521410e-02
2.813723985610652178e-01,1.784757746096684583e-01,2.162380434604195545e-01,0.000000000000000000e+00,2.360360332762586055e-01,8.787775009258819159e-02
3.323833808309584747e-01,1.048447577621119120e-01,2.346882655867206791e-01,0.000000000000000000e+00,1.863406829658517394e-01,1.417429128543573058e-01
1.831630016048443055e-01,1.653122426819642610e-01,2.671246753543543573e-01,1.505264101014791855e-01,2.195283994951399698e-01,1.434527076221786199e-02
5.432631070525394124e-02,7.776118983301054562e-03,1.637534759258635342e-01,3.631296925309657891e-02,5.432631070525394124e-02,6.835048144272309889e-01
6.584042210462852374e-02,0.000000000000000000e+00,2.925444571585127940e-01,2.287616504084439839e-01,4.387654878978743817e-02,3.689769215386273227e-01
2.452903066771190133e-01,1.956747937747876087e-01,3.205097923236749358e-01,0.000000000000000000e+00,1.160142006124508796e-01,1.225109066119676043e-01
9.620481024051202867e-02,1.275063753187659181e-02,4.772238611930596508e-01,0.000000000000000000e+00,3.342167108355417748e-01,7.960398019900995215e-02
2.899382886531010409e-02,1.929540219766431169e-02,2.995841780306027213e-01,4.155072654066489513e-01,9.652633710907129738e-02,1.400929883907027773e-01
1.911370248177308995e-02,0.000000000000000000e+00,4.602572727152570708e-01,1.627128850415352213e-01,2.237167481808252922e-01,1.341993915806093118e-01
0.000000000000000000e+00,1.198798959055768637e-01,0.000000000000000000e+00,9.810463586436307670e-03,5.155044648245069583e-01,3.548051756834798565e-01
0.000000000000000000e+00,2.040102005100255175e-02,1.683584179208960363e-01,7.655382769138457943e-02,6.120306015300764485e-02,6.734836741837091356e-01
3.125123219238839373e-02,6.485454644270166602e-02,2.183690227672725470e-01,1.214795122706728986e-01,6.872308880221901506e-02,4.953225975247455559e-01
1.822500000000000231e-01,1.448500000000000343e-01,2.357000000000000484e-01,2.264000000000000457e-01,1.730500000000000094e-01,3.775000000000000577e-02
9.276914603895719535e-02,7.995098932518487911e-02,1.706929003712476245e-01,3.329297234121419979e-01,1.648194754453631838e-01,1.588377654071051748e-01
1.477366288555324314e-01,8.900394626648398810e-03,4.659954437068247191e-01,0.000000000000000000e+00,2.506360598443172494e-01,1.267314729666773332e-01
0.000000000000000000e+00,0.000000000000000000e+00,0.000000000000000000e+00,5.892818894517748429e-01,4.494418301193608967e-02,3.657739275362890119e-01
4.113234586572421178e-03,0.000000000000000000e+00,1.233970375971726700e-02,1.039856911479573182e-02,7.768450684776661008e-01,1.963034240612483161e-01
6.281999999999999806e-01,0.000000000000000000e+00,0.000000000000000000e+00,0.000000000000000000e+00,1.794999999999999929e-01,1.922999999999999987e-01
1.163137588640796895e-02,0.000000000000000000e+00,3.165763349794008530e-01,1.163137588640796895e-02,5.622143282175368073e-01,9.794658503024651630e-02
2.830141507075353488e-02,1.275063753187659181e-02,2.469623481174058610e-01,1.198559927996399876e-01,4.546727336366818140e-01,1.374568728436421916e-01
0.000000000000000000e+00,0.000000000000000000e+00,4.059863516438724090e-02,5.653994412333203101e-01,1.298661219953509138e-01,2.641358016069414449e-01
2.173099505515365126e-01,1.089749577433484912e-01,2.354501435407544141e-01,4.362732909250931213e-02,3.553976710971197273e-01,3.923994797473154966e-02
1.454708762975421565e-01,4.898906100630456839e-02,4.498504338379903933e-01,0.000000000000000000e+00,2.491479716522380372e-01,1.065416572059248307e-01
7.790698311344106120e-02,2.702263481464884931e-01,6.634499135201955833e-02,8.716657664320916210e-02,1.788883274674872847e-01,3.194667732773543989e-01
1.723456587929004524e-01,4.543991199797496605e-02,4.095896488635388799e-01,0.000000000000000000e+00,2.879230526918059585e-01,8.470172765377964597e-02
8.964999999999999358e-02,3.009999999999999828e-02,2.843999999999999861e-01,0.000000000000000000e+00,5.008500000000000174e-01,9.499999999999998723e-02
1.000000000000000056e-01,3.479999999999999760e-02,1.956499999999999906e-01,4.083499999999999908e-01,8.260000000000000675e-02,1.786000000000000087e-01
5.909143670078757099e-02,2.462143195866148965e-02,1.083343006181105433e-01,3.426106685580699307e-01,2.215928876279534276e-01,2.437492745364170932e-01
1.485934475268406718e-01,1.714230330351945442e-01,0.000000000000000000e+00,2.287987093898900468e-02,1.600082402810176219e-01,4.970954082179581679e-01
0.000000000000000000e+00,0.000000000000000000e+00,0.000000000000000000e+00,4.538229429784927937e-01,3.121944423960867909e-01,2.339826146254204431e-01
9.373269182701032820e-02,3.261897675579959049e-02,1.833880115595457050e-01,2.963263888403817048e-01,7.742320344911053642e-02,3.165107275681521282e-01
1.288064403220160747e-01,0.000000000000000000e+00,1.385069253462672956e-01,4.881244062203110023e-01,0.000000000000000000e+00,2.445622281114055441e-01
2.200000000000000566e-02,0.000000000000000000e+00,6.595000000000000862e-02,5.534999999999999920e-01,7.690000000000001001e-02,2.816500000000000115e-01
8.874340467556998679e-02,4.032515278352204191e-02,5.242053185863014830e-01,6.451088826969478274e-02,4.032515278352204191e-02,2.418900829013897191e-01
0.000000000000000000e+00,0.000000000000000000e+00,3.309999999999999748e-02,4.966999999999999749e-01,9.270000000000000462e-02,3.775000000000000022e-01
1.531863959607845105e-01,1.253482446059873412e-01,1.915024833588684638e-01,1.222411484282440869e-01,3.487175521219276764e-01,5.900417552418790734e-02
6.775311098356381900e-02,9.697994317255213131e-03,1.475955025543909949e-01,5.008951191227197786e-01,6.775311098356381900e-02,2.063051620385063789e-01
1.822499999999999953e-01,1.448500000000000065e-01,2.356999999999999929e-01,2.263999999999999901e-01,1.730500000000000094e-01,3.774999999999999883e-02
8.973382949108049678e-02,8.950961753608460691e-03,5.349093022141119258e-01,0.000000000000000000e+00,1.988956883323302893e-01,1.675102182088689107e-01
0.000000000000000000e+00,0.000000000000000000e+00,1.065375312085472398e-01,6.569167517315951388e-01,5.776488806894605754e-02,1.787808289909115222e-01
2.904999999999999943e-02,0.000000000000000000e+00,3.681000000000000383e-01,2.885500000000000287e-01,1.732500000000000151e-01,1.410500000000000087e-01
0.000000000000000000e+00,0.000000000000000000e+00,0.000000000000000000e+00,8.584500000000000464e-01,0.000000000000000000e+00,1.415500000000000091e-01
0.000000000000000000e+00,0.000000000000000000e+00,0.000000000000000000e+00,8.282437345610135226e-01,0.000000000000000000e+00,1.717562654389864218e-01
4.870917670479368855e-02,0.000000000000000000e+00,4.870917670479368855e-02,3.611899776448427857e-01,1.095956475857857992e-01,4.317960213597839547e-01
0.000000000000000000e+00,0.000000000000000000e+00,0.000000000000000000e+00,6.894931909321615482e-01,0.000000000000000000e+00,3.105068090678383963e-01
1.199192490994799819e-02,0.000000000000000000e+00,1.342708585262227527e-01,3.531211715170198273e-01,3.725885333903244945e-01,1.280275116564847937e-01
1.484855084634201065e-02,1.484855084634201065e-02,1.509609229875460978e-01,5.787942813500799311e-01,8.914181035303962719e-02,1.514058836166504163e-01
0.000000000000000000e+00,1.193674293294005873e-02,1.211994987171555044e-01,4.537124794023431607e-01,4.854988286803216951e-02,3.646013960795291831e-01
0.000000000000000000e+00,0.000000000000000000e+00,2.568028156268263931e-02,7.553456440368854219e-01,0.000000000000000000e+00,2.189740744004319284e-01
8.262342832071507825e-02,0.000000000000000000e+00,3.325500797512326301e-01,1.970579774339091539e-01,1.227095098269421342e-01,2.650590046672011146e-01
1.373006086159964945e-01,3.936173939084181006e-02,2.419756034723730131e-01,1.599827027892306575e-01,2.644520486191239139e-01,1.569272971124340554e-01
1.518144628183929756e-01,1.412121890598753426e-01,3.529042551049441090e-02,4.008075901180939704e-01,1.765531015882674526e-01,9.432223090487572292e-02
1.142999999999999988e-01,1.047499999999999959e-01,0.000000000000000000e+00,5.368999999999999329e-01,1.190499999999999892e-01,1.250000000000000000e-01
7.947806501758279685e-02,0.000000000000000000e+00,7.947806501758279685e-02,3.690512485771270113e-01,7.947806501758279685e-02,3.925145563701245011e-01
1.866093304665233377e-01,8.140407020351017597e-02,2.147107355367768311e-01,2.742137106855342399e-01,5.910295514775738140e-02,1.839591979598980132e-01
6.702468720011159342e-02,0.000000000000000000e+00,1.091447436118928305e-01,5.732212993930716483e-01,2.514724698050698273e-02,2.254620228144169347e-01
0.000000000000000000e+00,1.176500000000000185e-01,3.761999999999999789e-01,6.189999999999998975e-02,3.559999999999999831e-01,8.824999999999999512e-02
0.000000000000000000e+00,0.000000000000000000e+00,1.456303664750688807e-02,5.237409999501185798e-01,4.838836457957559900e-03,4.568571269444170468e-01
0.000000000000000000e+00,0.000000000000000000e+00,0.000000000000000000e+00,9.241729446329868258e-01,0.000000000000000000e+00,7.582705536701317417e-02
0.000000000000000000e+00,0.000000000000000000e+00,4.327652212866709425e-01,2.484852671176787375e-01,0.000000000000000000e+00,3.187495115956502367e-01
2.234791280663049329e-01,1.413180639116223825e-01,3.212361473839581150e-01,0.000000000000000000e+00,1.880387882099512076e-01,1.259278724281632789e-01
1.518144628183929756e-01,1.412121890598753426e-01,3.529042551049441090e-02,4.008075901180939704e-01,1.765531015882674526e-01,9.432223090487572292e-02
1.531863959607845105e-01,1.253482446059873412e-01,1.915024833588684638e-01,1.222411484282440869e-01,3.487175521219276764e-01,5.900417552418790734e-02
0.000000000000000000e+00,0.000000000000000000e+00,0.000000000000000000e+00,6.661755326413109080e-01,0.000000000000000000e+00,3.338244673586892031e-01
0.000000000000000000e+00,9.170210600893229091e-02,5.828114594801740017e-02,6.207110418182945066e-01,6.880180010791178691e-02,1.605039061168440917e-01
3.931533399830899889e-02,1.600313461656966973e-01,1.258688639793771047e-01,3.931533399830899889e-02,4.577556284123501795e-01,1.777134934459579374e-01
5.519999999999999907e-02,0.000000000000000000e+00,3.897000000000000464e-01,0.000000000000000000e+00,3.992000000000000548e-01,1.558999999999999830e-01
0.000000000000000000e+00,0.000000000000000000e+00,7.000000000000000666e-02,7.651000000000001133e-01,0.000000000000000000e+00,1.649000000000000188e-01
1.735465943028467184e-01,1.270971330367010876e-01,1.001672479288465284e-01,2.360459458474522820e-01,3.631430788841534252e-01,0.000000000000000000e+00
0.000000000000000000e+00,0.000000000000000000e+00,0.000000000000000000e+00,6.071499999999999675e-01,0.000000000000000000e+00,3.928500000000000325e-01
5.186020102184192571e-02,6.341239159625992883e-02,2.444805807692650990e-01,6.956537468175728878e-02,1.888794856313196213e-01,3.818019662995560393e-01
0.000000000000000000e+00,1.167032266673190405e-01,1.406730107826232867e-01,1.174375188547159554e-02,3.620445720596092154e-01,3.688354386049769174e-01
5.174802356818628685e-02,8.134748478075831679e-02,1.109469459933303676e-01,6.108284580850543710e-01,9.614721538704434911e-02,4.898187218562628092e-02
1.518144628183929756e-01,1.412121890598753426e-01,3.529042551049441090e-02,4.008075901180939704e-01,1.765531015882674526e-01,9.432223090487572292e-02
4.983005361921505338e-02,0.000000000000000000e+00,3.734825656255007925e-02,5.001097167743826510e-01,1.245265667443152119e-01,2.881854062995371502e-01
0.000000000000000000e+00,0.000000000000000000e+00,0.000000000000000000e+00,8.199983009212099550e-01,0.000000000000000000e+00,1.800016990787899340e-01
1.088057734734838022e-01,7.221838337548515396e-02,2.873561504726969695e-01,0.000000000000000000e+00,3.901663486377117684e-01,1.414533440406222919e-01
2.565000000000000058e-01,1.094999999999999966e-02,2.666499999999999981e-01,9.335000000000000242e-02,9.650000000000000244e-02,2.760500000000000176e-01
0.000000000000000000e+00,0.000000000000000000e+00,2.779861006949652449e-02,4.999750012499374896e-01,2.779861006949652449e-02,4.444277786110694128e-01
0.000000000000000000e+00,3.902907140710058786e-02,0.000000000000000000e+00,3.975470155137385553e-01,2.213131374846236121e-01,3.421107755945373419e-01
3.258944093276344711e-02,1.975181755228215819e-01,8.474284324696468307e-02,1.500675596067314321e-01,7.166587958674047742e-02,4.634161011039784617e-01
1.589677157150041764e-01,5.954709035017602403e-02,3.034396212747526578e-01,0.000000000000000000e+00,3.112749320545852294e-01,1.667706406054819956e-01
1.290236363324851199e-01,1.150653004790742479e-01,2.580983711348049381e-01,0.000000000000000000e+00,3.495701458721958144e-01,1.482425461814398659e-01
1.141909999866039804e-01,7.811512083675757612e-02,1.141909999866039804e-01,3.622996779141035573e-01,9.014041388670639143e-02,2.410627873892244033e-01
9.649586783665571599e-02,2.155467614449411706e-01,1.783756691385474935e-01,1.616335366022211284e-01,1.144495618525216002e-01,2.334986031251128635e-01
2.771000000000000130e-01,1.879500000000000060e-01,1.997499999999999831e-01,6.894999999999999740e-02,1.973000000000000309e-01,6.894999999999999740e-02
0.000000000000000000e+00,0.000000000000000000e+00,3.063346832658366825e-01,3.279836008199590175e-02,3.847807609619519620e-01,2.760861956902154746e-01
2.726999999999999980e-01,2.172000000000000042e-01,2.172000000000000042e-01,0.000000000000000000e+00,2.172000000000000042e-01,7.580000000000000626e-02
1.295353439142074015e-01,0.000000000000000000e+00,3.667359271562537493e-01,9.906235540022848007e-02,1.975458289904471476e-01,2.071205445388632493e-01
0.000000000000000000e+00,0.000000000000000000e+00,0.000000000000000000e+00,1.000000000000000000e+00,0.000000000000000000e+00,0.000000000000000000e+00
0.000000000000000000e+00,0.000000000000000000e+00,7.119371022115100756e-02,5.460362098734454772e-01,0.000000000000000000e+00,3.827700799054033487e-01
0.000000000000000000e+00,3.917529070993157336e-02,0.000000000000000000e+00,3.960890848985655910e-01,2.221422695009301618e-01,3.425933548905726322e-01
1.804748197628724404e-01,1.434391091503543214e-01,1.851785530625906992e-02,3.971813698012295890e-01,1.526980368034838720e-01,1.076888091758005372e-01
4.649999999999999967e-02,0.000000000000000000e+00,3.952999999999999847e-01,0.000000000000000000e+00,5.000000000000000000e-01,5.809999999999999887e-02
8.209941107984895792e-02,6.156142660625910090e-02,1.969755544142249570e-01,1.101730720475744829e-01,1.846842798187773305e-01,3.645062560333151569e-01
0.000000000000000000e+00,0.000000000000000000e+00,0.000000000000000000e+00,3.784334588867911409e-01,3.321953797954975141e-01,2.893711613177114006e-01
3.400000000000000244e-02,4.850000000000000144e-03,5.825000000000000316e-02,6.814500000000000002e-01,5.825000000000000316e-02,1.631999999999999840e-01
0.000000000000000000e+00,0.000000000000000000e+00,0.000000000000000000e+00,8.622785772626958556e-01,0.000000000000000000e+00,1.377214227373040611e-01
2.444583065784055875e-01,8.524868863038977118e-02,1.545351157718350688e-01,5.584060977689919020e-02,2.682395623984588640e-01,1.916777168440114421e-01
4.062974512564321988e-02,0.000000000000000000e+00,3.933762242673998211e-01,3.112229588913365541e-01,1.440257116256139780e-01,1.107453600900065727e-01
1.311310194675302243e-01,1.582066353833164463e-01,9.013088597049900841e-02,1.537856926827844972e-01,1.516062977435566617e-01,3.151394687523131899e-01
2.618430755327127296e-02,1.165877154665754950e-01,1.245142023920491198e-01,4.586037681295487833e-02,4.028413372818522298e-01,2.840120604932968584e-01
1.260683267560560872e-01,1.675167124383620532e-01,7.841191448770319650e-02,7.043456186102328709e-02,2.648988791704168788e-01,2.926696052864384834e-01
0.000000000000000000e+00,1.474000000000000032e-01,0.000000000000000000e+00,6.320000000000000617e-02,0.000000000000000000e+00,7.894999999999999796e-01
0.000000000000000000e+00,0.000000000000000000e+00,0.000000000000000000e+00,8.196952617785553397e-01,0.000000000000000000e+00,1.803047382214446603e-01
0.000000000000000000e+00,1.222166080819105383e-01,0.000000000000000000e+00,1.679519215635049689e-01,0.000000000000000000e+00,7.098314703545844928e-01
2.182943183379658647e-01,1.243917193026118223e-01,2.882890606224133290e-01,6.967929932862469700e-02,2.296663030797594651e-01,6.967929932862469700e-02
0.000000000000000000e+00,0.000000000000000000e+00,1.069396528692545256e-01,4.693253574751797830e-01,6.416379172155271815e-02,3.595711979340129871e-01
2.135760162040376553e-01,1.847337644933454703e-01,3.272701568782696024e-01,0.000000000000000000e+00,1.927911127724487028e-01,8.162894965189847196e-02
3.074840380328416195e-02,7.674801589299726397e-03,2.307360221398443642e-02,8.846811863761631090e-01,2.307360221398443642e-02,3.074840380328416195e-02
0.000000000000000000e+00,0.000000000000000000e+00,4.529091309708714874e-01,0.000000000000000000e+00,2.756437389216199185e-01,2.714471301075085941e-01
6.843487288550351155e-02,9.795579844395600755e-03,1.490806740701851041e-01,4.532248642737720101e-01,6.843487288550351155e-02,2.510291360406402550e-01
0.000000000000000000e+00,8.750437521876094221e-03,0.000000000000000000e+00,7.885894294714734798e-01,0.000000000000000000e+00,2.026601330066503115e-01
1.353182789876337666e-01,1.123069307512011422e-01,8.376845842091613925e-02,2.137124248361268741e-01,1.912773584703537921e-01,2.636165485337683134e-01
7.913832460485913101e-02,2.965795721329328449e-02,3.581890754474334471e-01,4.942992868882214313e-02,3.188976848406482323e-01,1.646870292049436857e-01
0.000000000000000000e+00,0.000000000000000000e+00,0.000000000000000000e+00,7.407483154832290584e-01,0.000000000000000000e+00,2.592516845167709416e-01
0.000000000000000000e+00,0.000000000000000000e+00,0.000000000000000000e+00,7.204111330709574990e-01,0.000000000000000000e+00,2.795888669290423900e-01
1.402663755953173497e-01,2.597847464577974011e-02,1.922233248868768229e-01,0.000000000000000000e+00,3.117243082574636670e-01,3.298075166145623682e-01
7.010070997493358935e-02,1.003402319249049358e-02,1.527095858473553058e-01,4.442968485003560009e-01,7.010070997493358935e-02,2.527581225099310713e-01
9.507431197576349247e-02,8.461003792918661559e-02,2.997187411621601849e-01,3.929502859153925776e-02,3.922032667161745589e-01,8.909861362517584871e-02
1.503500000000000114e-01,1.398500000000000021e-01,3.495000000000000190e-02,4.166500000000000203e-01,1.748500000000000054e-01,8.334999999999999354e-02
0.000000000000000000e+00,0.000000000000000000e+00,0.000000000000000000e+00,3.556474239877407406e-01,4.629454523209033390e-01,1.814071236913558371e-01
1.142999999999999988e-01,1.047499999999999959e-01,0.000000000000000000e+00,5.368999999999999329e-01,1.190499999999999892e-01,1.250000000000000000e-01
0.000000000000000000e+00,0.000000000000000000e+00,1.615000000000000116e-02,7.055500000000000105e-01,1.573499999999999899e-01,1.209500000000000020e-01
5.952445057059398137e-02,0.000000000000000000e+00,3.239611039332532250e-01,0.000000000000000000e+00,5.614158618829623304e-01,5.509858361319050490e-02
5.836994502878841556e-02,0.000000000000000000e+00,6.675814291132689537e-02,3.803002771321651876e-01,3.235958024622861973e-01,1.709758324654332418e-01
6.544518550627395626e-02,0.000000000000000000e+00,2.907883281359637806e-01,3.655711034924545855e-01,4.361316017019967878e-02,2.345822226951079781e-01
2.817271120699707532e-01,4.298478078242557593e-02,3.831702494272383186e-01,5.728105831943765269e-02,1.054612119270605941e-01,1.293755874738672929e-01
1.264936753162342054e-02,0.000000000000000000e+00,2.121393930303484554e-01,5.064746762661867518e-02,6.010199490025499580e-01,1.235438228088595464e-01
0.000000000000000000e+00,0.000000000000000000e+00,7.439012856503358917e-02,3.278199382004663986e-01,2.460867760113433222e-01,3.517031572231565928e-01
1.000000000000000056e-01,3.479999999999999760e-02,1.956499999999999906e-01,4.083499999999999908e-01,8.260000000000000675e-02,1.786000000000000087e-01
0.000000000000000000e+00,0.000000000000000000e+00,0.000000000000000000e+00,7.416480070773738831e-01,0.000000000000000000e+00,2.583519929226261724e-01
4.235357131060600577e-02,8.351537118758271469e-03,5.718256005093491634e-01,5.745184647486117208e-02,2.212129059575873857e-01,9.880453862883804839e-02
0.000000000000000000e+00,2.742554485842985112e-01,0.000000000000000000e+00,8.091517340903135735e-02,2.936807858960875928e-01,3.511485921105825248e-01
6.748484923748664099e-02,4.497662030054452864e-02,3.856277099284951410e-02,5.816128525631211188e-01,0.000000000000000000e+00,2.673629069059981211e-01
1.822500000000000231e-01,1.448500000000000343e-01,2.357000000000000484e-01,2.264000000000000179e-01,1.730500000000000371e-01,3.775000000000000577e-02
0.000000000000000000e+00,0.000000000000000000e+00,5.491193404367588071e-01,2.287946826396031197e-01,1.904938059963126595e-02,2.030365963240068627e-01
2.200000000000000219e-02,0.000000000000000000e+00,6.594999999999999474e-02,5.534999999999999920e-01,7.689999999999999614e-02,2.816499999999999559e-01
3.465173258662932604e-02,1.435571778588929093e-01,2.807640382019100933e-01,2.836141807090354350e-01,1.633581679083953853e-01,9.405470273513673318e-02
2.058999999999999997e-01,2.352999999999999814e-01,4.349999999999999700e-02,2.173999999999999821e-01,1.593999999999999861e-01,1.384999999999999842e-01
1.619668047288281010e-01,7.137312710272619709e-02,7.412766459811444275e-02,3.139397594828829963e-01,2.442968698687652540e-01,1.342957742186828840e-01
1.197845102234439997e-02,9.040924040932461075e-03,1.238108803149883391e-01,2.377531750115643716e-01,3.515021089918205499e-01,2.659144606183498905e-01
8.038038611111389398e-02,0.000000000000000000e+00,1.023212218046216787e-01,3.947332876721654227e-01,8.038038611111389398e-02,3.421847183009852356e-01
0.000000000000000000e+00,0.000000000000000000e+00,3.203839808009599777e-01,4.411779411029448372e-01,1.986900654967251600e-01,3.974801259937003201e-02
5.691024433511366470e-02,4.729374196456245100e-02,2.373834719160486384e-01,2.294511787717245510e-01,4.139369053776216500e-02,3.875676724747885160e-01
1.843039819884299824e-01,1.371415686870030293e-01,2.921236918427146945e-01,0.000000000000000000e+00,2.985659433851843292e-01,8.786481409666799247e-02
0.000000000000000000e+00,0.000000000000000000e+00,2.986053411850266709e-02,7.670173674007518816e-01,8.958160235550799433e-02,1.135404961252374501e-01
2.565000000000000058e-01,1.094999999999999966e-02,2.666499999999999981e-01,9.335000000000000242e-02,9.650000000000000244e-02,2.760500000000000176e-01
