1.713464126865463788e-01,3.467389326342814465e-02,2.769960440612556085e-01,2.191094957284714650e-01,1.422432943313512721e-01,1.556308599289472072e-01
7.581747418099353542e-02,1.234860618494844353e-02,2.423139765382934518e-01,4.294592323412190216e-01,1.265603099409828292e-01,1.135004008135628295e-01
1.738258509232472604e-01,1.624879459980713495e-02,3.361102182220793710e-01,1.679434979820707829e-01,1.358655666273795581e-01,1.700060716454159238e-01
1.767653163477100331e-01,1.650669513023921356e-02,2.909060110248722908e-01,2.353714312537373843e-01,1.360700269193012846e-01,1.443805193241398110e-01
6.651267618694843564e-02,1.752764830378350513e-02,2.220570168465077487e-01,3.672179862633478953e-01,2.203867778106304853e-01,1.062978945887819299e-01
5.136752279204653826e-02,6.825113751895864334e-02,1.283188053134218798e-01,4.328405473424556948e-01,6.475107918465307366e-02,2.544709078484641562e-01
1.108401495193037239e-01,4.178816259534613720e-02,3.292735072207892411e-01,2.399929654202126728e-01,1.540710906357328769e-01,1.240341246086152788e-01
1.708999999999999964e-01,1.566000000000000031e-02,2.272280000000000133e-01,4.074260000000000104e-01,9.475000000000000089e-02,8.403599999999999959e-02
1.724659090909090864e-01,2.366590909090909162e-02,3.140613636363636108e-01,1.829568181818181649e-01,1.216545454545454596e-01,1.851954545454545242e-01
8.542210353826545921e-02,2.457419984882508457e-02,3.122368921968363686e-01,3.702081965494601334e-01,7.311293428305021269e-02,1.344456735835627414e-01
5.444635752708322507e-02,2.019538704173264032e-02,2.269588910922929748e-01,5.260716772810626329e-01,5.147431564369831652e-02,1.208533714141301479e-01
2.649999999999999925e-02,4.420000000000000318e-02,2.477999999999999925e-01,2.649999999999999925e-02,5.574999999999999956e-01,9.729999999999999760e-02
3.265927514975162926e-02,7.843500466681631311e-02,2.402136102254755490e-01,1.982443318857481929e-01,2.800182621889984458e-01,1.704295158832097590e-01
4.976300427649230085e-02,2.207352965088862917e-02,2.081883445259272158e-01,2.408665181547667289e-01,3.014195352769963865e-01,1.776890681149286833e-01
2.251397815283018022e-01,3.809057807318461802e-02,3.179107862588194666e-01,1.542105892878508355e-01,1.934672783540869745e-01,7.118098649775615738e-02
1.752122208225603134e-02,0.000000000000000000e+00,1.236937310380312044e-01,6.001038724755681786e-01,1.331874172367017994e-01,1.254937571674427377e-01
1.439796455345916104e-01,0.000000000000000000e+00,1.757228409036884209e-01,4.144828841175824397e-01,1.282711655456082178e-01,1.375434638985293112e-01
2.049626508729261720e-02,0.000000000000000000e+00,1.836550635001198140e-01,4.529725527784014272e-01,2.353344062913326207e-01,1.075417123428534655e-01
1.764829005662988393e-01,1.645871367605846944e-02,2.922985685547170864e-01,2.346872565322046245e-01,1.361117248276102754e-01,1.439608358431107848e-01
1.770755311918985053e-01,2.195994554913129754e-02,3.429731235573479364e-01,1.566584963151782806e-01,2.349469267301110553e-01,6.638597665633297340e-02
1.670757705927006787e-01,1.401726418567863508e-01,3.033210147595605255e-01,9.226657211820375737e-02,2.203751937561649332e-01,7.678880691658371282e-02
4.946729374322197254e-02,1.215714698332942892e-02,3.445707559251650620e-01,3.891581333754775551e-01,9.194864221213427946e-02,1.126980277606718511e-01
1.415158283053879855e-02,0.000000000000000000e+00,2.126026423102992391e-01,6.062268742291410106e-01,6.153760680911587316e-02,1.054812938209051532e-01
4.970755035645078868e-02,1.237355330761435654e-02,2.129260075734679680e-01,4.167518533662820657e-01,5.610766413625131038e-02,2.521333712599335142e-01
6.603351823855715952e-02,0.000000000000000000e+00,2.514875262504632780e-01,4.577771960681659147e-01,7.563001111784325992e-02,1.490717483249704434e-01
4.905349216652922506e-02,1.221074053930770384e-02,2.103071983719012605e-01,4.189248934191827645e-01,5.536939244548148148e-02,2.541342830575974432e-01
9.088087725650441373e-02,4.017310643286951810e-02,2.433886791151571305e-01,2.628114277832376278e-01,1.192779185848031748e-01,2.434679908274280380e-01
4.997918885171111214e-02,3.397352389498208003e-02,1.248506732541608821e-01,4.261339373070914816e-01,6.300102163818872836e-02,3.020616550538657297e-01
8.501284146790617779e-02,3.880491837258308319e-02,2.852547648172182870e-01,5.436796527345953006e-02,5.105831488861456435e-01,2.597636118268734085e-02
1.556294117647058772e-01,2.297647058823529612e-02,3.186529411764705833e-01,1.660205882352941142e-01,2.167558823529412149e-01,1.199647058823529455e-01
9.635664253912451516e-02,6.139212960419845183e-02,1.599530689022320429e-01,3.983791024216277732e-01,1.166685681367143068e-01,1.672504883961029865e-01
1.119263143249682596e-01,4.742091441887966857e-02,3.492004486878488856e-01,7.011182414218883330e-02,3.638414984087233184e-01,5.749900001739099986e-02
8.576759699565349171e-02,3.546673081837615343e-02,2.017970058343774575e-01,3.093338928520025788e-01,2.617617137808776473e-01,1.058730597187126782e-01
1.024850414173569396e-01,7.046784113068550737e-02,1.527692128202136623e-01,3.928398806646776764e-01,1.069684494741579006e-01,1.744695744929082026e-01
1.554632653061224223e-01,6.579183673469386762e-02,3.504428571428571115e-01,1.634346938775509961e-01,1.740693877551020008e-01,9.079795918367346286e-02
1.439796455345916104e-01,0.000000000000000000e+00,1.757228409036884209e-01,4.144828841175824397e-01,1.282711655456082178e-01,1.375434638985293112e-01
1.203894322963226376e-01,8.110435992908406055e-02,1.700408395489149405e-01,2.424107097039389092e-01,2.808747279271304187e-01,1.051799305946089919e-01
1.148420671572088353e-01,3.600064801166421441e-02,1.448246068429231703e-01,4.661523907430333846e-01,7.033726607078927273e-02,1.678430211743811851e-01
4.905349216652922506e-02,1.221074053930770384e-02,2.103071983719012605e-01,4.189248934191827645e-01,5.536939244548148148e-02,2.541342830575974432e-01
1.690850435307835464e-01,0.000000000000000000e+00,3.334560022080397257e-01,1.553787968183427404e-01,1.340104121874193810e-01,2.080697452554145788e-01
1.298572132491849773e-01,3.461028653717128367e-02,1.588709428143881275e-01,4.420625439787920774e-01,1.038490420578165319e-01,1.307499713626470716e-01
1.276786850670012241e-01,1.487481590574373999e-02,2.189403443698976215e-01,3.036982490590738881e-01,1.076274114074801391e-01,2.271804941908034947e-01
9.099938180694194800e-02,2.383679703267331876e-02,2.085628829615083779e-01,4.409830178730521633e-01,1.178225967744867958e-01,1.177953235513372610e-01
1.513508454326635833e-01,0.000000000000000000e+00,2.369414839313336019e-01,3.264859522604435238e-01,1.495179441867642567e-01,1.357037741887949511e-01
2.160290505446977039e-01,5.717919710994581045e-02,2.766395619917872972e-01,2.020037875710169462e-01,1.644280830265567317e-01,8.372031975599540654e-02
4.197020368829272596e-02,1.909804823950546349e-02,2.577732179220784126e-01,2.453500141005655610e-01,2.579938095921909258e-01,1.778147064573669944e-01
4.106438298878162252e-02,0.000000000000000000e+00,1.768032146039018870e-01,5.359351988217968543e-01,1.051564573901343502e-01,1.410407461953853692e-01
8.244340897719196204e-02,2.997460852209695575e-03,1.695050703369543887e-01,4.004868949108391085e-01,2.038612486184863126e-01,1.407059163043185013e-01
9.546343939333903905e-02,6.089063234103735817e-02,1.597994652658670522e-01,4.002581214869156412e-01,1.156659741916250261e-01,1.679223673212160151e-01
1.225535556278505717e-01,0.000000000000000000e+00,3.133309619442690153e-01,3.114182383448547697e-01,1.301639423119524130e-01,1.225333017710731748e-01
1.593026315789473346e-01,1.123684210526316009e-03,3.075473684210526248e-01,2.657684210526315982e-01,1.633842105263157984e-01,1.028736842105262977e-01
1.764829005662988393e-01,1.645871367605846944e-02,2.922985685547170864e-01,2.346872565322046245e-01,1.361117248276102754e-01,1.439608358431107848e-01
3.360546800835389342e-02,1.060904928715014931e-03,2.988143083030303515e-01,4.091397249473532893e-01,1.818886716513738455e-01,7.549092216117347931e-02
1.764800275353960168e-01,1.645844573852536796e-02,2.748586020205027181e-01,3.189943068708254725e-01,1.244860369495246477e-01,8.872258088522576303e-02
2.832792839126383605e-02,0.000000000000000000e+00,2.120419887012106597e-01,5.102471669690575862e-01,1.002223883653264591e-01,1.491605275731413272e-01
1.732549904792614892e-01,0.000000000000000000e+00,3.607859864525911897e-01,1.566584963151782528e-01,2.214607445564437949e-01,8.783978219652517627e-02
4.905349216652922506e-02,1.221074053930770384e-02,2.103071983719012605e-01,4.189248934191827645e-01,5.536939244548148148e-02,2.541342830575974432e-01
1.764829005662988393e-01,1.645871367605846944e-02,2.922985685547170864e-01,2.346872565322046245e-01,1.361117248276102754e-01,1.439608358431107848e-01
5.875415618829009368e-02,5.302621141285084744e-02,2.254286992185522143e-01,2.985459670205404259e-01,8.793819304967172290e-02,2.763067731100946611e-01
1.630316203573612954e-01,0.000000000000000000e+00,1.384601398370221004e-01,2.952354584373295676e-01,1.595142068463941687e-01,2.437585745218929234e-01
1.144157166493936367e-01,3.636429753268241583e-02,1.399843633520609643e-01,4.519991272568592566e-01,6.194885361552028569e-02,1.952876415934835241e-01
2.099166942033774824e-02,0.000000000000000000e+00,1.481938816327240394e-01,6.025278700499140383e-01,1.595679924868258492e-01,6.871858641019842895e-02
5.277206720885554286e-02,1.204636234088666928e-02,2.380656588287105302e-01,2.798433049802785400e-01,1.751222617314530661e-01,2.421503449098157679e-01
8.739131171714774327e-02,4.988220139324395230e-02,2.576823335988745467e-01,3.505195003305140444e-01,9.252699198291496063e-02,1.619976609773046972e-01
7.435760386673334610e-02,1.200020690011896832e-02,2.364178692736081666e-01,3.756788910153623373e-01,1.248182439927125326e-01,1.767271849514646664e-01
0.000000000000000000e+00,0.000000000000000000e+00,4.328000000000000180e-01,5.672000000000000375e-01,0.000000000000000000e+00,0.000000000000000000e+00
4.720316074027865183e-02,9.437616174507405808e-02,2.065767271607466538e-01,4.334715919102065107e-01,9.840645481833523722e-02,1.199659036253589578e-01
1.731740543836957080e-01,2.065577156683863231e-03,2.700971640937115947e-01,2.927217913471988897e-01,1.650887952275331694e-01,9.685261779117669556e-02
6.614503672055720152e-02,1.173035355386735194e-02,2.269902064469191960e-01,3.064995877803199376e-01,2.159480561068204407e-01,1.726867593915160370e-01
1.738227468347648963e-01,1.624850443757924062e-02,2.674244182931838076e-01,2.278701405382239087e-01,1.221307523348631324e-01,1.925034375613850213e-01
2.254856014508720696e-01,5.813361243410905543e-02,2.504004305157714882e-01,1.681897150799166185e-01,1.695045678740317863e-01,1.282860726452990652e-01
4.551702004451235739e-02,1.133041700678848185e-02,2.919582411806703748e-01,3.735153828085573946e-01,5.137758056526501443e-02,2.263013583942064533e-01
1.767624303303529931e-01,1.650642562822582371e-02,2.948197007700141259e-01,2.075140155635511463e-01,1.618805243361612911e-01,1.425169033716945644e-01
9.546343939333903905e-02,6.089063234103735817e-02,1.597994652658670522e-01,4.002581214869156412e-01,1.156659741916250261e-01,1.679223673212160151e-01
4.725793547950916940e-02,1.176377793052159164e-02,2.308979458460567180e-01,4.832768995008281387e-01,5.334264820219274811e-02,1.734607930408915144e-01
1.324061627955791694e-02,3.712140954423795696e-03,2.153720972784497478e-01,5.273065928225340038e-01,1.264082412459930083e-01,1.139603114190413935e-01
6.709572118123327544e-02,2.000032143373732876e-02,2.488414992383806423e-01,2.914796844949293919e-01,2.711561435808790277e-01,1.014266300708404483e-01
1.729730769230769238e-01,2.360769230769230870e-02,2.442288461538461297e-01,2.026884615384615396e-01,1.976461538461538603e-01,1.588557692307692171e-01
1.764829005662988393e-01,1.645871367605846944e-02,2.922985685547170864e-01,2.346872565322046245e-01,1.361117248276102754e-01,1.439608358431107848e-01
1.429414762866378363e-01,0.000000000000000000e+00,1.853068123899172526e-01,4.077982154493313138e-01,1.286282960315361101e-01,1.353251998425775982e-01
6.107591461123603599e-02,1.928530552552934138e-02,2.271524939738839288e-01,4.019043682838430720e-01,1.513468441649277185e-01,1.392350734405798929e-01
1.280041116852793370e-01,5.100303725168259250e-02,2.576059200826058548e-01,2.300636753070973151e-01,1.916422089610552992e-01,1.416810467122797124e-01
7.974241392131939388e-02,1.972804370458009285e-02,2.179949815856935813e-01,2.211712324180184208e-01,1.585326572363951469e-01,3.028306711339934232e-01
4.871970344381285067e-02,0.000000000000000000e+00,3.680455183983441514e-01,3.875608524186511250e-01,1.254811258853054667e-01,7.019279985388655885e-02
1.761088903123623206e-01,1.639517064113063874e-02,2.941427671783062303e-01,2.337811869065670456e-01,1.361669464062251200e-01,1.434050385554087315e-01
4.970755035645078868e-02,1.237355330761435654e-02,2.129260075734679680e-01,4.167518533662820657e-01,5.610766413625131038e-02,2.521333712599335142e-01
1.435305773130663154e-01,0.000000000000000000e+00,1.798684626690729427e-01,4.115913784442501444e-01,1.284256451282814737e-01,1.365839364453292348e-01
5.476189177444311385e-02,3.428300250372285501e-02,1.707168065805909629e-01,3.900316556390129308e-01,1.905611284753473134e-01,1.596455150268827339e-01
4.648305084745762289e-02,0.000000000000000000e+00,1.894237288135592889e-01,5.090677966101694318e-01,1.168389830508474309e-01,1.381864406779660936e-01
1.240857238563956161e-01,5.128903580293722037e-02,2.516334576294894654e-01,2.320976111334017988e-01,1.749630976614408306e-01,1.659310739163350756e-01
1.304939425236479461e-02,0.000000000000000000e+00,1.262151838554730343e-01,6.535516975688127062e-01,2.465614190396564140e-02,1.825275824193839380e-01
5.541273032190955489e-02,0.000000000000000000e+00,1.931594066290632239e-01,3.755123671426873200e-01,1.934492094956374586e-01,1.824662864107023663e-01
9.715055859900234569e-02,6.098875436547737325e-03,1.095426189313773169e-01,2.302628132082821522e-01,3.884418019262273480e-01,1.685033318985631190e-01
1.764829005662988393e-01,1.645871367605846944e-02,2.922985685547170864e-01,2.346872565322046245e-01,1.361117248276102754e-01,1.439608358431107848e-01
1.769803217824032215e-01,1.654366644302989256e-02,2.790077800141455011e-01,2.108131105692919172e-01,1.557348286087792688e-01,1.609202925823501606e-01
1.552452783394635272e-01,0.000000000000000000e+00,2.605928601572453651e-01,2.860577259626827518e-01,1.012994441811021495e-01,1.968046913595062342e-01
1.678223158179569796e-01,3.441358955165715189e-02,2.824308485528527757e-01,1.807871551618913941e-01,2.211375705338143316e-01,1.134085203818274851e-01
4.839314526597576077e-02,1.204636234088666755e-02,2.316963178208853447e-01,3.746564844391537252e-01,5.462402233884817299e-02,2.785836677942502559e-01
1.421453954534902288e-02,0.000000000000000000e+00,1.724084358649261572e-01,2.964338648904444873e-01,3.937713173449525761e-01,1.231718423543277374e-01
1.466342801051598484e-02,0.000000000000000000e+00,1.537159895050698166e-01,6.460882174145312629e-01,4.638506498803925127e-02,1.391473000818436168e-01
1.810414734813360071e-01,1.654393716249386373e-02,3.020364006618302399e-01,1.962362952053673670e-01,1.960253822796778345e-01,1.081165112092947050e-01
3.840608300863104785e-02,0.000000000000000000e+00,1.605371724264578748e-01,4.557165480889687759e-01,1.967577651270657202e-01,1.485824313488766368e-01
9.820102369165938094e-02,1.003182157497687667e-03,3.679920560711946731e-01,1.283404373492041950e-01,2.945814150791972175e-01,1.098818856512467357e-01
2.060766891142044518e-02,0.000000000000000000e+00,1.693858187822719352e-01,5.508459900534887765e-01,1.566490159588090625e-01,1.025115062940099159e-01
3.678394639910664843e-02,0.000000000000000000e+00,1.586859780996350000e-01,4.317738628977149662e-01,1.904198403306721910e-01,1.823363722728711944e-01
1.764829005662988393e-01,1.645871367605846944e-02,2.922985685547170864e-01,2.346872565322046245e-01,1.361117248276102754e-01,1.439608358431107848e-01
1.754618124190940875e-01,0.000000000000000000e+00,3.202900853603503628e-01,1.422990302945557062e-01,2.903234964480856384e-01,7.162557547791413570e-02
3.454602836272939459e-02,0.000000000000000000e+00,1.677209398458437140e-01,4.515128581030659061e-01,1.941530248109119006e-01,1.520671488774490709e-01
1.252224498244595419e-01,5.858159002564558571e-02,2.472663537583939808e-01,2.087775609284020784e-01,1.851341688306800959e-01,1.750178766324188007e-01
1.796382377259228280e-01,0.000000000000000000e+00,3.357863927526112957e-01,1.704432828970983138e-01,1.876635100119468658e-01,1.264685766124207800e-01
2.079421916836026937e-02,3.035581792961063174e-02,1.400916158585760740e-01,3.747701538759314888e-01,1.727346043420755484e-01,2.612535888254459704e-01
1.584110728564402104e-01,6.808288315499671541e-03,2.680926792532923875e-01,1.736684959519664562e-01,2.263878316132336699e-01,1.666316320095675152e-01
5.386340296394876576e-02,6.031939567138862313e-02,2.729806031747252781e-01,2.759710913070068106e-01,7.375062982949409651e-02,2.631148770534365022e-01
1.020020289966739740e-01,3.937198918997785596e-02,2.666455734074110739e-01,2.543912641119231988e-01,2.188395592601730388e-01,1.187495850338407266e-01
1.485759253683702763e-01,8.146563725967359559e-02,2.709363815612244597e-01,2.326287003981953039e-01,1.541767498296520711e-01,1.122166055828841547e-01
2.212221320327343449e-02,0.000000000000000000e+00,3.044843162747674636e-01,4.410383920284112746e-01,1.761698260263907245e-01,5.618525246715717902e-02
7.023450390839847124e-02,4.661744362406040204e-02,1.536692278204636608e-01,4.019566992783212833e-01,2.112035200586676320e-01,1.163186053100884881e-01
6.089779202844489842e-02,1.609549357926316066e-02,2.809679518722519864e-01,4.368085207701708494e-01,6.651216685979141618e-02,1.387180748900776195e-01
2.083143636856468750e-01,2.878474077154052554e-02,3.415694499635519299e-01,1.515027908408839163e-01,1.517396373091083328e-01,1.180890174292684308e-01
1.764829005662988393e-01,1.645871367605846944e-02,2.922985685547170864e-01,2.346872565322046245e-01,1.361117248276102754e-01,1.439608358431107848e-01
1.771634761196696772e-01,1.657434108387337637e-02,2.889427340941245759e-01,2.363360050100085374e-01,1.360112397312038535e-01,1.449722039611199831e-01
1.253105936473502269e-01,1.166601278530382535e-02,2.253717507865808101e-01,1.334552629756987074e-01,8.865092735762697407e-02,4.155454524474395117e-01
5.345089084818080427e-02,1.160019333655560973e-02,2.072367872797880040e-01,4.367739462324372046e-01,1.804530075501258324e-01,1.104851747529125433e-01
1.630615572684842307e-01,2.293882232412719144e-02,2.900965104010416185e-01,2.989230590266510612e-01,1.026940871307900627e-01,1.222859638489058182e-01
1.767653163477100331e-01,1.650669513023921356e-02,2.909060110248722908e-01,2.353714312537373843e-01,1.360700269193012846e-01,1.443805193241398110e-01
8.050732604877576526e-02,2.270946173186224465e-02,2.918893200582526326e-01,2.822814303781945311e-01,1.406267680911746643e-01,1.819856936917401413e-01
1.587990612001262680e-01,0.000000000000000000e+00,3.785732367031998113e-01,2.085735804714625441e-01,1.535487822790585766e-01,1.005053393461527445e-01
1.384980160463248830e-02,4.548936791694618842e-02,2.258564779949598644e-01,3.525245869831478696e-01,2.029307715547248037e-01,1.593489939455888516e-01
1.764829005662988393e-01,1.645871367605846944e-02,2.922985685547170864e-01,2.346872565322046245e-01,1.361117248276102754e-01,1.439608358431107848e-01
1.363414356059039663e-02,7.936122089288379089e-03,1.834081587210576736e-01,5.868669722889716667e-01,2.576099486825120591e-02,1.823936084718406070e-01
1.732549904792614892e-01,0.000000000000000000e+00,3.607859864525911897e-01,1.566584963151782528e-01,2.214607445564437949e-01,8.783978219652517627e-02
1.235160000000000147e-01,0.000000000000000000e+00,2.953999999999999959e-01,3.102960000000000163e-01,1.483580000000000176e-01,1.224299999999999833e-01
4.248943582582385969e-02,2.010284159920868938e-02,2.566857949131955974e-01,2.991915952084833741e-01,2.398231182678390860e-01,1.417072141854494594e-01
5.640918414741181997e-02,0.000000000000000000e+00,1.914205643315113059e-01,2.649219254907859700e-01,2.635905183314353195e-01,2.236578076988557096e-01
1.553805400984906333e-02,0.000000000000000000e+00,1.748364415367384128e-01,1.531693896780387254e-01,5.165069601237355368e-01,1.399491546516382356e-01
6.281999999999999806e-01,0.000000000000000000e+00,0.000000000000000000e+00,0.000000000000000000e+00,1.794999999999999929e-01,1.922999999999999987e-01
4.725713674033927419e-02,1.176357910274539696e-02,2.781490673081798426e-01,2.543071150498317778e-01,1.385262849512949590e-01,2.699968168476086783e-01
1.805173119499897394e-01,1.645844573852536449e-02,3.044545014790972504e-01,1.952222366927756636e-01,1.957896891104950465e-01,1.075578150291168072e-01
1.545844422373687244e-01,3.388644065100148046e-03,2.304891602026368225e-01,3.787485880649729131e-01,7.857290584751329410e-02,1.542162595824081717e-01
8.821758791658250443e-02,5.419097543755788116e-02,2.864251556528017439e-01,2.929492730869155404e-01,2.007376132770390120e-01,7.747939462910331809e-02
1.764829005662988393e-01,1.645871367605846944e-02,2.922985685547170864e-01,2.346872565322046245e-01,1.361117248276102754e-01,1.439608358431107848e-01
4.703332379829439081e-02,8.058270716034912629e-02,1.620363587314212206e-01,1.442558367229234140e-01,3.148365205945212741e-01,2.512552529924905742e-01
4.905349216652922506e-02,1.221074053930770384e-02,2.103071983719012605e-01,4.189248934191827645e-01,5.536939244548148148e-02,2.541342830575974432e-01
1.831328488156413192e-01,1.630650421452972329e-02,3.303526785570276014e-01,1.547585637373023737e-01,2.124490724163626276e-01,1.030003322591363096e-01
5.018551615028988416e-02,1.249253191723954069e-02,2.148397535340378084e-01,4.151638619154703336e-01,5.664717059024137330e-02,2.506711658927211483e-01
7.468799445323473507e-02,5.443874557769916300e-02,1.893722555067645918e-01,4.680105424096429045e-01,1.124753328948070313e-01,1.010151291578516991e-01
1.764829005662988393e-01,1.645871367605846944e-02,2.922985685547170864e-01,2.346872565322046245e-01,1.361117248276102754e-01,1.439608358431107848e-01
6.669640989003007558e-02,4.575579359455803422e-03,2.600128760528069294e-01,3.471203632409330386e-01,1.724545424496145285e-01,1.491402290071597025e-01
4.722546252121685717e-02,1.175569453317844466e-02,2.023916221641277324e-01,3.636353643506579636e-01,5.330599417630915715e-02,3.216858622545100133e-01
5.715447981287501145e-02,0.000000000000000000e+00,2.011763110613919159e-01,4.834485914776771587e-01,2.549238957252787999e-02,2.327282280755279820e-01
1.155019250320838686e-01,3.216720278671311023e-02,2.206703445057417723e-01,2.489374822913714980e-01,2.341872364539408780e-01,1.485358089301488382e-01
1.690512176551473289e-01,0.000000000000000000e+00,4.138777458322442926e-01,1.526529313499323803e-01,1.474959373615009617e-01,1.169221678011750226e-01
0.000000000000000000e+00,0.000000000000000000e+00,3.309999999999999748e-02,4.966999999999999749e-01,9.270000000000000462e-02,3.775000000000000022e-01
5.189961012000202101e-02,1.174703370521021188e-02,2.368402842242063322e-01,3.027802156998430361e-01,1.364326824081418810e-01,2.603001738425965161e-01
1.755872694310212367e-01,1.630676722775279558e-02,2.794215371910424017e-01,2.997638663974142026e-01,1.247249946773163337e-01,1.041955650754530643e-01
1.734678107061880525e-01,0.000000000000000000e+00,3.598560677550678988e-01,1.570145150468834350e-01,2.216222014942334229e-01,8.803940499762719085e-02
4.247101082186144350e-02,2.010757923763338909e-02,2.562425303581001845e-01,2.822274574609529019e-01,2.397007061014576335e-01,1.592507160199944927e-01
3.225851118824310526e-02,3.254006351081899229e-02,1.896508751200058629e-01,4.398462693547989799e-01,1.937403072151244188e-01,1.119639736110085299e-01
4.725756282202069058e-02,0.000000000000000000e+00,2.490298333701499167e-01,4.261509161358113529e-01,1.524385511382293223e-01,1.251231365337886481e-01
2.049657447013250935e-02,0.000000000000000000e+00,1.446986835625510559e-01,5.631982429890318720e-01,1.558045325297976458e-01,1.158019664484868372e-01
5.164999999999999453e-02,1.261666666666666492e-02,2.713166666666666504e-01,4.128666666666666041e-01,1.324000000000000177e-01,1.191499999999999920e-01
3.678394639910665537e-02,0.000000000000000000e+00,1.586859780996350000e-01,4.317738628977149662e-01,1.904198403306721632e-01,1.823363722728712222e-01
1.148420671572088353e-01,0.000000000000000000e+00,1.506327113888049907e-01,4.842927172689108772e-01,7.472134498420970883e-02,1.755111592008656296e-01
9.546343939333903905e-02,6.089063234103735817e-02,1.597994652658670522e-01,4.002581214869156412e-01,1.156659741916250261e-01,1.679223673212160151e-01
1.229195262511875025e-01,5.216204751359293686e-03,3.319467540657848326e-01,2.253000446780679400e-01,1.537554577405155776e-01,1.608620125130848788e-01
3.516286559341743473e-02,6.007700009871807731e-03,2.368233805427955863e-01,4.616480277538817512e-01,1.223924646057238663e-01,1.379655614943096353e-01
1.584110728564402659e-01,0.000000000000000000e+00,2.238796222787765855e-01,4.380815157829430206e-01,7.671977648569057451e-02,1.029080125961497338e-01
4.123650695608693795e-02,1.520632959792934946e-02,1.838907026677255030e-01,3.491543868937321826e-01,2.060707667872584692e-01,2.044413070972675439e-01
7.080651581981178833e-02,1.462397095587649604e-02,2.280473240871960516e-01,3.153293737360869931e-01,2.400585977930287385e-01,1.311342176079998700e-01
2.164993908980162862e-01,5.567601229113255945e-02,2.740345279005072521e-01,2.056764668448516908e-01,1.628711431116929009e-01,8.524245895379914395e-02
9.546343939333903905e-02,6.089063234103735817e-02,1.597994652658670522e-01,4.002581214869156412e-01,1.156659741916250261e-01,1.679223673212160151e-01
7.117588482506034819e-02,1.174703370521021188e-02,2.023207142736586361e-01,2.847495316376648100e-01,5.326672180121182903e-02,3.767401137571941838e-01
1.090264282068045265e-01,2.753423308048467619e-02,2.196812972598609082e-01,3.630184218303614818e-01,1.607678598615452092e-01,1.199717597609430697e-01
6.106457183368721453e-02,0.000000000000000000e+00,2.116036079795564628e-01,4.624978347479645757e-01,1.049517751495139678e-01,1.598822102892776542e-01
1.585901561846579100e-01,0.000000000000000000e+00,3.053910071092201806e-01,2.996072655866470202e-01,1.224204076437753613e-01,1.139911634756995557e-01
5.136752279204653132e-02,3.491724862081034553e-02,1.283188053134218798e-01,4.805580093001549091e-01,6.475107918465307366e-02,2.400873347889131426e-01
1.148420671572088353e-01,0.000000000000000000e+00,2.194979509631173054e-01,4.729525131452366193e-01,1.006418115526079432e-01,9.206565718182928293e-02
1.545869015800286905e-01,0.000000000000000000e+00,3.677907780141456695e-01,2.374202258222876394e-01,7.518545791741666762e-02,1.650166366661212081e-01
9.537062598241095868e-02,5.198961109201844649e-02,2.536979498245041098e-01,2.543071150498317778e-01,9.435652433562258246e-02,2.502781737156120623e-01
2.164993908980162862e-01,5.567601229113255945e-02,2.740345279005072521e-01,2.056764668448516908e-01,1.628711431116929009e-01,8.524245895379914395e-02
5.189961012000202101e-02,1.174703370521021188e-02,2.368402842242063322e-01,3.027802156998430361e-01,1.364326824081418810e-01,2.603001738425965161e-01
1.764829005662988393e-01,1.645871367605846944e-02,2.922985685547170864e-01,2.346872565322046245e-01,1.361117248276102754e-01,1.439608358431107848e-01
1.024850414173569535e-01,1.007683461391022800e-01,1.527692128202136346e-01,3.284388073134551500e-01,1.297021617026950235e-01,1.858364306071767780e-01
4.649240097829534374e-02,5.425625100510392956e-02,1.930864664377558992e-01,4.131655910092458805e-01,1.591770653860872242e-01,1.338222251835117782e-01
1.757817039781833790e-01,0.000000000000000000e+00,3.539607506087952826e-01,1.555975383318062566e-01,2.066903968453457086e-01,1.079696102358693177e-01
2.049657447013251282e-02,0.000000000000000000e+00,1.684726721774520708e-01,5.530490140398610643e-01,1.558045325297976735e-01,1.021772067827566993e-01
1.761088903123623206e-01,1.639517064113063874e-02,2.941427671783062303e-01,2.337811869065670456e-01,1.361669464062251200e-01,1.434050385554087315e-01
1.755901015842497859e-01,1.630703024946046631e-02,2.967008506753465724e-01,2.325243798973512521e-01,1.362435441257593138e-01,1.426340934678327343e-01
4.218473949131637535e-02,1.723390779692656263e-02,2.099736657888596203e-01,3.387946264875495439e-01,2.242074735824527432e-01,1.676055868528950887e-01
8.873077459742854944e-02,9.492311409700983360e-02,2.621301553634786119e-01,1.184267258587374944e-01,2.966812316928197357e-01,1.391079983905257611e-01
2.807246219390033964e-02,0.000000000000000000e+00,1.959175791682399581e-01,4.599059653551127447e-01,2.425883492902574101e-01,7.351564399248965154e-02
2.164993908980162862e-01,5.567601229113255945e-02,2.740345279005072521e-01,2.056764668448516908e-01,1.628711431116929009e-01,8.524245895379914395e-02
3.454602836272939459e-02,0.000000000000000000e+00,1.677209398458437140e-01,4.515128581030659061e-01,1.941530248109119006e-01,1.520671488774490709e-01
1.769832178766886643e-01,1.654393716249386373e-02,2.722867688503427530e-01,3.206512845688103686e-01,1.243513518427607906e-01,8.918343969890361878e-02
1.729827784690163295e-01,0.000000000000000000e+00,3.619754177471307122e-01,1.562031233647685202e-01,2.212542297987139250e-01,8.758445062037047146e-02
1.761088903123623206e-01,1.639517064113063874e-02,2.941427671783062303e-01,2.337811869065670456e-01,1.361669464062251200e-01,1.434050385554087315e-01
1.755901015842497859e-01,1.630703024946046631e-02,2.967008506753465724e-01,2.325243798973512521e-01,1.362435441257593138e-01,1.426340934678327343e-01
1.466342801051598484e-02,0.000000000000000000e+00,1.418262968002041990e-01,7.411741795243594888e-01,2.770577352740708627e-02,7.463032213751305544e-02
1.585901561846579100e-01,0.000000000000000000e+00,3.053910071092201806e-01,2.996072655866470202e-01,1.224204076437753613e-01,1.139911634756995557e-01
1.000534491973999601e-01,6.022517629614302509e-02,2.187330816048552729e-01,2.628114277832376278e-01,1.147088742909360415e-01,2.434679908274280380e-01
7.170822217771509466e-02,4.726545340489261317e-03,2.765967759322795483e-01,4.523912258070267312e-01,8.026213273380562729e-02,1.143150980086836965e-01
1.764829005662988393e-01,1.645871367605846944e-02,2.922985685547170864e-01,2.346872565322046245e-01,1.361117248276102754e-01,1.439608358431107848e-01
1.764829005662988393e-01,1.645871367605846944e-02,2.922985685547170864e-01,2.346872565322046245e-01,1.361117248276102754e-01,1.439608358431107848e-01
1.734678107061880525e-01,0.000000000000000000e+00,3.598560677550678988e-01,1.570145150468834350e-01,2.216222014942334229e-01,8.803940499762719085e-02
5.136666666666667158e-02,3.491666666666666530e-02,2.304333333333333234e-01,2.787666666666666626e-01,1.930166666666666697e-01,2.115000000000000213e-01
2.726999999999999980e-01,2.172000000000000042e-01,2.172000000000000042e-01,0.000000000000000000e+00,2.172000000000000042e-01,7.580000000000000626e-02
1.764829005662988393e-01,1.645871367605846944e-02,2.922985685547170864e-01,2.346872565322046245e-01,1.361117248276102754e-01,1.439608358431107848e-01
0.000000000000000000e+00,0.000000000000000000e+00,0.000000000000000000e+00,1.000000000000000000e+00,0.000000000000000000e+00,0.000000000000000000e+00
1.724690448917253205e-01,1.608438335242459022e-02,2.940667103038236974e-01,2.617433953344606712e-01,1.216567573955890241e-01,1.339797087219767591e-01
2.153502691878365211e-02,0.000000000000000000e+00,1.860502325627907683e-01,5.888057360071700108e-01,1.147038933798667504e-01,8.890511113138893640e-02
1.288793936156914233e-01,0.000000000000000000e+00,2.122958737229677928e-01,4.256281464140822535e-01,1.282134618225621303e-01,1.049831244246962753e-01
4.649999999999999967e-02,0.000000000000000000e+00,3.952999999999999847e-01,0.000000000000000000e+00,5.000000000000000000e-01,5.809999999999999887e-02
2.022779638325792606e-01,3.564088906303890247e-02,3.346353768068914269e-01,1.566533809252672049e-01,1.818126159441141587e-01,8.897977342810903245e-02
1.764829005662988393e-01,1.645871367605846944e-02,2.922985685547170864e-01,2.346872565322046245e-01,1.361117248276102754e-01,1.439608358431107848e-01
2.021085280467672662e-01,1.911478543407448341e-02,2.478840129246113744e-01,2.914267072568971773e-01,1.567445192533102605e-01,8.272144708433948335e-02
1.124844316362139385e-01,1.050401887814273079e-02,1.739903453416987988e-01,5.672274091515355776e-01,7.916975652962177090e-02,5.662403846278722674e-02
5.136837894596486126e-02,3.783459448648287399e-02,1.283209440314677097e-01,5.215007166905563096e-01,6.475215840528017464e-02,1.962232074402479876e-01
4.852021953591371950e-02,2.253619922289967770e-02,2.149025870976998542e-01,3.830342274866268548e-01,1.205664919326203816e-01,2.104402747242395399e-01
1.275382557622490587e-01,6.970772222628980608e-02,1.560338654347200871e-01,3.578371409029948991e-01,9.588718188652828323e-02,1.929958337872177410e-01
1.241842353162356805e-01,0.000000000000000000e+00,1.830092941672950002e-01,4.270576870383667178e-01,1.016178291209241802e-01,1.641309543571784491e-01
2.020305188139546460e-01,5.024236220796677449e-02,2.703316597399312293e-01,1.750941947780356445e-01,1.854276781171044497e-01,1.168735863430072214e-01
0.000000000000000000e+00,1.474000000000000032e-01,0.000000000000000000e+00,6.320000000000000617e-02,0.000000000000000000e+00,7.894999999999999796e-01
1.344473110403741553e-02,0.000000000000000000e+00,1.413442103713816178e-01,6.015243689102524050e-01,4.316426792195149353e-02,2.005224216923771341e-01
3.098130717887659716e-02,5.871938431727299207e-02,1.328023408460610733e-01,2.755177371443823242e-01,7.470154902996023472e-02,4.272776814834468029e-01
1.718636363636363573e-01,1.001254545454545453e-01,2.978236363636363460e-01,1.634927272727272340e-01,2.044600000000000029e-01,6.223454545454543824e-02
3.969275654019355226e-02,0.000000000000000000e+00,2.060258194984356805e-01,4.548936568733739638e-01,1.172353803002909450e-01,1.821523867877057890e-01
1.764829005662988393e-01,1.645871367605846944e-02,2.922985685547170864e-01,2.346872565322046245e-01,1.361117248276102754e-01,1.439608358431107848e-01
1.396537779329486313e-02,0.000000000000000000e+00,2.119403980132671117e-01,6.063868795626520258e-01,6.170907451301007457e-02,1.059982701177758363e-01
1.964879151443833794e-02,0.000000000000000000e+00,2.952644296176055727e-01,2.828156213590201085e-01,2.473877967725656435e-01,1.548833607363704068e-01
1.755901015842497859e-01,1.630703024946046631e-02,2.967008506753465724e-01,2.325243798973512521e-01,1.362435441257593138e-01,1.426340934678327343e-01
1.497848640720436109e-01,3.141138399839994797e-03,2.159026221454103389e-01,4.307000764129995107e-01,7.325904006810501912e-02,1.272122589016015937e-01
5.136752279204653826e-02,6.468441140685676771e-02,1.283188053134218798e-01,4.464074401240020751e-01,7.070117835297254349e-02,2.385206420107001957e-01
7.398430481872575459e-02,2.176308073018186698e-02,2.300547466906218974e-01,4.230970016440956938e-01,9.447617756233156472e-02,1.566246885540432954e-01
3.945047075058080027e-02,0.000000000000000000e+00,1.698544952750266346e-01,5.416876277314888188e-01,1.010235986654788587e-01,1.479838075774249362e-01
1.732271180881256034e-01,1.617629117324111826e-02,2.679468230428147524e-01,2.984613723047014888e-01,1.219221945995027923e-01,1.222662007916142518e-01
4.862693264230683043e-02,1.210455834014504545e-02,2.082971008191446816e-01,3.984982347519087642e-01,5.488791109410598446e-02,2.775852623523887841e-01
1.764829005662988393e-01,1.645871367605846944e-02,2.922985685547170864e-01,2.346872565322046245e-01,1.361117248276102754e-01,1.439608358431107848e-01
6.828596263228071950e-02,2.788654660838157592e-02,2.617596921467029158e-01,3.996742561055882104e-01,1.401352765447518023e-01,1.022582659622947171e-01
1.719082137371696350e-01,5.486508732208014022e-02,1.903675194170151574e-01,3.484652288630821215e-01,1.406871405384199358e-01,9.370681012223296136e-02
1.343482590423467071e-02,0.000000000000000000e+00,2.424682273118533571e-01,3.931998852301304970e-01,1.992544177960809404e-01,1.516426437577005348e-01
9.546343939333903905e-02,6.089063234103735817e-02,1.597994652658670522e-01,4.002581214869156412e-01,1.156659741916250261e-01,1.679223673212160151e-01
4.115177625711492759e-02,0.000000000000000000e+00,1.904422734295119490e-01,4.777393870499661577e-01,1.183695210728360342e-01,1.722970421905708482e-01
4.057049180327869375e-02,0.000000000000000000e+00,2.497229508196721071e-01,2.596065573770491297e-01,3.441967213114754398e-01,1.059032786885245880e-01
1.764800275353959891e-01,1.645844573852536449e-02,2.748586020205026625e-01,2.777749353476343663e-01,1.306721985525312046e-01,1.237557908054103123e-01
1.155019250320838686e-01,3.216720278671311023e-02,2.206703445057417723e-01,2.489374822913714980e-01,2.341872364539408780e-01,1.485358089301488382e-01
1.846196452271466337e-01,2.462078527662345251e-02,3.745726461932232243e-01,1.410267562363342331e-01,1.387687333852616056e-01,1.363914336814108508e-01
1.771634761196696772e-01,1.657434108387337637e-02,2.889427340941245759e-01,2.363360050100085374e-01,1.360112397312038535e-01,1.449722039611199831e-01
1.764800275353960168e-01,1.645844573852536796e-02,2.989032354090308541e-01,1.636076950268842423e-01,2.040270516660774858e-01,1.405235446240860331e-01
5.018551615028988416e-02,1.249253191723954069e-02,2.148397535340378084e-01,4.151638619154703336e-01,5.664717059024137330e-02,2.506711658927211483e-01
4.564972489346764278e-02,1.136345083185031322e-02,1.895867687635716392e-01,4.983693611324266359e-01,5.152737187545917974e-02,2.035033225032245041e-01
4.516502605674580645e-02,1.589534075384722162e-02,4.249322169766432400e-01,1.578243625331253730e-01,2.415349850724121117e-01,1.146480686072262195e-01
1.390417299865500181e-02,4.623879893098570282e-02,2.139827769917378997e-01,4.231095739663575661e-01,1.859237715942636815e-01,1.168409055180003320e-01
9.719925570631111900e-02,9.026882430883186731e-03,1.546784429833176489e-01,5.320860580649078297e-01,6.904359689568101421e-02,1.379657639188991147e-01
1.729827784690163295e-01,0.000000000000000000e+00,3.619754177471307122e-01,1.562031233647685202e-01,2.212542297987139250e-01,8.758445062037047146e-02
7.111653160760293690e-02,5.181910223017389960e-02,3.749083672791074240e-01,2.830712136371635879e-01,1.146389010649413037e-01,1.044458841810108896e-01
1.155019250320838686e-01,3.216720278671311023e-02,2.206703445057417168e-01,2.489374822913715257e-01,2.341872364539409057e-01,1.485358089301488382e-01
2.089074618599168209e-02,0.000000000000000000e+00,1.474813987165162765e-01,6.041931494968182381e-01,1.588008253989011409e-01,6.863388020177273174e-02
1.764829005662988393e-01,1.645871367605846944e-02,2.922985685547170864e-01,2.346872565322046245e-01,1.361117248276102754e-01,1.439608358431107848e-01
2.266868856692325074e-01,5.765712307768382228e-02,1.982934722290900786e-01,1.758097216041141497e-01,2.526045701538951471e-01,8.894822726598428098e-02
1.323224528603220707e-01,0.000000000000000000e+00,2.955474590918792943e-01,3.006058416930730837e-01,1.770523465730913515e-01,9.447189978163431090e-02
7.217918947778775851e-02,1.179681011542568249e-02,2.385125171613078077e-01,4.044136341293920189e-01,1.202308513703621851e-01,1.528669977457244866e-01
9.099938180694194800e-02,2.383679703267331876e-02,2.085628829615083779e-01,4.409830178730521633e-01,1.178225967744867958e-01,1.177953235513372610e-01
1.366547065185668569e-02,8.053786331095814238e-03,1.905011244828237471e-01,5.560413054301360791e-01,3.986506206115126433e-02,1.918732510429363713e-01
5.599377937601917460e-02,0.000000000000000000e+00,2.523577348601890313e-01,4.127979950324807690e-01,1.732631540277928262e-01,1.055873367035183030e-01
1.771634761196696772e-01,1.657434108387337637e-02,2.889427340941245759e-01,2.363360050100085374e-01,1.360112397312038535e-01,1.449722039611199831e-01
1.748222936025697061e-01,1.617658235696485189e-02,3.004868175254309381e-01,2.306643039149409713e-01,1.363569088487185943e-01,1.414930937513750597e-01
