1.102351960430845434e-01,1.107973909846719784e-01,2.024302638536010224e-01,2.194478969011487701e-01,2.004111681353816232e-01,1.566780840821122012e-01
3.627403205939604830e-02,2.720462142599185812e-02,1.821509235124009474e-01,2.811078459371552096e-01,1.382858103224141044e-01,3.349767667426418738e-01
7.817887336189834058e-02,5.203547460980539885e-02,2.425031384031244297e-01,1.869402907211291376e-01,1.765435678791281715e-01,2.637986550249145079e-01
9.548013116236718500e-02,5.735361187617812884e-02,2.106810617249056938e-01,2.106227443850901271e-01,2.443236386893920531e-01,1.815388121620667428e-01
2.873647145503023526e-02,1.601105016742823683e-02,1.126755510040080011e-01,3.900157279400185417e-01,1.515586019619502012e-01,3.010025974715648256e-01
9.651432453721153770e-02,7.567228631357947322e-02,4.958186394434400956e-02,3.910330091275790454e-01,1.208357479155462710e-01,2.663627681617395937e-01
1.712271318607846426e-01,8.361588402481180682e-02,2.381164125195485426e-01,8.534512719154752070e-02,2.605616224985256579e-01,1.611338219047816211e-01
4.541978911767531601e-02,2.634366816337582740e-02,1.308709211082959567e-01,5.218232223637990774e-01,4.647026442948572200e-02,2.290721348173680727e-01
6.480712619283986176e-02,9.665993499274291856e-02,1.981419482522745190e-01,1.999513170171927645e-01,2.077226798759972126e-01,2.327169936689527097e-01
7.915677127554522630e-02,4.226449580309167564e-02,1.565106750742251418e-01,2.690924304206290252e-01,1.888149509295529715e-01,2.641606764969560150e-01
5.998308221285508085e-02,3.129240785712619766e-02,1.933680359205277033e-01,3.900447159847764689e-01,1.566697388895663956e-01,1.686420191351482578e-01
2.649999999999999925e-02,4.420000000000000318e-02,2.477999999999999925e-01,2.649999999999999925e-02,5.574999999999999956e-01,9.729999999999999760e-02
1.237474340933340383e-01,1.147063390308885322e-01,1.195968399671211296e-01,1.054325725096037225e-01,2.443925752861715039e-01,2.921242391128811011e-01
1.222394154765679419e-01,6.559083446804052364e-02,1.459178891168735615e-01,8.659212649901981695e-02,3.552386446853985080e-01,2.244210897540995786e-01
8.149212124075316810e-02,4.762099829927629591e-02,2.094949633623023610e-01,3.075124826545952983e-01,2.260645687583024421e-01,1.278148656847703235e-01
3.943695267864267412e-02,2.929631906783011427e-02,4.353705587159333035e-02,4.790067417526091553e-01,1.358450610026964711e-01,2.728778696266283554e-01
3.025694279104862439e-02,9.769700061764549290e-03,9.772599726555643296e-02,4.265721741321368832e-01,1.209442722794229763e-01,3.147309134700705391e-01
3.077259425600551573e-02,1.717396283729673637e-02,9.248409808670858545e-02,5.006079405459125109e-01,1.489522253605673752e-01,2.100091789135091758e-01
8.735854428450308407e-02,3.901961694391071350e-02,2.239639837909213893e-01,1.997097066188838199e-01,1.811323984156271438e-01,2.688157499461538702e-01
5.719039627180714375e-02,6.813706172538429306e-02,2.110885291075701442e-01,2.658740278844561322e-01,2.393040121927524355e-01,1.584059728180298166e-01
1.629948619402035448e-01,1.281497578981181384e-01,2.392076547533080744e-01,1.118433508605518323e-01,2.635924120138647408e-01,9.421196253395364151e-02
3.306327698848066099e-02,7.083225151338327918e-02,2.044049167775528475e-01,3.017549363769571613e-01,1.314954955156178995e-01,2.584491228280080266e-01
5.600680126266739667e-02,5.963691664467252879e-02,4.741551417491982057e-02,4.232186810570975344e-01,1.256644246573832280e-01,2.880576622032595124e-01
1.507302024934238094e-01,8.860665394507477588e-02,2.144612244579580940e-01,9.244679697663675533e-02,2.898541900872708688e-01,1.639009320396355995e-01
4.435791619516256390e-02,2.503026612730101588e-02,1.853461802940842840e-01,3.127239329868638507e-01,1.669027824568869445e-01,2.656389219397013446e-01
1.533252645928661062e-01,7.079466577643270253e-02,2.322362563033727179e-01,8.794105118337133820e-02,3.005924103248252544e-01,1.551103518191319086e-01
1.603868135727399280e-01,8.569075088767880155e-02,2.062455619833045983e-01,8.606023220689347497e-02,2.769669558854671032e-01,1.846496854639161356e-01
8.460169915510053207e-02,5.977712996496761105e-02,4.613194546387153899e-02,4.155284042606730566e-01,1.058227241388377537e-01,2.881380970165495214e-01
1.266214247092126710e-01,6.354811624448901408e-02,2.170112305159943578e-01,1.023466087936489716e-01,4.269102075864570356e-01,6.356241215019803326e-02
1.118422345232741172e-01,4.393275261235567858e-02,2.417221410139233084e-01,8.652953881324293439e-02,3.629904379333241948e-01,1.529828951038798290e-01
8.414819072397977662e-02,5.113459661298577763e-02,1.111813084820742342e-01,3.736199606325866784e-01,1.524418224620537332e-01,2.274741210863197860e-01
1.529214885953217029e-01,9.570937600447404492e-02,2.412115080276785728e-01,9.864698750301399699e-02,3.487114022567759375e-01,6.279923761273555061e-02
7.475867190094065418e-02,3.528868733949246800e-02,1.243282704621156698e-01,2.991001526785186382e-01,2.766509670751841066e-01,1.898732505437484286e-01
1.028937833382354144e-01,6.964125842082750928e-02,6.639232504506058230e-02,3.969134996971983576e-01,1.315008423512924740e-01,2.326582911473855930e-01
1.757707431577611723e-01,1.034825350100719160e-01,2.810497547678419972e-01,3.739899277684283901e-02,3.233400207925578584e-01,7.895795349492430726e-02
6.171343688565696095e-02,1.229927756696703837e-02,2.178299399795457711e-02,4.611441966534107206e-01,1.072673722155134540e-01,3.357927226804972021e-01
5.674271158836342172e-02,4.335064432709864052e-02,5.139161478547302903e-02,4.685358637978331853e-01,1.956738691007229303e-01,1.843052964005088001e-01
1.332283373365311108e-01,5.118854376830024588e-02,1.115556352329312717e-01,2.740345280075950352e-01,2.855068968507845639e-01,1.444860588038577864e-01
1.448036420005174296e-01,6.917391964188637776e-02,2.533858984293519412e-01,8.721761866549393449e-02,2.895626255253130332e-01,1.558562957374372837e-01
9.174077471171152021e-02,1.012804110417302172e-01,2.594354883773383746e-01,1.380770834761995969e-01,1.678117680916209331e-01,2.416544743013994134e-01
4.804409459481610162e-02,6.080337143597026178e-02,1.516910416080058943e-01,3.014953966820946851e-01,2.567448624467430496e-01,1.812212332323699382e-01
7.731823876310300880e-02,2.848168987072512148e-02,2.631665707797307685e-01,1.444061781344340434e-01,2.954716924304676140e-01,1.911556300215394300e-01
4.155270713627356310e-02,2.457349424259839057e-02,1.685333933214412105e-01,2.869856059568283713e-01,1.795551726945743554e-01,2.987996266482840779e-01
1.246685966765236075e-01,7.005303453491261434e-02,9.822695345039052228e-02,2.802153645861190645e-01,1.861252968445464007e-01,2.407107539075079294e-01
3.263494580097421605e-02,4.306090098586017739e-02,2.809168247792876924e-02,6.396289066525107092e-01,6.445424752480803654e-02,1.921293165579180950e-01
1.285053245495234586e-01,3.884748597401985193e-02,3.283611130723910199e-01,1.737204267551477888e-01,1.503032901429857959e-01,1.802623595059320849e-01
1.352098285691749266e-02,6.264611861579132482e-03,2.520749843047215624e-02,5.444385365449895264e-01,8.227587067458079495e-02,3.282924996314608990e-01
7.601678577625091415e-02,2.051904113007152822e-02,1.113216262823834568e-01,3.966051009163973351e-01,1.929781584232653779e-01,2.025592874716313496e-01
8.175896877931192186e-02,6.409257727625722323e-02,7.306865133639023346e-02,2.985163750909953229e-01,1.250381377774993641e-01,3.575252897395458929e-01
1.358201210382607022e-02,5.578229344697127612e-02,1.054592976423972678e-01,2.881980991143833215e-01,1.144870034253109986e-01,4.224912942671110172e-01
7.445931408376604832e-02,3.813588653623565389e-02,1.664338165501903499e-01,2.648112374588296736e-01,2.040792442656375882e-01,2.520805011053406375e-01
6.735525321262254839e-02,3.397049960527783602e-02,1.192843627171177590e-01,5.119603247313296857e-01,9.619806700180114079e-02,1.712314927318510094e-01
1.107671294667087747e-01,7.183538978166122135e-02,2.771886274694220220e-01,2.545119383491253884e-01,1.544109740157997290e-01,1.312859409172829062e-01
3.912869543954552304e-02,1.749519893768777812e-02,1.201833484462720147e-01,4.311853923090054885e-01,1.240083627003336908e-01,2.679990021671555533e-01
6.789319304930262200e-02,8.163403452049676490e-02,1.251674057024083353e-01,3.681170889159751658e-01,1.173186479218346484e-01,2.398696298899825607e-01
9.525404599861453381e-02,9.404829901828212768e-02,1.994824314333177584e-01,2.511981118406374502e-01,2.256521989796047012e-01,1.343649127295434287e-01
1.387307312154743566e-01,6.446439472106932356e-02,2.664506992580193412e-01,8.714548174284894588e-02,2.562935298977497833e-01,1.869151631648383050e-01
9.964999149482284269e-02,1.033249942918175596e-01,2.513281455034920286e-01,2.257552075501309541e-01,1.717045987273558283e-01,1.482370624323808284e-01
1.067379522088094390e-01,7.958295873999345071e-02,1.784201670542064078e-01,2.281417012474961370e-01,2.157437732340306558e-01,1.913734475154638126e-01
1.404945808478719749e-01,7.264400012465357936e-02,1.381072439079562286e-01,1.954945127432249907e-01,2.617548146180512236e-01,1.915048477582420305e-01
2.048669712537975751e-01,9.425616634858659248e-02,1.333536887131956949e-01,2.404810622748241034e-01,1.734055539214950648e-01,1.536365574881009555e-01
8.275562606731005910e-02,2.213030396583900994e-02,7.011660480088975633e-02,3.844597788345749390e-01,2.185814422182945360e-01,2.219562441130918384e-01
6.165706607081593293e-02,7.169018653209116576e-02,2.241737408573931944e-01,1.499116580211177774e-01,2.760309598266691422e-01,2.165363886919127456e-01
8.538211062970868515e-02,1.060086448393634945e-01,2.050086993075113662e-01,1.963571727970755132e-01,2.002927659864153775e-01,2.069506064399255496e-01
6.340001618620522139e-02,5.147340696249271680e-02,1.067528724726882344e-01,3.583496096535415676e-01,1.904083285292693661e-01,2.296157661958029006e-01
0.000000000000000000e+00,0.000000000000000000e+00,4.328000000000000180e-01,5.672000000000000375e-01,0.000000000000000000e+00,0.000000000000000000e+00
8.142541167727398999e-02,1.301405642192008383e-01,5.889802945289662750e-02,2.867024055674589067e-01,1.501375368568046986e-01,2.926960522263649667e-01
8.975140104539332253e-02,4.232288108020660494e-02,1.924408861621806910e-01,1.889973192571461624e-01,3.248244622765086853e-01,1.616630501785644713e-01
1.547258132328962754e-01,7.242432476902165017e-02,2.145384287651795341e-01,1.363713713222918511e-01,2.426785587040809766e-01,1.792615032065298375e-01
1.864658084520843737e-02,0.000000000000000000e+00,1.030482456115039691e-01,3.915935221513658915e-01,1.104142796404813803e-01,3.762973717514402905e-01
1.206424992624921949e-01,6.039322634153802827e-02,1.739573136962022648e-01,1.923934358057125538e-01,2.721290438289587499e-01,1.804844810650961251e-01
9.754986802188587991e-02,6.423402635533274896e-02,1.467834929929323073e-01,3.283454505108210908e-01,1.341629925583325555e-01,2.289241695606953342e-01
6.289649790706493271e-02,3.209629597116173821e-02,2.641223893239290077e-01,2.351538082944792662e-01,2.464743820255688722e-01,1.592566264777962592e-01
7.718598537121519609e-02,5.176991074920082869e-02,5.408767076660585260e-02,4.389923860848040649e-01,1.103072802299323307e-01,2.676567667982416854e-01
8.902298447512685398e-02,1.026139604732391880e-01,2.589527342252621600e-01,1.761563401514993354e-01,1.945506129474230683e-01,1.787033677274492971e-01
5.303545115115760461e-02,4.727500627811762751e-02,9.206225992472226449e-02,3.843067427065907093e-01,1.298857339509902620e-01,2.934348059884215876e-01
1.398937339568070426e-01,6.466249769770293643e-02,2.276161784304579494e-01,7.722764852077979025e-02,2.714440317408173819e-01,2.191559096534349271e-01
9.223396767147529207e-02,5.088663900052232264e-02,3.168554308045306023e-01,1.124881020413963095e-01,2.737355729761057899e-01,1.538002875059696073e-01
8.958970076591267484e-02,6.180587647111000782e-02,1.635182472146766708e-01,3.586033770715719715e-01,1.091991451393345136e-01,2.172836533373942447e-01
3.026885608696036623e-02,9.758615746845880276e-03,9.737748655210269610e-02,4.269155571485560019e-01,1.209918419260698208e-01,3.146876425394652954e-01
3.677986946402642815e-02,1.501261740405351874e-02,1.126510233544550516e-01,4.209957481296450754e-01,1.437429201430738823e-01,2.708178215047460924e-01
7.989404155085702564e-02,5.163163085369119193e-02,1.925938622039922998e-01,3.286881429985328285e-01,1.687060139885666610e-01,1.784863084043600001e-01
8.014527092045774237e-02,4.082656249711496405e-02,2.049913503644631430e-01,2.383000200923925394e-01,2.107791874711025248e-01,2.249576086544690101e-01
1.106059409561544471e-01,4.130003174988335773e-02,3.934122689673902884e-01,2.028520059719448043e-01,1.518714286669466118e-01,9.995832368768046983e-02
1.160665157254079233e-01,5.612118126765933135e-02,2.199772109609124948e-01,2.116996546826450387e-01,2.305951980755143738e-01,1.655402392878607687e-01
1.580576363890151270e-01,7.579765984211161989e-02,1.976197841506421027e-01,8.585776303669352683e-02,3.285327365116202936e-01,1.541344200699173439e-01
4.456730722290722091e-02,9.686907386601441641e-03,4.434888426043451931e-02,4.233171624745111772e-01,1.226235880134144557e-01,3.554561506421311523e-01
8.888329871787574443e-02,7.545200752901783103e-02,5.648455166048891446e-02,3.416251673216774698e-01,1.876120644660020376e-01,2.499429103049381484e-01
9.926960982983580595e-02,6.264779197723832627e-02,1.939015299484161681e-01,3.058630315104023945e-01,1.671669375195425356e-01,1.711510992145649501e-01
1.719284545927910746e-01,1.007569354299009262e-01,2.616536405638492657e-01,3.972329206734668411e-02,3.341967276396387576e-01,9.174094970647328484e-02
1.134882316426804039e-01,3.944662055652329441e-02,1.165773343487051389e-01,3.388853588836858721e-01,1.364750724889180200e-01,2.551273820794873748e-01
1.065329209142401173e-01,9.327973807342561374e-02,1.612154093302220759e-01,1.417154577828077522e-01,2.471861085540118519e-01,2.500703653452925890e-01
6.563753842705580266e-02,2.090554177788312568e-02,1.257732660790909784e-01,3.596884079593596351e-01,1.731431831902217056e-01,2.548520625663887595e-01
1.439102138345613457e-01,1.165580236830001115e-01,2.043098647163207604e-01,2.105566213004966825e-01,2.034155023327985923e-01,1.212497741328226186e-01
1.824447216491381640e-01,1.567751604632967866e-01,1.942196189028828901e-01,8.417295702403332358e-02,2.180245947120116878e-01,1.643629472486370924e-01
2.025116811801509417e-02,9.878832428659787071e-03,1.964609066629128542e-01,3.435982155777339009e-01,1.529629155836584875e-01,2.768479616290199785e-01
1.399909566901979541e-01,2.761675239252579794e-02,2.989766384426196799e-01,1.448761640243032556e-01,1.775231471467736133e-01,2.110163413035796576e-01
1.302965867708787973e-01,6.306808070689171042e-02,1.636474956599188180e-01,2.415900286229578087e-01,1.998671899355335679e-01,2.015306183038192978e-01
4.047478173195229179e-02,7.071413774871981861e-02,1.704140330391300251e-01,1.738817927567206378e-01,3.241657543735473324e-01,2.203495003499298388e-01
7.296919963143894128e-02,2.414055060847349055e-02,1.038450392317468440e-01,4.285041650360302268e-01,8.510126624035573017e-02,2.854397792519549060e-01
1.192571298421135351e-01,8.414735380813488652e-02,1.526057424067458479e-01,1.644562152783147768e-01,2.738369650910458808e-01,2.056965935736450868e-01
1.161771158506233886e-01,2.775904780358684140e-02,1.250415794658581159e-01,3.202179096754871335e-01,1.343509544337207207e-01,2.764533927707237271e-01
1.023290891141645648e-01,6.392736672519420960e-02,3.049252447853575410e-01,1.460386461452890805e-01,2.145932049638372974e-01,1.681864482661571958e-01
7.863287893580243881e-02,2.204001508410934063e-02,7.041510220594754399e-02,4.346918547115142806e-01,1.648009419317719992e-01,2.294192071308543690e-01
4.208364035945304921e-02,6.707892971448288499e-02,4.210916999883673045e-02,4.118668735711070727e-01,1.425009583624900489e-01,2.943604279936301027e-01
1.262915423831197648e-01,1.092083130315159717e-01,2.487522870251674678e-01,2.043080027804574372e-01,1.880987475690762689e-01,1.233411072106629369e-01
1.365092764921102264e-01,7.336605954234515226e-02,3.029129515091760205e-01,1.379554777093640154e-02,4.018810392274567156e-01,7.153512545797555133e-02
7.549945295085835895e-02,2.110848273639885642e-02,1.190242142891842214e-01,3.414668473881973254e-01,2.821547727909315961e-01,1.607462298444295723e-01
1.994504162989662599e-01,6.464331730017532085e-02,1.462370354674384365e-01,2.279446947349046404e-01,1.355928563979410528e-01,2.261316798005744144e-01
5.987704695402199656e-02,2.950452910197164449e-02,2.099445381835184643e-01,3.135895212705219759e-01,2.159916874290121469e-01,1.710926770609538794e-01
2.355505486767089235e-02,8.337748500541890262e-02,1.307181811779832281e-01,1.600603905939339822e-01,1.617817861514985189e-01,4.405071022034944273e-01
9.502405437598072935e-02,4.486959125917337060e-02,9.338532531036645989e-02,2.103500772536071595e-01,2.358123128661180068e-01,3.205586389347542808e-01
1.403857854882478440e-01,9.553854036806563865e-02,2.106246731046848009e-01,9.370957472854501979e-02,2.875177745887053660e-01,1.722236517217514140e-01
5.760728257804500346e-02,2.545736614075420554e-02,6.910137232650120920e-02,4.098466415065881718e-01,1.657155936614227443e-01,2.722717437866885581e-01
1.270775935329638284e-01,9.948559439566563578e-02,2.297661552028503473e-01,1.200484707397815876e-01,2.616029324597038408e-01,1.620192536690347462e-01
6.130488976583466781e-02,2.955122799542846471e-02,2.085796972143598993e-01,4.048291932084493450e-01,2.041236250352170267e-01,9.161136678071053752e-02
9.637231352494253500e-02,7.780269240716312928e-02,1.412612682630612349e-01,2.924675215174062926e-01,1.789227320601392002e-01,2.131734722272876359e-01
3.823313914177749184e-02,7.141934330409353826e-02,1.559777388631161110e-01,3.658295019589416497e-01,1.073112852544736567e-01,2.612289914775975386e-01
2.016257138757725775e-01,1.030799239064943834e-01,2.064465839217249632e-01,1.661874442644600269e-01,1.867411133549195801e-01,1.359192206766284550e-01
1.560776672996900816e-01,7.171405117789733663e-02,2.084442891686914823e-01,2.585706882665357864e-01,1.590620388498431848e-01,1.461312652373421561e-01
1.253088452318610602e-01,6.170156573104734060e-02,2.156864471182353971e-01,1.546474297368170547e-01,2.369290324976977835e-01,2.057266796843413292e-01
9.667994822655363862e-02,3.984702571164631252e-02,2.014651699891964742e-01,2.042340504843408455e-01,1.867122234736041386e-01,2.710615821146584725e-01
6.456511936637024385e-02,4.469195416540477223e-02,2.199535255202442752e-01,1.164541621681777495e-01,3.300007007216140820e-01,2.243345380581888704e-01
1.286804645071870645e-01,1.375387537354539058e-01,1.773682226154549291e-01,1.604710668340560975e-01,2.803623975866371132e-01,1.155790947212109038e-01
7.845800342236136649e-02,2.472211080346180603e-02,2.420403149227642325e-01,1.828420824992277038e-01,3.438986450695148411e-01,1.280388432826701783e-01
8.701637918893963264e-02,6.260182182263719641e-02,2.321061262525944968e-01,2.579908290963992545e-01,1.482654832284973911e-01,2.120193604109320284e-01
1.026375920269455844e-01,4.070354296856971976e-02,2.676694372075752448e-01,2.085921307331409791e-01,2.154985518085931195e-01,1.648987452551753385e-01
5.662823483658541157e-02,6.724519939040558836e-02,1.478582090534770743e-01,2.253282364659794368e-01,1.859431294273930224e-01,3.169969908261594527e-01
1.015413292658472050e-01,4.609354184358987333e-02,2.351664665054176429e-01,1.874807198470181679e-01,1.497134340793989937e-01,2.800045084587281519e-01
2.986695213064081630e-02,5.159596220939240141e-02,1.456497504974292312e-01,3.224091167292537641e-01,9.346689173045731602e-02,3.570113267028264259e-01
5.561302860333396797e-02,2.958925269843422357e-02,1.906657274104079369e-01,3.622248154863753622e-01,1.977046898087673754e-01,1.642024859926812519e-01
5.269510880690450594e-02,5.861980151214808699e-02,1.876292787683860319e-01,2.644144077525023562e-01,2.966921036754140983e-01,1.399492994846450178e-01
1.729286455730017491e-01,5.854061523786615456e-02,3.340972209196415021e-01,1.211086184229717005e-01,1.712002929702463039e-01,1.421246068762725967e-01
4.491159078474119687e-02,2.110377480682379750e-02,8.546687991873613832e-02,4.122476216339177602e-01,1.428728041389198677e-01,2.933973287168612498e-01
1.171328009648398144e-01,3.907645252974478040e-02,2.708092525585747423e-01,2.830248754053769911e-02,4.358903946004016317e-01,1.087886118059012419e-01
6.281999999999999806e-01,0.000000000000000000e+00,0.000000000000000000e+00,0.000000000000000000e+00,1.794999999999999929e-01,1.922999999999999987e-01
1.394884866962108894e-01,6.813992976305786875e-02,2.320787374484545584e-01,8.822193423753048325e-02,3.118110087998428037e-01,1.602599030549033132e-01
1.306480030905665946e-01,5.065456486964060173e-02,1.811586824500953652e-01,1.304371776627507584e-01,3.024024621809039415e-01,2.046991097460429121e-01
4.778904677716441091e-02,3.472338307829065523e-02,6.445213521187964645e-02,4.849758572232193976e-01,8.215323442227188966e-02,2.859063432871740695e-01
1.548087429670730319e-01,1.264753255785309727e-01,1.846981239104742156e-01,1.664785622381221852e-01,2.256580870831385310e-01,1.418811582226611745e-01
1.608402822077544536e-01,8.105963673020315230e-02,2.318076646057436185e-01,1.821207367045382108e-01,2.053400762536998492e-01,1.388316034980605906e-01
4.477610867380043408e-02,7.409766107169324378e-02,1.243349015090335213e-01,1.981086365021930418e-01,2.117934554709954287e-01,3.468892367722842818e-01
1.580740005281236760e-01,7.132936727836927671e-02,2.442321410425707107e-01,8.742556658366730515e-02,2.899337295856911911e-01,1.490051949815778543e-01
1.132004478325507602e-01,5.939859409833844056e-02,2.472119721573138584e-01,1.248202403590118609e-01,2.981133643390915799e-01,1.572553812136934515e-01
1.532853854552686523e-01,7.076774727466372816e-02,2.322088953824202051e-01,8.818066804518877311e-02,3.004293853610875975e-01,1.551279184813711409e-01
5.563735360791901424e-02,4.532968556273300059e-02,1.428366279233213298e-01,3.773557555016677223e-01,1.381132309751957055e-01,2.407273464291632414e-01
1.591338587745278754e-01,8.558518434985333545e-02,1.364414577718338628e-01,1.458800798218675976e-01,1.922979333463696872e-01,2.806614859355475722e-01
6.409337380191383604e-02,6.083687442612160240e-02,1.800057580483512831e-01,2.826810633100282355e-01,2.157557247519725774e-01,1.966272056616124586e-01
1.441482247053734178e-01,6.885836074737312906e-02,2.050432998141228369e-01,1.396974654022785090e-01,2.523789384576388128e-01,1.898737108732134193e-01
8.315056693704098167e-02,4.466596023784200065e-02,2.065597575808608699e-01,2.971539578964388362e-01,1.911472911775522199e-01,1.773224661702650640e-01
1.328314842078206770e-01,2.274752396685800898e-02,2.937028792075340178e-01,2.144174003488499847e-01,1.854461265196107878e-01,1.508545857493264475e-01
9.949210979168512936e-02,4.676247543457698330e-02,2.440209335423838000e-01,2.649038733929640621e-01,1.756624829512634656e-01,1.691581248871266430e-01
0.000000000000000000e+00,0.000000000000000000e+00,3.309999999999999748e-02,4.966999999999999749e-01,9.270000000000000462e-02,3.775000000000000022e-01
1.178635300919810835e-01,9.249774545357530853e-02,1.820111911768426127e-01,1.831749044030606122e-01,2.359829019071720546e-01,1.884697269673682174e-01
1.010817163925359363e-01,4.166123199230740287e-02,2.002055914539276060e-01,2.974630565279237082e-01,1.952130960595097331e-01,1.643753075737955094e-01
8.973023261464863065e-02,6.858762110156414737e-02,1.893946732856472692e-01,3.066090956039411175e-01,1.976768593106537908e-01,1.480015180835450583e-01
1.552131464639094627e-01,4.079595232457580017e-02,3.185471322000099081e-01,1.224763046721128734e-01,1.809520823453938942e-01,1.820153819939980822e-01
2.031905902697150879e-02,2.274190993057028862e-02,9.077622340313500071e-02,4.921105209188583185e-01,1.359622566300617563e-01,2.380900300904031375e-01
3.017249567945946495e-02,1.996773251187072135e-02,9.674818395290986361e-02,4.672721443396630203e-01,1.210489317956317812e-01,2.647905117204651382e-01
7.869593480737022140e-02,2.206336803146912925e-02,5.133633618383070391e-02,4.819557914430548373e-01,1.383714431597873884e-01,2.275771263744876816e-01
6.516577658562727748e-02,6.262866933645935830e-02,1.797609977350085875e-01,3.026436039975122227e-01,2.106239800513619864e-01,1.791769722940305121e-01
4.165096113654555982e-02,6.648567084137442518e-02,4.168825049199783445e-02,4.145139440510878237e-01,1.413995686313704037e-01,2.942616048476240365e-01
3.020590886510404055e-02,3.385045217823970387e-02,5.319218168292699778e-02,5.538368678606373496e-01,1.155984787591243373e-01,2.133161106539676055e-01
7.743814512776042713e-02,8.158801333494354602e-02,5.329482268713774118e-02,3.904965258183128451e-01,1.669885562005279933e-01,2.301939368313173639e-01
7.306585917487370962e-02,5.857743907904957442e-02,2.182785210955797695e-01,2.616840927241834147e-01,1.618183953702161948e-01,2.265756925560973578e-01
6.437159153028254588e-02,5.598265674366451755e-02,7.395716707134006307e-02,3.839532037266439324e-01,1.226421348506226833e-01,2.990932460774461954e-01
4.045806544787984571e-02,1.196074260902096724e-02,1.336933681995008949e-01,5.291004986996550308e-01,9.493012831182374989e-02,1.898571967321194542e-01
1.367969627257928922e-01,2.322507459550697539e-02,3.236010387275309874e-01,1.392297411960074782e-01,1.914171616660800546e-01,1.857300210890815151e-01
8.440802375325696938e-02,2.268854316480248615e-02,1.288194702527578062e-01,3.463957734641354147e-01,2.471799365092470779e-01,1.705082528558002630e-01
8.752999440006850596e-02,1.165535775006479730e-01,5.780208741351364893e-02,4.537412294047583616e-01,1.191948696127257679e-01,1.651782416682857357e-01
7.718598537121519609e-02,5.176991074920082869e-02,6.494661967549103521e-02,4.233790232371697493e-01,1.293166530338160092e-01,2.534018079331071260e-01
9.001457352512251542e-02,3.373443003034272414e-02,1.542087467182761684e-01,2.789515709744407879e-01,1.884479263730186038e-01,2.546427523787991309e-01
8.929545060071511497e-02,6.680069568645222167e-02,1.785795618486280545e-01,2.680661598553718550e-01,1.619796520702496967e-01,2.352784799385829739e-01
5.521990399458306248e-02,6.255896506939266979e-03,1.164384250816393601e-01,4.603677036239383069e-01,1.085811449835427517e-01,2.531369258093572605e-01
8.043415150366636790e-02,5.502567685287873545e-02,2.262465238616418739e-01,2.375046112867315318e-01,2.903396565656431449e-01,1.104493799294384571e-01
7.029516697734543296e-02,9.431876259198575252e-02,2.367911224026477898e-02,3.962998692788196609e-01,1.262490832140307218e-01,2.891580056975537327e-01
2.314631919247412198e-02,4.618740201659369410e-02,1.075106383235663182e-01,3.637681459793580818e-01,2.181540186117399416e-01,2.412334758762678943e-01
9.970678872389399094e-02,3.842042211412432379e-02,2.531964236572155635e-01,2.235185242291607977e-01,1.848837344152668982e-01,2.002741068603384744e-01
1.673138056562649134e-01,8.827895154228633523e-02,2.296851253765411771e-01,8.687781891569346104e-02,2.719649900522325692e-01,1.558793084569816412e-01
3.236229258690549726e-02,4.282465865624263124e-02,2.791691684736570186e-02,6.050483504735845175e-01,7.356076442226380796e-02,2.182870170136378962e-01
1.633218496879005055e-01,8.605941820586694713e-02,2.107309010434681718e-01,1.079124489346984517e-01,2.835174301634299510e-01,1.484579519646359314e-01
7.126858583727968544e-02,4.043554091193012068e-02,1.255014176313999363e-01,4.505205374065575086e-01,1.124150297360696077e-01,1.998588884767633078e-01
5.441118302735666740e-02,6.358666819188785180e-02,8.276547275003322268e-02,3.878449473941994463e-01,1.366112009854819065e-01,2.747805276510409400e-01
6.622008176627180998e-02,9.298625396041121371e-02,1.118466023678191673e-01,2.629094289241721283e-01,2.396274616735950824e-01,2.264101713077305844e-01
8.209187619234156741e-02,3.530266542305156990e-02,2.957015336275428674e-01,1.386218701992520119e-01,2.674145907684845613e-01,1.808674637893273873e-01
7.878430553127145630e-02,2.208814384497732528e-02,1.056503463861009767e-01,3.984492239107314537e-01,1.573536330013291518e-01,2.376743473255896189e-01
1.099998445220435606e-01,5.853267724411144457e-02,2.057133601844923776e-01,2.240709432032393922e-01,2.306078906180516475e-01,1.710752842280617025e-01
7.261096654779020110e-02,4.149640683652472406e-02,1.322028977223742574e-01,4.171502196107236271e-01,9.111048968546435478e-02,2.454290195971229049e-01
3.633565269417098759e-02,2.562962612068293497e-02,7.888311159150453167e-02,4.199818301353691608e-01,1.506059193151015330e-01,2.885638601431708139e-01
7.136792831029774298e-02,8.904518314094755915e-02,9.399703077060241052e-02,2.680533740893442651e-01,1.764063168450749619e-01,3.011301668437330603e-01
8.033229537710835644e-02,4.017387956235801000e-02,7.215656981953778859e-02,4.102931108252073633e-01,1.828299148882853997e-01,2.142142295275031305e-01
3.236229258690549726e-02,4.282465865624263124e-02,2.791691684736570186e-02,6.050483504735845175e-01,7.356076442226380796e-02,2.182870170136378962e-01
7.327703133692374526e-02,2.215689026672106737e-02,1.070851258619376078e-01,3.818218823315072119e-01,2.242559640652405928e-01,1.914031061376697818e-01
8.345290382476416857e-02,7.690050378420999755e-02,7.558946042605430016e-02,3.195793337480644647e-01,1.614545389652813079e-01,2.830232592516258028e-01
6.500990264390742179e-02,4.286798574832320630e-02,2.427421547601593677e-01,2.396034351505768878e-01,2.705351510104836432e-01,1.392413706865495149e-01
1.120305325700190896e-01,5.023207753139505294e-02,2.187695307617309737e-01,2.096030932560019322e-01,2.432689182770431113e-01,1.660958476038099096e-01
7.703551880797235296e-02,4.521002817267021079e-02,1.127899035725285493e-01,3.303503139466627547e-01,8.570076811733437494e-02,3.489134673828317990e-01
2.521447814522788378e-02,1.758909619045393932e-02,1.399198997312433856e-01,4.490726933923107622e-01,9.122214984059290321e-02,2.769816827001710946e-01
1.532387734612965929e-02,5.467919373083267309e-02,1.694324192403613427e-01,2.947854239995470471e-01,2.096578006026291463e-01,2.561212850805002494e-01
1.609472737051094449e-01,9.036274217398868047e-02,1.668059636273138968e-01,1.540821676413409724e-01,2.576328510194071386e-01,1.701690018328399223e-01
1.006049894536145406e-01,4.667116588140552552e-02,2.106841748233972134e-01,2.655530604338607326e-01,2.151867529492607067e-01,1.612998564584612604e-01
1.220704425444424090e-01,5.618252736242945050e-02,1.988804248701266375e-01,2.471277446886094575e-01,1.901002561268303193e-01,1.856386044075616915e-01
1.419283401337087802e-01,7.984682195660279536e-02,2.443462375616598237e-01,1.709571174772256119e-01,2.483805785770002161e-01,1.145409042938027311e-01
1.118360580892236167e-01,5.177721107974846831e-02,2.188593864577362269e-01,2.772371988454118696e-01,1.881920634977236328e-01,1.520980820301560676e-01
4.356942858988931133e-02,5.266538648724410770e-02,1.404211007977622105e-01,3.893864026919534038e-01,1.610344214635530680e-01,2.129232599695979611e-01
2.726999999999999980e-01,2.172000000000000042e-01,2.172000000000000042e-01,0.000000000000000000e+00,2.172000000000000042e-01,7.580000000000000626e-02
1.563280856962895038e-01,4.529093351465855732e-02,2.336561404012320597e-01,1.949667557798429873e-01,1.932088777499525178e-01,1.765492068580244434e-01
0.000000000000000000e+00,0.000000000000000000e+00,0.000000000000000000e+00,1.000000000000000000e+00,0.000000000000000000e+00,0.000000000000000000e+00
1.273498960795023116e-01,8.057949708230409402e-02,1.128704374035447155e-01,2.807640301389541237e-01,1.392518517684928625e-01,2.591842875272019064e-01
2.910514801081434677e-02,1.755424066806708303e-02,1.237937039312964199e-01,4.636203819865136744e-01,1.177729577086920609e-01,2.481535676946165780e-01
4.375709874345706796e-02,2.503033122619612028e-02,1.314516712749694005e-01,4.251260087694965217e-01,2.390760801682738357e-01,1.355588098176070400e-01
4.649999999999999967e-02,0.000000000000000000e+00,3.952999999999999847e-01,0.000000000000000000e+00,5.000000000000000000e-01,5.809999999999999887e-02
9.634208017915543709e-02,4.984487148423401293e-02,1.641346684185106819e-01,2.585820492310170193e-01,1.434750235361236248e-01,2.876213071509592378e-01
5.001869060600353661e-02,3.234467053087326099e-02,2.637887175730031508e-01,2.364930012473230869e-01,2.670264986803006502e-01,1.503284213624963006e-01
1.013083873596885565e-01,4.436593618157798347e-02,1.266346073043704279e-01,2.603328016371149745e-01,3.123919579669173774e-01,1.549663095503307220e-01
6.227718611668503490e-02,3.285955804495049176e-02,1.223640861558797643e-01,4.138166549845052056e-01,1.515695957549094974e-01,2.171129189430701101e-01
1.476011031745878832e-01,9.208358503887505153e-02,1.714812894336663618e-01,2.540101568247034036e-01,1.491910415179367178e-01,1.856328240102306237e-01
1.095327814977695019e-01,3.626770910556485067e-02,3.021272682944644017e-01,2.002382119377226211e-01,1.625717338590870753e-01,1.892622953053914869e-01
1.992673449819613307e-01,7.484313699749621518e-02,1.276791762768744176e-01,2.039926342448395991e-01,2.135596911725946012e-01,1.806580163262338501e-01
3.754788734947508977e-02,3.398711239681332513e-02,1.645239540770605524e-01,2.439806270482058892e-01,2.836886843388428669e-01,2.362717347896023390e-01
1.319746260142634631e-01,5.834543722553477835e-02,7.996429863236249880e-02,2.609339379818026994e-01,1.670817586939651045e-01,3.016999414520714073e-01
0.000000000000000000e+00,1.474000000000000032e-01,0.000000000000000000e+00,6.320000000000000617e-02,0.000000000000000000e+00,7.894999999999999796e-01
0.000000000000000000e+00,1.786852920955560092e-03,4.328211502837081559e-02,5.941101771926521335e-01,5.965626867647397941e-02,3.011645861815475667e-01
1.823359073554754739e-02,8.504348762245945992e-02,6.235939896112035336e-02,3.047737204943341549e-01,3.778453385803513809e-02,4.918052683285032978e-01
1.668732336864720278e-01,1.036546096074333345e-01,2.559299520871222700e-01,1.011708289691409940e-01,2.974819281825294426e-01,7.488944746730190338e-02
4.289416011089554337e-02,1.553078400687558577e-02,8.748189558339140859e-02,3.890444360502912091e-01,1.259811006639922071e-01,3.390676235845540010e-01
1.794573493143485077e-01,7.740381683540066560e-02,2.782988378377306282e-01,1.304883289680165981e-01,2.089586114654864712e-01,1.253930555790171431e-01
5.601329821762220801e-02,5.974494974714347068e-02,4.751482103755932246e-02,4.227446124604242739e-01,1.256143965645739602e-01,2.883679219726767995e-01
3.927799209233565070e-02,6.583876762244522673e-02,2.142697771616282887e-01,2.946341530527843977e-01,1.808025806080720832e-01,2.051767294627343530e-01
1.012675627534758427e-01,4.173782931014455300e-02,2.005736845368254473e-01,2.883788852208650777e-01,1.955720100630035652e-01,1.724700281156853476e-01
4.729037064507413124e-02,1.539500713135328984e-02,1.161967154331810942e-01,4.238263374622493473e-01,9.013598140768518119e-02,3.071555879204570516e-01
1.217062469497283972e-01,6.986597804313525450e-02,1.033048985273029713e-01,3.284589289627138919e-01,1.525793033142123223e-01,2.240846442029072183e-01
9.179312915613951906e-02,4.816452878029323786e-02,2.203856291339575391e-01,2.665739122853334475e-01,2.400154572528223618e-01,1.330673433914539294e-01
4.827113966750169044e-02,3.562493099786038370e-02,6.178839137364314227e-02,4.264038468081885469e-01,1.077275944553476306e-01,3.201840966974585645e-01
6.149250801707279585e-02,3.494869088396294898e-02,2.446564224058397907e-01,2.959185876493354295e-01,2.100973842152770166e-01,1.528864068285122058e-01
1.011848087039531469e-01,3.828320834628450020e-02,1.743273148783554272e-01,2.182745676031377091e-01,2.302559331474733906e-01,2.376741673207957983e-01
1.017091822518310235e-01,4.191984454524259884e-02,2.014483698510561860e-01,2.860605293363129298e-01,1.964248834869112004e-01,1.724371905286460338e-01
6.968396481747275717e-02,6.346379442763101786e-02,1.911299307278357396e-01,2.860540966372605021e-01,1.664839849403520478e-01,2.231842284494479078e-01
4.626691283974143643e-02,5.193619914917844277e-02,5.675320301701469033e-02,5.294880381511437584e-01,6.539141047212132518e-02,2.501642363708003747e-01
4.235284545039025988e-02,2.479348843331978525e-02,1.984450350127130169e-01,3.057248980491121815e-01,2.577294206663837683e-01,1.709543123880809534e-01
7.718598537121519609e-02,5.176991074920082869e-02,6.494661967549103521e-02,4.233790232371697493e-01,1.293166530338160092e-01,2.534018079331071260e-01
4.462675000109392331e-02,1.041219088035403445e-02,6.459868431299875535e-02,4.369581155973399356e-01,1.578134056033740906e-01,2.855908536048393231e-01
7.632203311825570824e-02,4.854456747010266887e-02,1.678400897723407170e-01,2.285292895681754199e-01,2.571838035589956162e-01,2.215802165121298350e-01
1.010554820406739940e-01,3.898085880612959381e-02,2.032080116300339634e-01,2.482329851858176284e-01,2.380861946768150494e-01,1.704364676605296669e-01
1.497134009256927134e-01,4.051303764163582954e-02,3.112433735022098191e-01,1.357350423562469210e-01,2.078816880861407423e-01,1.549134574880740023e-01
1.410920474268997360e-01,4.292722555778227117e-02,3.311018210005305940e-01,1.198335258245961377e-01,2.222523219092386593e-01,1.427930582809525673e-01
1.280937132496779707e-01,3.630450402720551695e-02,2.422878910127714835e-01,1.682556445807056600e-01,2.509816484768253031e-01,1.740765986528141351e-01
1.252311405029890856e-01,5.957257431907755918e-02,1.560502662853227029e-01,2.135643124250065916e-01,2.450061822667429223e-01,2.005755242008612216e-01
1.459703212423988927e-01,6.972155193888439351e-02,2.076648206795336793e-01,9.878377474193640595e-02,3.102852096751357314e-01,1.675743217221109249e-01
9.041096204861670538e-02,3.866746104250053107e-02,7.613405576357848425e-02,3.957196929699936527e-01,1.336860924085715996e-01,2.653817357667390131e-01
1.453336536364369103e-01,2.130202797412103499e-02,3.123834633023610530e-01,1.729914174151223061e-01,1.998732062511995589e-01,1.481162314207592479e-01
8.087967475300408826e-02,9.229806731494559491e-02,9.675070925405671041e-02,1.593609125864033638e-01,2.870531578030889874e-01,2.836574782885012969e-01
9.777112818347970247e-02,4.712483597805108143e-02,1.410579671492561971e-01,3.634788265640088722e-01,1.298482011613713294e-01,2.207190409638328799e-01
6.106490028854046070e-02,2.956647890011877486e-02,2.197202539458207871e-01,3.061466269843825527e-01,2.409672118035291466e-01,1.425345280776083301e-01
7.439530530828500354e-02,5.014973396968584046e-02,2.870893907821657765e-01,2.397908430852364881e-01,2.283107956514915382e-01,1.202639312031353463e-01
1.432798764611073195e-01,4.074964697835025546e-02,2.748229064968449320e-01,1.787886873595479209e-01,2.133806018856246878e-01,1.489782808185248497e-01
4.225184438179705598e-02,6.244717690055884285e-02,6.445978804195849621e-02,3.786513682347782406e-01,1.471888903021963402e-01,3.050009321387110450e-01
1.038010750819775840e-01,8.395548204553379690e-02,1.339135921825875541e-01,3.034874787223506565e-01,1.393830647791938215e-01,2.354593071883565036e-01
1.043902643978957406e-01,3.729043418126568032e-02,1.933165625510773478e-01,2.418000361960690459e-01,2.519212535501848538e-01,1.712814491235072623e-01
5.177771881446775748e-02,8.838340988958658107e-02,1.141634884470393713e-01,2.691286075537410727e-01,2.591015207598804659e-01,2.174452545352845712e-01
9.016141437407540482e-02,1.729773084396755978e-02,5.719748336840448089e-02,3.839115468904928385e-01,1.296730764321425422e-01,3.217587480909172015e-01
4.155270713627356310e-02,2.457349424259839057e-02,1.685333933214412105e-01,2.869856059568283713e-01,1.795551726945743554e-01,2.987996266482840779e-01
8.693738727443581227e-02,8.532041374126025923e-02,1.013643690899091454e-01,3.189496025615999875e-01,1.235765855104135891e-01,2.838516418223812621e-01
8.630540941235487207e-02,5.299587192547913772e-02,1.573839116565383667e-01,2.886367356788629435e-01,1.823420576195620701e-01,2.323360137072025822e-01
1.057782912018261356e-01,3.936758653229417704e-02,1.473643592751009701e-01,3.188426151955927046e-01,1.706574985268201616e-01,2.179896492683656983e-01
1.120305325700190896e-01,5.023207753139505294e-02,2.187695307617309737e-01,2.096030932560019322e-01,2.432689182770431113e-01,1.660958476038099096e-01
